  -60.808531123604965        121.15071349233015       -87.477658933540440     
  -59.284531123604964        121.08458619317493       -87.429911288022993     
  -57.760531123604963        121.01845889401970       -87.382163642505546     
  -56.236531123604962        120.95233159486448       -87.334415996988099     
  -50.124425607259965        120.68712356996441       -87.142920821424013     
  -50.111044188619957        120.68654294196341       -87.142501575207646     
  -50.091822669833171        120.68570950151498       -87.141899784122984     
  -50.065736674375970        120.68457953639140       -87.141083885472341     
  -50.031780398276318        120.68311057972042       -87.140023215775940     
  -49.988969342364513        120.68126166016765       -87.138688191419789     
  -49.936342989285613        120.67899356055069       -87.137050495398313     
  -49.872967417764968        120.67626908133879       -87.135083267600237     
  -49.797937846761812        120.67305330513477       -87.132761295846450     
  -49.710381102356642        120.66931385762648       -87.130061204474259     
  -49.609458000619540        120.66502112027190       -87.126961608275380     
  -49.494365639197881        120.66013729657482       -87.123435218505577     
  -49.364339591248715        120.65462502388112       -87.119455062634501     
  -49.218655995560539        120.64845599791686       -87.115000714676171     
  -49.056633536810686        120.64160436382353       -87.110053528439593     
  -48.877635310286067        120.63404689733427       -87.104596777555685     
  -48.681070563175211        120.62576322569848       -87.098615830441702     
  -48.466396299398212        120.61673622902306       -87.092098465180342     
  -48.233118768130822        120.60695215922239       -87.085034994994530     
  -47.980794816508229        120.59640074728274       -87.077418406548347     
  -47.709033099974143        120.58507534519370       -87.069244553767362     
  -47.417495146342603        120.57297313177496       -87.060512440643038     
  -47.105896281551097        120.56009507922917       -87.051224390415783     
  -46.774006406768642        120.54644586878902       -87.041386258383099     
  -46.421650608517304        120.53203408723631       -87.031007955289979     
  -46.048709640976668        120.51687186027641       -87.020103707007010     
  -45.655120240531126        120.50097465294405       -87.008692622657932     
  -45.240875256403683        120.48436154265727       -86.996799849517430     
  -44.806023737827971        120.46705343408034       -86.984456561723533     
  -44.350670928721776        120.44907021827952       -86.971699604036829     
  -43.874977981326303        120.43042997756002       -86.958573159896318     
  -43.379161519881876        120.41114823315844       -86.945131175889941     
  -42.863493134212646        120.39123561475498       -86.931439611878560     
  -42.328298689459935        120.37069623202119       -86.917579886653613     
  -41.773957528507495        120.34952513245528       -86.903650339815826     
  -41.200901430556129        120.32770746751891       -86.889766649244365     
  -40.609613366149517        120.30521862224300       -86.876060533709037     
  -40.000626034462087        120.28202570460741       -86.862676891711317     
  -39.374520206420009        120.25809002520559       -86.849769555133747     
  -38.731922908415463        120.23337014308694       -86.837496242544475     
  -38.073505473121465        120.20782511975158       -86.826013410693037     
  -37.399981494560613        120.18141743758214       -86.815471326182120     
  -36.712104687721975        120.15411577589163       -86.806009880318371     
  -36.010666672690540        120.12589734913225       -86.797755180591153     
  -35.296494731063341        120.09674913696291       -86.790817774437258     
  -34.570449553304748        120.06667172910743       -86.785295463284513     
  -33.833422907350460        120.03568446982912       -86.781277411345528     
  -33.086335226753334        120.00381805151619       -86.778839119951940     
  -32.330133113339848        119.97111317182099       -86.778041826085570     
  -31.565786785102411        119.93762008206492       -86.778932689052638     
  -30.794287580677867        119.90339563573420       -86.781543351099714     
  -30.016645308006055        119.86850278567366       -86.785890472299826     
  -29.233885517304937        119.83301085199878       -86.791977041961857     
  -28.447046783827130        119.79699469034085       -86.799793109127293     
  -27.657177998222473        119.76053300081554       -86.809316078482240     
  -26.865335622018112        119.72370699025581       -86.820511433106560     
  -26.072580933757141        119.68659892725583       -86.833333523388049     
  -25.279977273627050        119.64929053855258       -86.847726341373971     
  -24.488587238855576        119.61186265413573       -86.863625021440640     
  -23.699469880881658        119.57439471997179       -86.880956649001220     
  -22.913677933501852        119.53696367381228       -86.899640379597543     
  -22.132255051590853        119.49964308984025       -86.919587758965392     
  -21.356233049482213        119.46250313769093       -86.940703650923638     
  -20.586629174168678        119.42561046612911       -86.962887118328013     
  -19.824443418664746        119.38902800729208       -86.986032243695846     
  -19.070655837980485        119.35281631471690       -87.010030059427265     
  -18.326224024875781        119.31703093419225       -87.034767591647793     
  -17.592080670827652        119.28171890288131       -87.060126212878259     
  -16.869131093571649        119.24691911902286       -87.085982784009872     
  -16.158250741040813        119.21266654252243       -87.112213580860399     
  -15.460282897694920        119.17899094983406       -87.138694216285444     
  -14.776036491945481        119.14591490790112       -87.165298933438038     
  -14.106283913670225        119.11345533380558       -87.191902448088655     
  -13.451758781962837        119.08163160619976       -87.218386588443678     
  -12.813153926797915        119.05046707343659       -87.244642118261467     
  -12.191119495811083        119.01998935433737       -87.270569644861695     
  -11.586261170483315        118.99023105673346       -87.296080738985637     
  -10.999138444655971        118.96123219933285       -87.321100196497497     
  -10.430263215974081        118.93303391539150       -87.345561829550931     
  -9.8800985280800280        118.90567172749829       -87.369403778034169     
  -9.3490572612850400        118.87917867590640       -87.392570977940991     
  -8.8375010080511505        118.85358574337030       -87.415015568257289     
  -8.3457390791972070        118.82892238224055       -87.436697285551531     
  -7.8740276847341120        118.80521529870474       -87.457582507334919     
  -7.4225692282966476        118.78248876983052       -87.477644353025170     
  -6.9915117650553134        118.76076427195454       -87.496862220437251     
  -6.5809485033295720        118.74006456830261       -87.515224568610265     
  -6.1909176957906773        118.72040726297838       -87.532723906787879     
  -5.8214025663186542        118.70180209034811       -87.549354481508217     
  -5.4723313525022759        118.68425193016584       -87.565112696952895     
  -5.1435775570349103        118.66775014472276       -87.579994816435601     
  -4.8349603020523890        118.65227916250919       -87.593995535760456     
  -4.5462446444766913        118.63781943688743       -87.607114233962633     
  -4.2771421640809075        118.62435158350108       -87.619356208482344     
  -4.0273117298369456        118.61185634493563       -87.630732324601155     
  -3.7963604368845911        118.60031227106899       -87.641256989159501     
  -3.5838446572260532        118.58969550591149       -87.650947699467451     
  -3.3892712276887593        118.57997971423997       -87.659824717193658     
  -3.2120987640063352        118.57113629603943       -87.667910974571754     
  -3.0517391042591759        118.56313463601222       -87.675232026356312     
  -2.9075588842793461        118.55594214694524       -87.681815865658379     
  -2.7788812353534569        118.54952431007689       -87.687692750909747     
  -2.6649876001836543        118.54384469090793       -87.692895024524674     
  -2.5651196612602423        118.53886502501126       -87.697456988765126     
  -2.4784813713686278        118.53456883529969       -87.701432131164168     
  -2.4042410930768536        118.53092163510723       -87.704863605797897     
  -2.3415338328633570        118.52786554507550       -87.707780069848397     
  -2.2894635629746301        118.52534489033724       -87.710214358564997     
  -2.2471056289314961        118.52330577573782       -87.712202974723922     
  -2.2135092344684857        118.52169569085400       -87.713785593750657     
  -2.1876999973315199        118.52046315028498       -87.715004588835257     
  -2.1686825691627445        118.51955737436336       -87.715904580327049     
  -2.1554433125204326        118.51892801509422       -87.716532013541951     
  -2.1469530279151292        118.51852493174783       -87.716934768881657     
  -2.1421697235958446        118.51829802009094       -87.717161807848157     
  -2.1400414206896876        118.51819709872186       -87.717262858159742     
   3.9564910138111609        118.22910742160704       -88.006721891604812     
   5.4804910138111618        118.15684131416705       -88.079080330063022     
   7.0044910138111609        118.08457520672707       -88.151438768521231     
   8.5284910138111627        118.01230909928708       -88.223797206979441     
