  -68.514382439271373        49.733874494408440       -37.753715728916731     
  -66.990382439271372        49.615488837182077       -37.663847435026881     
  -65.466382439271371        49.497103179955715       -37.573979141137031     
  -63.942382439271370        49.378717522729353       -37.484110847247180     
  -57.831524051139183        48.904020681196378       -37.123761491903416     
  -57.819179005245680        48.903061707199271       -37.123033520635410     
  -57.801446460024330        48.901685068744662       -37.121988494133674     
  -57.777381739140843        48.899818431463352       -37.120571502314057     
  -57.746057517488353        48.897391443660638       -37.118729140167531     
  -57.706566406854236        48.894336137203119       -37.116409812072327     
  -57.658023495980665        48.890587349412343       -37.113564052034569     
  -57.599568836506684        48.886083164430325       -37.110144858661208     
  -57.530369866240761        48.880765372680088       -37.106108043743582     
  -57.449623761221510        48.874579947226835       -37.101412593382520     
  -57.356559708091623        48.867477458476422       -37.096020981690423     
  -57.250441088441143        48.859391084184757       -37.089882475539163     
  -57.130567566984411        48.850254035693425       -37.082946358436935     
  -56.996277075730418        48.840017060852972       -37.075175208485533     
  -56.846947695504859        48.828635254748193       -37.066534870342792     
  -56.681999456644476        48.816068244072433       -37.056994567611980     
  -56.500895970072982        48.802280911428923       -37.046527406437868     
  -56.303145932512486        48.787244154725691       -37.035110876911297     
  -56.088304508642274        48.770935603059520       -37.022727278121025     
  -55.855974576203145        48.753340364364540       -37.009364103836909     
  -55.605807826648849        48.734451745515379       -36.995014316338853     
  -55.337505736564090        48.714272104753789       -36.979676593016499     
  -55.050820402157832        48.692813735094610       -36.963355420428918     
  -54.745555280487139        48.670099262731114       -36.946060581205714     
  -54.421565814920726        48.646161957938524       -36.927806254529727     
  -54.078759846097078        48.621047255238139       -36.908610610827765     
  -53.717098011071030        48.594813265782292       -36.888494085050567     
  -53.336594047596449        48.567531535005237       -36.867477110185085     
  -52.937314960566454        48.539288949274450       -36.845577777730981     
  -52.519381309803869        48.510188280642112       -36.822807232631718     
  -52.082967321518616        48.480351207138291       -36.799165333881255     
  -51.628301194219461        48.449920774685111       -36.774633752118582     
  -51.155665433637239        48.419065976785269       -36.749167833775552     
  -50.665397311711253        48.387986557935157       -36.722686654094773     
  -50.157888767012771        48.356916227688295       -36.695065892929868     
  -49.633585615661268        48.326122022148162       -36.666134577994079     
  -49.092985882297349        48.295900851429288       -36.635676856538460     
  -48.536637435352979        48.266571525427956       -36.603437848492966     
  -47.965134787096119        48.238464938375770       -36.569134253381058     
  -47.379115585805515        48.211911754130163       -36.532466545829159     
  -46.779256852644984        48.187230660635223       -36.493132240375111     
  -46.166271255792900        48.164717453006965       -36.450838338365401     
  -45.540903577013715        48.144635545179788       -36.405312284505783     
  -44.903927327819972        48.127208679213616       -36.356311308686649     
  -44.256141944839349        48.112617785566577       -36.303627693353718     
  -43.598370652629690        48.101009997745777       -36.247095325944109     
  -42.931458683562646        48.092506854706741       -36.186594659455722     
  -42.256271095964692        48.087191618949504       -36.122042019875778     
  -41.573690413954189        48.085110137071652       -36.053389014471527     
  -40.884614274363244        48.086273601214444       -35.980622993439191     
  -40.189953196154519        48.090659991499365       -35.903765960664280     
  -39.490628358200830        48.098216002293952       -35.822873271711536     
  -38.787569367358920        48.108859725607502       -35.738032262129366     
  -38.081712043552578        48.122483586625265       -35.649360460172616     
  -37.373996225775379        48.138957623482050       -35.557003491383462     
  -36.665363600988613        48.158132976737519       -35.461132633635138     
  -35.956755559095726        48.179845512647717       -35.361942051892605     
  -35.249111069336124        48.203919407229066       -35.259645704860738     
  -34.543364532019993        48.230170193531393       -35.154474375936346     
  -33.840443464292100        48.258406977881052       -35.046673841335306     
  -33.141266238243261        48.288433206247014       -34.936502572211097     
  -32.446739679995403        48.320049321965165       -34.824231002516370     
  -31.757755875722378        48.353065705680045       -34.710148055789389     
  -31.075189976484054        48.387302294409437       -34.594557339340561     
  -30.399898553406445        48.422581613724589       -34.477769397730761     
  -29.732717559914065        48.458728993176351       -34.360099085559661     
  -29.074460177237125        48.495575147614922       -34.241864656450055     
  -28.425914743599581        48.532958299202456       -34.123386526654009     
  -27.787842812208694        48.570725367734227       -34.004985490667927     
  -27.160977291363153        48.608732975536945       -33.886980939289785     
  -26.546020671882317        48.646848206176571       -33.769689027297510     
  -25.943643369032117        48.684949042270638       -33.653420757188279     
  -25.354482152736811        48.722924738346869       -33.538480218209969     
  -24.779138710353880        48.760675511982342       -33.425162469612978     
  -24.218178310859749        48.798112682897489       -33.313751769823774     
  -23.672128346954434        48.835161530580756       -33.204521805236546     
  -23.141477549934613        48.871756585640682       -33.097730765488357     
  -22.626675491979160        48.907833862798832       -32.993615117415246     
  -22.128131891907728        48.943327705318559       -32.892386719058756     
  -21.646215889135679        48.978168508999417       -32.794230902261191     
  -21.181255825301168        49.012274431217634       -32.699300613426644     
  -20.733538393446519        49.045552048095594       -32.607717382045294     
  -20.303306628274726        49.077916125835237       -32.519584655678393     
  -19.890758906076716        49.109294494085432       -32.434991092719919     
  -19.496048554287416        49.139624644353574       -32.354008755049065     
  -19.119283378182182        49.168852940979804       -32.276693155051220     
  -18.760525362376704        49.196933189356791       -32.203083009074057     
  -18.419790368746110        49.223826376259915       -32.133200868093198     
  -18.097047994769692        49.249500169213754       -32.067053634608499     
  -17.792221541378371        49.273928429288816       -32.004633156020269     
  -17.505188040359702        49.297091254969231       -31.945917184522937     
  -17.235778453283618        49.318974662159917       -31.890870144834544     
  -16.983777972381109        49.339570394482287       -31.839443993572441     
  -16.748926420733625        49.358875934285884       -31.791579162309155     
  -16.530918807429366        49.376894372435785       -31.747205355092813     
  -16.329406015547036        49.393634255076812       -31.706242276728158     
  -16.143995601229413        49.409109523092020       -31.668600360181077     
  -15.974252718265701        49.423339451967017       -31.634181434304125     
  -15.819701175520288        49.436348541618514       -31.602879301874740     
  -15.679824619329318        49.448166377462769       -31.574580247991722     
  -15.554067830309503        49.458827495029240       -31.549163505645041     
  -15.441838133775848        49.468371229421088       -31.526501675587355     
  -15.342506920653598        49.476841539743887       -31.506461104749931     
  -15.255411273103801        49.484286918758372       -31.488902306756206     
  -15.179855618068775        49.490805856372617       -31.473710371489545     
  -15.115113673099252        49.496468856106496       -31.460744026250133     
  -15.060430368172652        49.501307520719564       -31.449829052591738     
  -15.015023756243611        49.505364008599379       -31.440791374563162     
  -14.978087082337142        49.508689728697803       -31.433456692988628     
  -14.948790923037036        49.511344054110232       -31.427650160496231     
  -14.926285390476105        49.513393075182670       -31.423196108023497     
  -14.909702394834662        49.514908411910689       -31.419917832450846     
  -14.898157959252053        49.515966103856144       -31.417637453990274     
  -14.890754580952718        49.516645593978218       -31.416175850937648     
  -14.886583632289817        49.517028820735071       -31.415352678332678     
  -14.884727795316993        49.517199430624153       -31.414986475934647     
  -8.7882635234140842        50.077656576619908       -30.212003741691543     
  -7.2642635234140833        50.217760192814957       -29.911280961204511     
  -5.7402635234140842        50.357863809010006       -29.610558180717479     
  -4.2162635234140833        50.497967425205054       -29.309835400230448     
