  -75.001282650716462       -149.60341202962530       -48.963348066687352     
  -73.477282650716461       -149.38969583062817       -48.893401395705908     
  -71.953282650716460       -149.17597963163104       -48.823454724724463     
  -70.429282650716459       -148.96226343263390       -48.753508053743019     
  -64.321433943929691       -148.10573704833988       -48.473177552497575     
  -64.311589155530498       -148.10435647697727       -48.472725708550698     
  -64.297447486243797       -148.10237627357137       -48.472077612445794     
  -64.278254943470941       -148.09969434158231       -48.471199849247078     
  -64.253270989303587       -148.09621263536471       -48.470060329825586     
  -64.221770489566410       -148.09183807204667       -48.468628589305261     
  -64.183045618485082       -148.08648348188245       -48.466876098095298     
  -64.136407715587154       -148.08006857711740       -48.464776578972419     
  -64.081189091821656       -148.07252091708466       -48.462306322901348     
  -64.016744782246874       -148.06377684522135       -48.459444495602995     
  -63.942454242972794       -148.05378234829422       -48.456173418529872     
  -63.857722990345351       -148.04248696751111       -48.452476575543493     
  -63.761984180614313       -148.02984966611058       -48.448340532299255     
  -63.654700128528006       -148.01584458148935       -48.443756816945665     
  -63.535363763439257       -148.00045723626710       -48.438720676611446     
  -63.403500021583611       -147.98368476807931       -48.433231146634029     
  -63.258667173201523       -147.96553596567216       -48.427291052342134     
  -63.100458083120245       -147.94603108948729       -48.420906934044950     
  -62.928501403291584       -147.92520145755068       -48.414088885795145     
  -62.742462695603642       -147.90308878088931       -48.406850298378110     
  -62.542045483056334       -147.87974423693220       -48.399207496761150     
  -62.326992227121210       -147.85522727442148       -48.391179261873845     
  -62.097085228810968       -147.82960414928331       -48.382786225968317     
  -61.852147450676114       -147.80294619767238       -48.374050129829520     
  -61.592043256648005       -147.77532785998460       -48.364992928592521     
  -61.316679066378327       -147.74682447800143       -48.355635730651663     
  -61.026003920514455       -147.71750989645525       -48.345997550765958     
  -60.720009953232285       -147.68745391017589       -48.336093853476179     
  -60.398732768367260       -147.65671960865802       -48.325934855546684     
  -60.062251715704285       -147.62536068155075       -48.315523545077333     
  -59.710690064502437       -147.59341876165936       -48.304853358093389     
  -59.344215072292506       -147.56092089747838       -48.293905427242422     
  -58.963037948361624       -147.52787726436284       -48.282645282922950     
  -58.567413699692231       -147.49427912709098       -48.271019191566722     
  -58.157640807588216       -147.46009673316630       -48.258951332397046     
  -57.734058458550713       -147.42529285746258       -48.246347583181652     
  -57.297030219672678       -147.38993021527614       -48.233131597403094     
  -56.846949074968499       -147.35412688117250       -48.219232752296442     
  -56.384242860034881       -147.31800750022583       -48.204574108829810     
  -55.909372919849275       -147.28170118033339       -48.189076423040227     
  -55.422832645972946       -147.24533957061328       -48.172662377800030     
  -54.925145947800097       -147.20905503119795       -48.155260540834142     
  -54.416865671342997       -147.17297896969677       -48.136808825655287     
  -53.898571975909661       -147.13724039065079       -48.117257311119943     
  -53.370870703971939       -147.10196492517449       -48.096569638845232     
  -52.834391755290930       -147.06727680431050       -48.074723626020344     
  -52.289787416191956       -147.03330172767897       -48.051711944533309     
  -51.737730638326276       -147.00016198886428       -48.027540303855439     
  -51.178913878265384       -146.96797148085403       -48.002225552568248     
  -50.614053543249014       -146.93679709217216       -47.975782708278473     
  -50.043886226591468       -146.90666982821679       -47.948228239832673     
  -49.469162606578799       -146.87761005541989       -47.919587699091132     
  -48.890645329179712       -146.84962842224962       -47.889895296172234     
  -48.309106944478664       -146.82272639161130       -47.859193216833894     
  -47.725327819679151       -146.79689688056578       -47.827530849807289     
  -47.140094034364346       -146.77212499566758       -47.794963934320663     
  -46.554195263650868       -146.74838885035138       -47.761553640799150     
  -45.968422654601376       -146.72566044741365       -47.727365605494356     
  -45.383566695806735       -146.70390656295177       -47.692469079462526     
  -44.800415021894068       -146.68309001433610       -47.656936594156385     
  -44.219748539078189       -146.66318544346097       -47.620848510129655     
  -43.642338748962686       -146.64418492866901       -47.584294141688886     
  -43.068947977456418       -146.62607866058184       -47.547364862356723     
  -42.500327561035355       -146.60885350057205       -47.510153017460624     
  -41.937215862403704       -146.59249328826118       -47.472751395831210     
  -41.380336321273191       -146.57697915600497       -47.435252709487003     
  -40.830395545075724       -146.56228984672350       -47.397749084627456     
  -40.288081444336015       -146.54840203160549       -47.360331567109576     
  -39.754061417334476       -146.53529062442203       -47.323089645432688     
  -39.228980588585735       -146.52292908941405       -47.286110794094469     
  -38.713460105544215       -146.51128973997496       -47.249480040007604     
  -38.208095521593670       -146.50034396666766       -47.213279535186516     
  -37.713455538646130       -146.49006172372432       -47.177587922677112     
  -37.230080402708850       -146.48041203918373       -47.142480063237514     
  -36.758480160123447       -146.47136405587224       -47.108026924670384     
  -36.299133295412531       -146.46288730775422       -47.074295243778707     
  -35.852485465004932       -146.45495193331629       -47.041347230194773     
  -35.418948316549326       -146.44752885780747       -47.009240327136517     
  -34.998898396962467       -146.44058994474935       -46.978027027938339     
  -34.592676152163094       -146.43410811760069       -46.947754746342291     
  -34.200585021235810       -146.42805745288183       -46.918465737776941     
  -33.822890627551082       -146.42241324641739       -46.890197068191419     
  -33.459820069138473       -146.41715205465621       -46.862980626463191     
  -33.111561310369339       -146.41225171326002       -46.836843175967161     
  -32.778262676754942       -146.40769133532328       -46.811806440583972     
  -32.460032454405116       -146.40345129169859       -46.787887220235099     
  -32.156938595422893       -146.39951317595168       -46.765097530963217     
  -31.869008529997373       -146.39585976126250       -46.743444766160991     
  -31.596229076282281       -146.39247514787633       -46.722931936899435     
  -31.338546466077034       -146.38934474515608       -46.703557871465129     
  -31.095866500185000       -146.38645480744475       -46.685317283436511     
  -30.868054793189607       -146.38379233580844       -46.668200969413661     
  -30.654937123420147       -146.38134502296447       -46.652196022830260     
  -30.456299889912209       -146.37910119763194       -46.637286039440077     
  -30.271890675295655       -146.37704976942098       -46.623451312112792     
  -30.101418913217330       -146.37518017502609       -46.610669013729208     
  -29.944556658605467       -146.37348232633136       -46.598913367525448     
  -29.800939458788459       -146.37194656087644       -46.588155804784535     
  -29.670167323190554       -146.37056359497743       -46.578365110314593     
  -29.551805789042980       -146.36932447964011       -46.569507556688038     
  -29.445387080272866       -146.36822055925242       -46.561547028737252     
  -29.350411356464594       -146.36724343290791       -46.554445140253009     
  -29.266348048534628       -146.36638491811726       -46.548161345162157     
  -29.192637277517761       -146.36563705139787       -46.542653056813307     
  -29.128691350691263       -146.36500655051464       -46.537880434445078     
  -29.073896338303015       -146.36449012057855       -46.533798527856952     
  -29.027613718463780       -146.36407105882702       -46.530356304112033     
  -28.989182086152137       -146.36373501055991       -46.527501857713382     
  -28.957918926564375       -146.36346962535069       -46.525182425767035     
  -28.933122445912559       -146.36326422579245       -46.523344411115865     
  -28.914073454816727       -146.36310949409656       -46.521933415017486     
  -28.900037299295228       -146.36299718156710       -46.520894280708134     
  -28.890265834226451       -146.36291984559890       -46.520171149001250     
  -28.883999434034646       -146.36287061840400       -46.519707526894848     
  -28.880469035245738       -146.36284301117604       -46.519446369982965     
  -28.878898205464296       -146.36283075684977       -46.519330179289284     
  -22.782505233242148       -146.31527169640742       -46.068393905502170     
  -21.258505233242147       -146.30338269770863       -45.955667103869978     
  -19.734505233242146       -146.29149369900983       -45.842940302237785     
  -18.210505233242145       -146.27960470031104       -45.730213500605593     
