     -17.8929802290672235       -0.9522563503483362     -142.9718946379474573
     -17.8944508679235952       -0.9677800426444569     -142.9718095169504011
     -17.8972673143981638       -0.9868483093693422     -142.9717157852165599
     -17.9021809259158360       -1.0098228396548565     -142.9716192461253854
     -17.9098514724864835       -1.0358484823092891     -142.9715328125355711
     -17.9209393370746390       -1.0641747574743174     -142.9714690327788276
     -17.9360962558999688       -1.0940528646197067     -142.9714408169485864
     -17.9559589108166939       -1.1246723894213715     -142.9714619632985944
     -17.9811436159393701       -1.1551129627222210     -142.9715476216073569
     -18.0122410479269597       -1.1842960541537613     -142.9717147719187267
     -18.0498101849867147       -1.2109251121102693     -142.9719827775153078
     -18.0943703631924571       -1.2333986639552479     -142.9723740878757781
     -18.1463894686819707       -1.2496684984838979     -142.9729152315977103
     -18.2062639026402415       -1.2569816191174767     -142.9736384140486791
     -18.2747603913829693       -1.2581044471264262     -142.9745316003313178
     -18.3528751964872860       -1.2593681164513133     -142.9755535058793328
     -18.4411293038569895       -1.2607955325179543     -142.9767121447043507
     -18.5400153189494361       -1.2623943132583941     -142.9780155901422631
     -18.6499971723615339       -1.2641714251559215     -142.9794718728982161
     -18.7715088503817924       -1.2661331112027010     -142.9810890035738282
     -18.9049532018021296       -1.2682848162545066     -142.9828749975638402
     -19.0507008243327967       -1.2706311112536159     -142.9848379010333872
     -19.2090890335630071       -1.2731756177802656     -142.9869858190671437
     -19.3804209171724757       -1.2759209342847400     -142.9893269457288341
     -19.5649644773869227       -1.2788685651537759     -142.9918695855063788
     -19.7629518645507432       -1.2820188536628514     -142.9946221540780869
     -19.9745787002870863       -1.2853709204988899     -142.9975932231673141
     -20.2000034953054168       -1.2889226084277443     -143.0007915546372033
     -20.4393471638793187       -1.2926704340899884     -143.0042261190940280
     -20.6926926451488988       -1.2966095459513238     -143.0079059883365176
     -20.9600846437396591       -1.3007336829467031     -143.0118403369879161
     -21.2415294636173329       -1.3050351300160501     -143.0160385278126682
     -21.5369949400129421       -1.3095046756296436     -143.0205100679439738
     -21.8464104817065170       -1.3141315732389236     -143.0252644839072218
     -22.1696672146692677       -1.3189035094016366     -143.0303113972877043
     -22.5066182415396341       -1.3238065756691562     -143.0356604606834310
     -22.8570790174069352       -1.3288252445624065     -143.0413211698363511
     -23.2208278282047829       -1.3339423535489379     -143.0473029492899002
     -23.5976063913729845       -1.3391390924483466     -143.0536149863974344
     -23.9871205679575539       -1.3443949973688571     -143.0602661157237492
     -24.3890411825551787       -1.3496879524356236     -143.0672648446558810
     -24.8030049650875348       -1.3549941959235643     -143.0746191096857274
     -25.2286155922694810       -1.3602883364864449     -143.0823363111944673
     -25.6654448482261799       -1.3655433743728860     -143.0904230170572191
     -26.1130338809205362       -1.3707307343145789     -143.0988849654053183
     -26.5708945663981062       -1.3758203058676257     -143.1077268321979830
     -27.0385109275510480       -1.3807805032944040     -143.1169521894532011
     -27.5153405276608005       -1.3855783878230969     -143.1265634181154383
     -28.0008159904072933       -1.3901798617172141     -143.1365616403780052
     -28.4943466421637126       -1.3945499017940282     -143.1469465252593238
     -28.9953202205949658       -1.3986528299753791     -143.1577162616360965
     -29.5031046494396350       -1.4024526160033657     -143.1688673964884799
     -30.0170498653802476       -1.4059132125964151     -143.1803948582509065
     -30.5364896979869798       -1.4089989158869392     -143.1922918111584977
     -31.0607437891128164       -1.4116747495003139     -143.2045496357873162
     -31.5891195502382089       -1.4139068641461496     -143.2171577452146494
     -32.1209141380787031       -1.4156629522953634     -143.2301037961827035
     -32.6554164531951940       -1.4169126659434899     -143.2433737360128134
     -33.1919091459708682       -1.4176280336504083     -143.2569520031084380
     -33.7296706345192234       -1.4177838652176333     -143.2708214362033630
     -34.2679771225460996       -1.4173581372338382     -143.2849629546006440
     -34.8061046729449188       -1.4163323514155364     -143.2993558770340599
     -35.3433320913158084       -1.4146916761186294     -143.3139780727126720
     -35.8789438262076317       -1.4124246803984917     -143.3288061051064801
     -36.4122320196001681       -1.4095229348619072     -143.3438153658719614
     -36.9424983978850889       -1.4059805995523451     -143.3589802106028230
     -37.4690560844184688       -1.4017940088214946     -143.3742741138313761
     -37.9912313298586994       -1.3969612587465654     -143.3896697870588071
     -38.5083651699449376       -1.3914818020531343     -143.4051393594860144
     -39.0198150191315989       -1.3853560506832769     -143.4206545247128872
     -39.5249562197418811       -1.3785849839106987     -143.4361867310896343
     -40.0231835779904870       -1.3711697526389655     -143.4517073155793980
     -40.5139129283542161       -1.3631112637853535     -143.4671876256487622
     -40.9965818675779801       -1.3543516224370589     -143.4825996929149312
     -41.4706472543965390       -1.3444153173061573     -143.4979196246763422
     -41.9355949445203393       -1.3326933197127311     -143.5131251653574225
     -42.3909414920938019       -1.3186520679719365     -143.5281938257232355
     -42.8362270912795324       -1.3018378058613691     -143.5431026347267220
     -43.2710117939694783       -1.2818798466976098     -143.5578280446079589
     -43.6948726032544315       -1.2584930806024328     -143.5723457666056220
     -44.1074010672461583       -1.2314796742143241     -143.5866305311154463
     -44.5082022434144449       -1.2007298444001724     -143.6006563054656340
     -44.8968959678728439       -1.1662214008416549     -143.6143964595771365
     -45.2731208635724158       -1.1280176266302238     -143.6278241143707533
     -45.6365405276888367       -1.0862631064324944     -143.6409129981451827
     -45.9868504911258213       -1.0411773631288466     -143.6536380994469084
     -46.3237848072245413       -0.9930465081161514     -143.6659754510926348
     -46.6471224957082313       -0.9422131282014891     -143.6779023551445675
     -46.9566889692133032       -0.8890651195892560     -143.6893979323346286
     -47.2523544106682110       -0.8340247972089659     -143.7004435107583333
     -47.5340324225100019       -0.7775385869124251     -143.7110227808888396
     -47.8016789504335620       -0.7200673026208425     -143.7211219739167518
     -48.0552913786573299       -0.6620770336180999     -143.7307299875641604
     -48.2949077290187390       -0.6040306838992922     -143.7398384857039559
     -48.5206059229552125       -0.5463802106610496     -143.7484419049071676
     -48.7325030729902764       -0.4895596083869574     -143.7565373974573788
     -48.9307547765055091       -0.4339786792852799     -143.7641247757250369
     -49.1155543973439208       -0.3800176214085018     -143.7712063428176350
     -49.2871323131328722       -0.3280224561229947     -143.7777868127644751
     -49.4457551166234595       -0.2783013036302763     -143.7838732995746511
     -49.5917247683300673       -0.2311215025275716     -143.7894751601906194
     -49.7253776881990177       -0.1867075578491099     -143.7946038222868594
     -49.8470837798335893       -0.1452398893252556     -143.7992726139175943
     -49.9572453821008793       -0.1068543400500773     -143.8034966234757235
     -50.0562961493664247       -0.0716423951334824     -143.8072924971675945
     -50.1446998559655768       -0.0396520508916413     -143.8106782599600706
     -50.2229491243036676       -0.0108892671348903     -143.8136731817465375
     -50.2915640791810503        0.0165754210793786     -143.8162974492919091
     -50.3510909306494270        0.0448974888286348     -143.8185708699679139
     -50.4021004879704080        0.0736359102606335     -143.8205140627723608
     -50.4451866083594069        0.1023869728898189     -143.8221490584217008
     -50.4809645843870243        0.1307857727485491     -143.8234991794403470
     -50.5100694741679064        0.1584988820496026     -143.8245889159654496
     -50.5331543788679980        0.1852172893279363     -143.8254438011788352
     -50.5508886722410082        0.2106487762565112     -143.8260902895834477
     -50.5639561870589205        0.2345086056830625     -143.8265556419175084
     -50.5730533634260979        0.2565066567343430     -143.8268678220559025
     -50.5788873640698782        0.2763273771595718     -143.8270554150738576
     -50.5821741617807419        0.2935945704711631     -143.8271475852027947
     -50.5836366042383503        0.3078046562815036     -143.8271741108955553
     -50.5840024615059107        0.3193134090388344     -143.8271630889247490
     -50.5836366042383503        0.3308220972850255     -143.8271230094387931
     -50.5821741617807419        0.3450319252352683     -143.8270333881572185
     -50.5788873640698782        0.3622985390749083     -143.8268645488688549
     -50.5730533634260837        0.3821182311577689     -143.8265889494202838
     -50.5639561870588707        0.4041146792092493     -143.8261790962611144
     -50.5508886722404966        0.4279722071652500     -143.8256078057181071
     -50.5331543788644666        0.4534005728467707     -143.8248484023912397
     -50.5100694741490059        0.4801149208637142     -143.8238748901051736
     -50.4809645843034289        0.5078229183012340     -143.8226621121287394
     -50.4451866080425120        0.5362154433496557     -143.8211859076050985
     -50.4021004869121469        0.5649589627061405     -143.8194232671170596
     -50.3510909274718301        0.5936884722609223     -143.8173524885901031
     -50.2915640704673450        0.6220001651912578     -143.8149533340200321
     -50.2229491022152956        0.6494529271957817     -143.8122071426998048
     -50.1446998033222968        0.6782021212451131     -143.8090845363374513
     -50.0562960299353605        0.7101770972245847     -143.8055567604375540
     -49.9572451228956638        0.7453717964629235     -143.8016045704455905
     -49.8470832394522247        0.7837381165093882     -143.7972101522680077
     -49.7253766023225907        0.8251844485686500     -143.7923572617860373
     -49.5917226589283544        0.8695747908526882     -143.7870314065737034
     -49.4457511452308935        0.9167285011666043     -143.7812200475993052
     -49.2871250503609488        0.9664207420465788     -143.7749127344751230
     -49.1155414702425688        1.0183836612852664     -143.7681012665695164
     -48.9307323421547338        1.0723083366105821     -143.7607798510533144
     -48.7324650505128787        1.1278474980786659     -143.7529452404328651
     -48.5205428967282657        1.1846190238626693     -143.7445967181899675
     -48.2948054129290583        1.2422101892651678     -143.7357361472765831
     -48.0551285043729166        1.3001826278994890     -143.7263681017986130
     -47.8014244110573827        1.3580779408593162     -143.7164998785310672
     -47.5336414651495147        1.4154238698049595     -143.7061415033683716
     -47.2517636245793469        1.4717409246292872     -143.6953056675955906
     -46.9558097550084383        1.5265493309055771     -143.6840075644856540
     -46.6458326162069028        1.5793761348903359     -143.6722646924142452
     -46.3219174947289432        1.6297622700130490     -143.6600965971622088
     -45.9841803878936091        1.6772693488346921     -143.6475246260821734
     -45.6327657688611126        1.7214858929168153     -143.6345714396659332
     -45.2678472320288918        1.7620330187317352     -143.6212605931563076
     -44.8896328619509504        1.7985706342859626     -143.6076167700857127
     -44.4983704133727827        1.8308045681887972     -143.5936664171217103
     -44.0943526266766312        1.8584945605243395     -143.5794374354557590
     -43.6779214822268571        1.8814630769425531     -143.5649585621264919
     -43.2494699702360990        1.8996045630006737     -143.5502590467209245
     -42.8094408932039912        1.9128944747626193     -143.5353682657009244
     -42.3583231854029592        1.9213973839823748     -143.5203151449437939
     -41.8966467028649774        1.9252736176769358     -143.5051279760541263
     -41.4249763960595558        1.9247840930307047     -143.4898341509941133
     -40.9439055234709386        1.9202931059080057     -143.4744598420676311
     -40.4540455494740314        1.9122671690325808     -143.4590297249443438
     -39.9560248049641586        1.9010660092610450     -143.4435697491749977
     -39.4504950644660681        1.8866580286415164     -143.4281110796039513
     -38.9381257807118359        1.8689787401985494     -143.4126849472702645
     -38.4196014423128176        1.8479889029659378     -143.3973216926711416
     -37.8956196739351441        1.8236743523882217     -143.3820506566236759
     -37.3668892302469970        1.7960455877175019     -143.3669000471480217
     -36.8341279373175752        1.7651371059365948     -143.3518967794373111
     -36.2980606230746972        1.7310064845145656     -143.3370663707746075
     -35.7594170605002830        1.6937332221561925     -143.3224328208782765
     -35.2189299489517538        1.6534173554163418     -143.3080185617304494
     -34.6773329447497929        1.6101778723431495     -143.2938443977340910
     -34.1353587543909640        1.5641509494797898     -143.2799294398011511
     -33.5937373732835880        1.5154880518439573     -143.2662911093108562
     -33.0531951598340683        1.4643541063137970     -143.2529451184391007
     -32.5144538750825589        1.4109259777793461     -143.2399053952915153
     -31.9782289182726771        1.3553909955088816     -143.2271839578750701
     -31.4452275048425172        1.2979454365012610     -143.2147913556287051
     -30.9161468931541243        1.2387929704657308     -143.2027367204466373
     -30.3916726568364872        1.1781430857974124     -143.1910276260113051
     -29.8724769973867446        1.1162095162034609     -143.1796701143404107
     -29.3592171041488008        1.0532086806930230     -143.1686685526392182
     -28.8525335517638801        0.9893581564263739     -143.1580259095611609
     -28.3530487490913465        0.9248751929449905     -143.1477438122771275
     -27.8613654360500291        0.8599752829783727     -143.1378226587765710
     -27.3780652305775050        0.7948708008682424     -143.1282617030551023
     -26.9037072277549107        0.7297697191562168     -143.1190591296903563
     -26.4388266496332989        0.6648744127366953     -143.1102121976684316
     -25.9839335509391205        0.6003805572690174     -143.1017173266004932
     -25.5395115351207238        0.5364761186387884     -143.0935702331469486
     -25.1060164900670344        0.4733404057666376     -143.0857658787476794
     -24.6838754918416790        0.4111432209957728     -143.0782986448466261
     -24.2734858036637178        0.3500441415450303     -143.0711623906552177
     -23.8752139290489183        0.2901919339108652     -143.0643505525557941
     -23.4893947216710401        0.2317240979470595     -143.0578563006751835
     -23.1163305612837142        0.1747665352634042     -143.0516725192122749
     -22.7562905854665587        0.1194333362847039     -143.0457919949297434
     -22.4095099996460014        0.0658266773534677     -143.0402073022165723
     -22.0761894473037970        0.0140368198201644     -143.0349109778976526
     -21.7564944599830952       -0.0358577992988876     -143.0298955444733338
     -21.4505549886332894       -0.0837903951293404     -143.0251534401661218
     -21.1584650075643736       -0.1297055920688676     -143.0206771943578303
     -20.8802822113315472       -0.1735591211265065     -143.0164593898256555
     -20.6160278005880215       -0.2153174680652701     -143.0124926030849224
     -20.3656863521754730       -0.2549574831618584     -143.0087695185412713
     -20.1292057881687754       -0.2924659622437047     -143.0052829114885071
     -19.9064974560787427       -0.3278392051169717     -143.0020255242735061
     -19.6974363079586574       -0.3610825542495987     -142.9989901312388554
     -19.5018611574344121       -0.3922099289543985     -142.9961695906851844
     -19.3195750358373637       -0.4212433666648745     -142.9935568103978767
     -19.1503456503241978       -0.4482125764846854     -142.9911447006603566
     -18.9939059419476663       -0.4731545088249430     -142.9889261406719072
     -18.8499547414224295       -0.4961129438770164     -142.9868939778894514
     -18.7181575241948224       -0.5171381003407078     -142.9850410014576596
     -18.5981472612741072       -0.5362862650374436     -142.9833599157487072
     -18.4895253632147814       -0.5536194429915176     -142.9818433172640937
     -18.3918627145903351       -0.5692050266136849     -142.9804836746598369
     -18.3047007962440489       -0.5831154817908309     -142.9792733092629362
     -18.2275528917090206       -0.5954280481003366     -142.9782043853530809
     -18.1599064223009456       -0.6062391544243273     -142.9772688548216024
     -18.1016726174587959       -0.6219572721926969     -142.9764370837026775
     -18.0524846228268672       -0.6454295357926234     -142.9756889255857288
     -18.0115597581377038       -0.6739867801099962     -142.9750222220754381
     -17.9781444958417644       -0.7056676565833134     -142.9744332472462247
     -17.9514977110720686       -0.7389603497199458     -142.9739176899237236
     -17.9308822645321229       -0.7726605158909930     -142.9734710559052928
     -17.9155605461281695       -0.8057841331918836     -142.9730888141696141
     -17.9047919885699685       -0.8375073849500836     -142.9727664357892536
     -17.8978314499600053       -0.8671181914487734     -142.9724994093709540
     -17.8939276206444404       -0.8939676023048949     -142.9722832991945154
     -17.8923203937620983       -0.9174062328503474     -142.9721139309242517
     -17.8922354315198895       -0.9366809984891989     -142.9719878472736809
     -17.8929802290672235       -0.9522563503483362     -142.9718946379474573
