     -20.7411158427782070       -0.9769162093102172     -134.1645534807398690
     -20.7425937485246941       -0.9915195525330451     -134.1644418087625468
     -20.7453599977682188       -1.0094511207334034     -134.1642995834493490
     -20.7501241391688716       -1.0310467466557545     -134.1641207003593195
     -20.7575021751288347       -1.0554974101974131     -134.1639078444815141
     -20.7681113104706050       -1.0820926038434928     -134.1636632528484370
     -20.7825606133831933       -1.1101234442980641     -134.1633895814261734
     -20.8014445998760706       -1.1388231364981012     -134.1630905130633948
     -20.8253379380521544       -1.1673215072083267     -134.1627712771720837
     -20.8547901940857230       -1.1945996677423312     -134.1624391802392040
     -20.8903197630594093       -1.2194337156794313     -134.1621042229082263
     -20.9324058647737203       -1.2403130011126595     -134.1617799015101298
     -20.9814765716988383       -1.2553067313505657     -134.1614843737163483
     -21.0378883932091973       -1.2618212351736302     -134.1612423894258654
     -21.1023796337632881       -1.2624558296814252     -134.1610277577460124
     -21.1759260763783708       -1.2631636331810494     -134.1607807011483828
     -21.2590180794643615       -1.2639629691750640     -134.1604984853729832
     -21.3521191376858113       -1.2648579432165719     -134.1601784193061917
     -21.4556656864143669       -1.2658522221206714     -134.1598177195359369
     -21.5700658998150985       -1.2669489758042420     -134.1594135111847663
     -21.6956985606309800       -1.2681508172341986     -134.1589628328622439
     -21.8329120047541529       -1.2694597420645373     -134.1584626457782008
     -21.9820231434981750       -1.2708770694847218     -134.1579098473531246
     -22.1433165661879023       -1.2724033856765007     -134.1573012895973420
     -22.3170437260178964       -1.2740384911521063     -134.1566338052249989
     -22.5034222117667220       -1.2757813531174085     -134.1559042435444837
     -22.7026351041377339       -1.2776300637305607     -134.1551095008850325
     -22.9148304216581522       -1.2795818053149739     -134.1542465589103585
     -23.1401206578443279       -1.2816328233523220     -134.1533125291464614
     -23.3785824191002085       -1.2837784071062548     -134.1523047147486523
     -23.6302561800868354       -1.2860128695232385     -134.1512206725471401
     -23.8951461254513298       -1.2883295224022018     -134.1500582581994365
     -24.1732200832479265       -1.2907206540090512     -134.1488156887722880
     -24.4644095673921740       -1.2931775103570571     -134.1474916395703190
     -24.7686099165784661       -1.2956902791477640     -134.1460853001044882
     -25.0856805382482158       -1.2982480764177993     -134.1445964234786459
     -25.4154452722891655       -1.3008389362090886     -134.1430254304163157
     -25.7576928535500009       -1.3034498020415226     -134.1413734675132616
     -26.1121774800755944       -1.3060665202238499     -134.1396424451268956
     -26.4786195087141536       -1.3086738357420813     -134.1378351450190678
     -26.8567062388412054       -1.3112553891087273     -134.1359552357359632
     -27.2460928171467458       -1.3137937155981165     -134.1340073349328463
     -27.6464032522012424       -1.3162702466475522     -134.1319970738315988
     -28.0572315160997725       -1.3186653128575496     -134.1299310690947948
     -28.4781427753010554       -1.3209581509441686     -134.1278169881011308
     -28.9086746872814082       -1.3231269132846692     -134.1256634950573527
     -29.3483387834128564       -1.3251486903994671     -134.1234802757287241
     -29.7966217910312352       -1.3269995913902710     -134.1212779722499135
     -30.2529871038064790       -1.3286548917139362     -134.1190681533848021
     -30.7168763489272933       -1.3300892159041491     -134.1168632282127646
     -31.1877110373638757       -1.3312767507308187     -134.1146763359240310
     -31.6648942572539198       -1.3321914875253427     -134.1125212426143491
     -32.1478124353918204       -1.3328074910284948     -134.1104122208739682
     -32.6358371262044642       -1.3330991916819555     -134.1083639235694420
     -33.1283268581649821       -1.3330416972951906     -134.1063912387652692
     -33.6246289874891886       -1.3326111194129702     -134.1045091203995696
     -34.1240815988315589       -1.3317849083035729     -134.1027323084138061
     -34.6260153942274087       -1.3305421937139732     -134.1010752271703552
     -35.1297556156277722       -1.3288641222747202     -134.0995517599045286
     -35.6346239409170735       -1.3267341872796199     -134.0981751107257196
     -36.1399403937608739       -1.3241385424072878     -134.0969575591577438
     -36.6450253036014857       -1.3210662852145836     -134.0959103232513030
     -37.1492020985964402       -1.3175095214541916     -134.0950433790833927
     -37.6518001039949795       -1.3134630192048591     -134.0943652899991037
     -38.1521564665630422       -1.3089237386725727     -134.0938831473024493
     -38.6496179218601341       -1.3038903556956432     -134.0936023613357122
     -39.1435424671773475       -1.2983627935755748     -134.0935267378885669
     -39.6333009653348540       -1.2923417642128949     -134.0936582424588153
     -40.1182786582572319       -1.2858283301797082     -134.0939971861617437
     -40.5978766318082052       -1.2788234808849128     -134.0945419830347873
     -41.0715132227117721       -1.2713277292462415     -134.0952894310952672
     -41.5386254248329010       -1.2633407107209260     -134.0962345200820209
     -41.9986703169631710       -1.2548607771845413     -134.0973707599718523
     -42.4511256532815509       -1.2458300848025361     -134.0986905315272111
     -42.8954871478542756       -1.2357982587703655     -134.1001885438110719
     -43.3312782717602119       -1.2241888330579411     -134.1018591212721844
     -43.7580518397764564       -1.2104951734629656     -134.1036947706300282
     -44.1753826582178419       -1.1942846417137334     -134.1056858565134746
     -44.5828635368647994       -1.1752018586743664     -134.1078210889315585
     -44.9801022040446625       -1.1529712984758096     -134.1100871948539464
     -45.3667187411886559       -1.1273991746203649     -134.1124694437321523
     -45.7423444360152587       -1.0983744758481528     -134.1149517047384450
     -46.1066229965811729       -1.0658688448587734     -134.1175166793708797
     -46.4592145653089972       -1.0299348487026312     -134.1201461088260487
     -46.7998019731578481       -0.9907022290695264     -134.1228207553748462
     -47.1280977742007821       -0.9483719933440508     -134.1255212242973869
     -47.4438508674897719       -0.9032085355802307     -134.1282281742944633
     -47.7468529915680620       -0.8555299967277954     -134.1309226961810168
     -48.0369401196341386       -0.8056975774641026     -134.1335868616651510
     -48.3139907492542235       -0.7541051454122371     -134.1362038034193915
     -48.5779244777399697       -0.7011694423216752     -134.1387579578845077
     -48.8287008719468645       -0.6473208786392490     -134.1412354135344174
     -49.0663185224922671       -0.5929949281841992     -134.1436239809104052
     -49.2908142160876537       -0.5386241564717470     -134.1459131803704565
     -49.5022621840575567       -0.4846309225083719     -134.1480943720587220
     -49.7007733888143761       -0.4314207915523460     -134.1501607482505563
     -49.8864948245690201       -0.3793766936772165     -134.1521072383749527
     -50.0596088129497829       -0.3288538550822318     -134.1539302915193161
     -50.2203322783852073       -0.2801755205180327     -134.1556279034296324
     -50.3689159892942371       -0.2336294721792879     -134.1571995457721869
     -50.5056437543916275       -0.1894653405966786     -134.1586459997022871
     -50.6308315658185037       -0.1478926916835740     -134.1599691872642666
     -50.7448266824881458       -0.1090798625995733     -134.1611720114021296
     -50.8480066486342324       -0.0731535085382124     -134.1622582250182631
     -50.9407782464395495       -0.0401988128507620     -134.1632322489477644
     -51.0235763793087429       -0.0102603045940314     -134.1640990276607965
     -51.0968628855706655        0.0166567797495615     -134.1648639237193095
     -51.1611252839654824        0.0423583146589764     -134.1655320799019364
     -51.2168754528159482        0.0688615437278667     -134.1661075518852329
     -51.2646482450500898        0.0957538717434145     -134.1665949884429949
     -51.3050000423638011        0.1226576295548557     -134.1669997389594187
     -51.3385072519904639        0.1492314646659189     -134.1673277813463869
     -51.3657647497984939        0.1751634730975143     -134.1675856504733986
     -51.3873842738369291        0.2001645880176096     -134.1677803686095558
     -51.4039927726290173        0.2239614427674098     -134.1679193806119770
     -51.4162307126652678        0.2462876549361855     -134.1680104972169545
     -51.4247503496759819        0.2668717869420116     -134.1680618514278081
     -51.4302139683681006        0.2854185863931297     -134.1680818769495431
     -51.4332920953979382        0.3015760366209427     -134.1680793274466907
     -51.4346616904211302        0.3148729070968970     -134.1680633743566773
     -51.4350043201157590        0.3256420863386009     -134.1680413195360586
     -51.4346616904211302        0.3364112457591830     -134.1680110982000542
     -51.4332920953979382        0.3497080370142489     -134.1679625052521203
     -51.4302139683681006        0.3658653092546210     -134.1678866230096787
     -51.4247503496759819        0.3844117929835562     -134.1677765675970306
     -51.4162307126652181        0.4049954331876774     -134.1676252942168901
     -51.4039927726284915        0.4273209400147546     -134.1674258024818300
     -51.3873842738333337        0.4511168396014216     -134.1671712771003229
     -51.3657647497792098        0.4761167147593479     -134.1668552005050969
     -51.3385072519051633        0.5020471659067259     -134.1664714549065707
     -51.3050000420404331        0.5286190955111705     -134.1660144213092849
     -51.2646482439702424        0.5555205714847375     -134.1654790789659444
     -51.2168754495734859        0.5824102161490722     -134.1648611070245920
     -51.1611252750738288        0.6089103383305579     -134.1641569894315467
     -51.0968628630309070        0.6346083238432939     -134.1633640802526770
     -51.0235763255889765        0.6615213698607937     -134.1624685316455441
     -50.9407781245643605        0.6914552980934952     -134.1614564346297414
     -50.8480063841198486        0.7244048324712752     -134.1603224518277671
     -50.7448261310277928        0.7603253933674397     -134.1590618544550466
     -50.6308304576555557        0.7991317253067920     -134.1576706343376486
     -50.5056416016461398        0.8406970615060877     -134.1561456519901014
     -50.3689119361940669        0.8848528843857700     -134.1544848194203041
     -50.2203248659824908        0.9313893316720170     -134.1526872285905370
     -50.0595956191215592        0.9800562879027701     -134.1507533054812313
     -49.8864719265845622        1.0305651879914048     -134.1486849692223018
     -49.7007345792052675        1.0825915452059667     -134.1464857855412447
     -49.5021978506820446        1.1357781992576008     -134.1441610211196576
     -49.2907097738368023        1.1897392632874180     -134.1417175972532618
     -49.0661522565970074        1.2440647329284560     -134.1391642856106330
     -48.8284410205106880        1.2983256947871158     -134.1365117798764288
     -48.5775253424063465        1.3520800531593038     -134.1337726795243555
     -48.3133875749299335        1.4048786701096363     -134.1309613369652993
     -48.0360424215884976        1.4562717926145763     -134.1280938500872253
     -47.7455359212984192        1.5058156078391973     -134.1251879771967310
     -47.4419440799976755        1.5530787345495829     -134.1222627800144664
     -47.1253710567460331        1.5976484239758943     -134.1193383859220489
     -46.7959469279961979        1.6391361921403163     -134.1164359280095368
     -46.4538284000993045        1.6771829038820694     -134.1135770751220377
     -46.0992043721862856        1.7114643982190783     -134.1107837918168855
     -45.7323013317312501        1.7416981004764407     -134.1080781971980969
     -45.3533888591655270        1.7676505715881186     -134.1054817478250811
     -44.9627840483379728        1.7891459820069837     -134.1030152030275815
     -44.5608534092018402        1.8060751105587896     -134.1006982284960145
     -44.1480117446300468        1.8184042097435511     -134.0985489543815845
     -43.7247184976958536        1.8261830329863358     -134.0965836107574205
     -43.2914725522241710        1.8295514643973179     -134.0948157927633702
     -42.8488064057257461        1.8287444323134405     -134.0932565783332677
     -42.3972793643340111        1.8240948393967120     -134.0919139104392173
     -41.9374673548044470        1.8160326645513238     -134.0907929231726428
     -41.4699617030813386        1.8048890317299682     -134.0898982441242424
     -40.9953760097328654        1.7906293276843877     -134.0892378210302525
     -40.5143404158617670        1.7731891715311561     -134.0888178674649396
     -40.0274990572768559        1.7525289163882187     -134.0886423388736830
     -39.5355082914001343        1.7286334756204895     -134.0887125994186420
     -39.0390348048235154        1.7015119194307040     -134.0890276758416633
     -38.5387536810222358        1.6711968170357210     -134.0895840561767329
     -38.0353464454202026        1.6377433373425967     -134.0903759676818652
     -37.5294991356692265        1.6012281077099109     -134.0913953557535194
     -37.0219004032606023        1.5617478542543495     -134.0926321162122576
     -36.5132396681736040        1.5194178412362727     -134.0940742461575326
     -36.0042053388042476        1.4743701369219822     -134.0957080344609835
     -35.4954831703480949        1.4267517454673324     -134.0975183526191188
     -34.9877554912009145        1.3767228207333195     -134.0994888137597059
     -34.4817003665446435        1.3244551963713380     -134.1016021166788619
     -33.9779899593019366        1.2701309646703181     -134.1038402003541989
     -33.4772888188231690        1.2139410084108035     -134.1061845901734841
     -32.9802522269960292        1.1560834962225297     -134.1086165851794476
     -32.4875245651291991        1.0967623597501781     -134.1111175107286613
     -31.9997377325534487        1.0361857670809145     -134.1136689064159384
     -31.5175096002646882        0.9745646090644079     -134.1162528292423133
     -31.0414425070058471        0.9121110109345461     -134.1188520315719757
     -30.5721218035171134        0.8490368838568949     -134.1214501190004000
     -30.1101144326279311        0.7855525289966521     -134.1240316821002523
     -29.6559675677775800        0.7218653057175068     -134.1265824171494785
     -29.2102072849219105        0.6581783740627092     -134.1290892146283795
     -28.7733372981147504        0.5946895207812295     -134.1315402704123585
     -28.3458377312788805        0.5315900758121923     -134.1339251114628723
     -27.9281639078547848        0.4690639155890898     -134.1362346335428413
     -27.5207451449504568        0.4072865254815239     -134.1384610954385153
     -27.1239837180138395        0.3464241558606431     -134.1405980936900164
     -26.7382539248842797        0.2866331074872693     -134.1426405489313822
     -26.3639011809101724        0.2280591472608441     -134.1445846130757786
     -26.0012411949223363        0.1708370518018204     -134.1464276640478772
     -25.6505591733283858        0.1150902736983162     -134.1481681667700627
     -25.3121091037433885        0.0609307246334477     -134.1498056122138109
     -24.9861130956092552        0.0084586675504673     -134.1513404298244154
     -24.6727607767623383       -0.0422372907771225     -134.1527738556479221
     -24.3722087779453531       -0.0910801163154284     -134.1541078757563810
     -24.0845802768010628       -0.1380041837321666     -134.1553451084928668
     -23.8099646186381442       -0.1829550422539081     -134.1564886884391399
     -23.5484170279001752       -0.2258891222238137     -134.1575422027773072
     -23.2999583950686535       -0.2667733929306578     -134.1585095922244761
     -23.0645751472940681       -0.3055849820327342     -134.1593950453734294
     -22.8422192135338662       -0.3423107664754247     -134.1602029268802028
     -22.6328080942713967       -0.3769469409550605     -134.1609377199042683
     -22.4362250247965882       -0.4094985658895460     -134.1616039462771255
     -22.2523192127541805       -0.4399791107555074     -134.1622061050763364
     -22.0809061682597232       -0.4684100046005747     -134.1627486247162437
     -21.9217681308397161       -0.4948201987176323     -134.1632358251636390
     -21.7746545913831575       -0.5192457451447732     -134.1636718846600047
     -21.6392829068677699       -0.5417293935818537     -134.1640608057324755
     -21.5153390093925978       -0.5623202083406299     -134.1644063948493510
     -21.4024782061331571       -0.5810732058531003     -134.1647122491502273
     -21.3003260676915005       -0.5980490122905373     -134.1649817490460919
     -21.2084794022623093       -0.6133135399182836     -134.1652180562210503
     -21.1265073129004932       -0.6269376799935867     -134.1654241167030648
     -21.0539523349431406       -0.6389970093878846     -134.1656026684596554
     -20.9903327245718287       -0.6495853422146285     -134.1657561808249000
     -20.9356036426891023       -0.6647352827699029     -134.1658562013122094
     -20.8894370045565871       -0.6871290625684141     -134.1658892093659006
     -20.8510800403347218       -0.7142590731885218     -134.1658678822697084
     -20.8198116465921750       -0.7442837161654060     -134.1658022605637939
     -20.7949250707026394       -0.7757844213908237     -134.1657011299812154
     -20.7757191380047779       -0.8076319989886728     -134.1655726562489974
     -20.7614935372201259       -0.8389046460899739     -134.1654246818004026
     -20.7515461224191995       -0.8688313830074816     -134.1652648715323153
     -20.7451711025536873       -0.8967464450577042     -134.1651008123849067
     -20.7416572524200582       -0.9220435406755241     -134.1649401487386797
     -20.7402850574812057       -0.9441160361658363     -134.1647908582613979
     -20.7403209792538306       -0.9622597850947689     -134.1646618436215022
     -20.7411158427782070       -0.9769162093102172     -134.1645534807398690
