  -68.514382439271373        37.400967696748879        49.982589398571619     
  -66.990382439271372        37.313091475270028        49.865151766164594     
  -65.466382439271371        37.225215253791177        49.747714133757569     
  -63.942382439271370        37.137339032312326        49.630276501350544     
  -57.836415132706122        36.785259415924969        49.159757902900601     
  -57.828133774623765        36.784781899877075        49.159119751269166     
  -57.816238267684980        36.784096270632162        49.158203477516473     
  -57.800094797213163        36.783166335554398        49.156960713866184     
  -57.779081126912281        36.781956783326805        49.155344270336890     
  -57.752588315155990        36.780433349541454        49.153308356042928     
  -57.720022399267805        36.778562988064557        49.150808808228568     
  -57.680806042570197        36.776314047295060        49.147803327885789     
  -57.634380139010240        36.773656450418933        49.144251720823803     
  -57.580205370225436        36.770561878732465        49.140116143096627     
  -57.517763709997709        36.759656040961495        49.125541607618267     
  -57.446559871161327        36.754267781021262        49.118340765071601     
  -57.366122690186614        36.748072236632730        49.110061095382477     
  -57.276006444862375        36.741002953447691        49.100613820266446     
  -57.175792100752894        36.732993942464148        49.089910814244327     
  -57.065088482419618        36.723981191742865        49.077866650435368     
  -56.943533366052762        36.713904456318453        49.064401035488885     
  -56.810794505957119        36.702709161295708        49.049441422647341     
  -56.666570580304992        36.690348442824934        49.032925849494795     
  -56.510592022547655        36.676785480593153        49.014806224567607     
  -56.342621778201938        36.661995697266221        48.995051521098119     
  -56.162455976026344        36.645968778972787        48.973650850779613     
  -55.969924512873888        36.628710384209612        48.950616285267785     
  -55.764891551131292        36.610243363522670        48.925985246230326     
  -55.547255937290792        36.590608371228342        48.899822379832159     
  -55.316951549958262        36.569863736119373        48.872220832858133     
  -55.073947578492835        36.548084389678415        48.843302781991085     
  -54.818248768594152        36.525359525155743        48.813218934819709     
  -54.549895634756844        36.501788992437369        48.782147205622820     
  -54.268964588279168        36.477478934722988        48.750291502223206     
  -53.975568099670305        36.452535720827960        48.717879708318996     
  -53.669854942496734        36.427057927619174        48.685161011156424     
  -53.352010459847797        36.401127170042550        48.652404253982091     
  -53.022256873576218        36.374797908398293        48.619896294196415     
  -52.680853339720713        36.348088484990434        48.587937705275635     
  -52.328095389888290        36.320975958395536        48.556837371654943     
  -51.964313863025197        36.293393981630288        48.526904761273691     
  -51.589873340485781        36.265233653112880        48.498439595212155     
  -51.205169979206545        36.236348198990662        48.471721576728790     
  -50.810629152328254        36.206558679066056        48.446999006960397     
  -50.406702893942423        36.175661135546605        48.424479051204528     
  -49.993867378594203        36.143433770305080        48.404319837959093     
  -49.572620519813903        36.109643952683939        48.386624503845184     
  -49.143479699711293        36.074054959621982        48.371438023278394     
  -48.706979926556343        36.036430788049849        48.358748138965296     
  -48.263672457481228        35.996586141138167        48.348552083303531     
  -47.814123334190107        35.954453348015790        48.340945603097090     
  -47.358911999154955        35.909998118289955        48.336012368729598     
  -46.898629755017986        35.863205638401830        48.333806734988528     
  -46.433878334532061        35.814079746171778        48.334354047122581     
  -45.965268348634361        35.762642448472349        48.337651891705619     
  -45.493417859204527        35.708932989819310        48.343671254146585     
  -45.018950852398525        35.653007158211565        48.352358468497336     
  -44.542495807441512        35.594936313507588        48.363637326934644     
  -44.064684294283580        35.534805646920489        48.377410767580912     
  -43.586149585833610        35.472712638525465        48.393563234926326     
  -43.107525201936646        35.408766102133022        48.411963956574482     
  -42.629443551818589        35.343084312834741        48.432469257873741     
  -42.152534512656906        35.275793680291478        48.454925096160203     
  -41.677423839088000        35.207028260481280        48.479169372789649     
  -41.204731635817723        35.136929280445585        48.505033685330311     
  -40.735070763611894        35.065644721429948        48.532345251221535     
  -40.269045344435916        34.993328872305604        48.560928794354588     
  -39.807249233725678        34.920141539625412        48.590607998060612     
  -39.350264584045043        34.846247433513760        48.621207208203579     
  -38.898660367033905        34.771815298335454        48.652552813407432     
  -38.452990999151794        34.697017194466390        48.684474780105312     
  -38.013794939220759        34.622027478673004        48.716807752061285     
  -37.581593388740295        34.547021978236110        48.749392334182481     
  -37.156888977269226        34.472176890404285        48.782075924128826     
  -36.740164545836429        34.397667870521786        48.814713704712119     
  -36.331881935716225        34.323668915821571        48.847169215011021     
  -35.932480864301567        34.250351371322587        48.879314995080364     
  -35.542377832473605        34.177882858114806        48.911032952692565     
  -35.161965113356850        34.106426194205291        48.942214797460807     
  -34.791609797711033        34.036138284168288        48.972762274176560     
  -34.431652900905235        33.967169091790161        49.002587294809643     
  -34.082408522111763        33.899660651148103        49.031611818295552     
  -33.744163070065518        33.833746242610324        49.059767673415884     
  -33.417174524937813        33.769549850343822        49.086996508072630     
  -33.101671743355816        33.707185801259193        49.113249695463672     
  -32.797853871473464        33.646758427595131        49.138488060107804     
  -32.505889855153512        33.588361263322888        49.162680786364724     
  -32.225917965053682        33.532076886737237        49.185804993473120     
  -31.958045377802165        33.477977200058803        49.207845791366069     
  -31.702347892816405        33.426123148692746        49.228795291773388     
  -31.458869726842053        33.376564501574293        49.248651569120916     
  -31.227623353672964        33.329340044163878        49.267418162847981     
  -31.008589425493156        33.284477812923015        49.285103559686519     
  -30.801716782795271        33.241995312228326        49.301720591910815     
  -30.606922539316557        33.201899832431998        49.317285943129917     
  -30.424092245413060        33.164188831079016        49.331819693923592     
  -30.253080133881621        33.128850344765070        49.345344902793002     
  -30.093709454912243        33.095863374169788        49.357887185544165     
  -29.945772895738823        33.065198266768377        49.369474342962377     
  -29.809033081729240        33.036817113349869        49.380136063552776     
  -29.683223159978471        33.010674138934299        49.389903678584986     
  -29.568047464737898        32.986716081234100        49.398809960181175     
  -29.463182265620855        32.964882537351109        49.406888930647845     
  -29.368276591785801        32.945106312603670        49.414175731984649     
  -29.282953132156511        32.927313756525727        49.420706526068535     
  -29.206809209417401        32.911425085893420        49.426518416092200     
  -29.139417823518041        32.897354706973303        49.431649396431808     
  -29.080297499640420        32.891455270985411        49.445303203212617     
  -29.029039433442772        32.880552831809979        49.448922693915399     
  -28.985118143307911        32.871231249664390        49.452052199449383     
  -28.948021126026966        32.863372631344610        49.454715660752854     
  -28.917217702212032        32.856857417532829        49.456941324772444     
  -28.892160414396077        32.851564370537275        49.458761224583107     
  -28.872286471999995        32.847370582220911        49.460210668975520     
  -28.857019239578683        32.844151506276127        49.461327748237750     
  -28.845769764654712        32.841781018452600        49.462152862610210     
  -28.837938341333338        32.840131507873004        49.462728279480437     
  -28.832916105773091        32.839074002127489        49.463097724851259     
  -28.830086659469757        32.838478328389833        49.463306013994895     
  -28.828827716198994        32.838213312328683        49.463398725520896     
  -22.732512768358959        31.554897842502676        49.912345612107593     
  -21.208512768358958        31.234085549708031        50.024576535380440     
  -19.684512768358957        30.913273256913385        50.136807458653287     
  -18.160512768358956        30.592460964118739        50.249038381926134     
