  -65.911697176000246        53.309819015339464        73.151037253274112     
  -64.387697176000245        53.345485960395344        73.199978969351378     
  -62.863697176000244        53.381152905451223        73.248920685428644     
  -61.339697176000243        53.416819850507103        73.297862401505910     
  -55.234243988101056        53.559708868482204        73.493932845367596     
  -55.226389665343646        53.559892687181836        73.494185078985950     
  -55.215107367852148        53.560157090181974        73.494547889328786     
  -55.199795724895687        53.560516596570288        73.495041199298598     
  -55.179864203770009        53.560985739148435        73.495684950616322     
  -55.154734694102224        53.561579109037154        73.496499165028865     
  -55.123843057759522        53.562311409113725        73.497504017638761     
  -55.086640640274595        53.563197515489797        73.498719921273391     
  -55.042595739750034        53.564252545318489        73.500167619556720     
  -54.991195029353463        53.565491929620414        73.501868286907523     
  -54.931944929635307        53.566566956467177        73.503343425807856     
  -54.864372927036811        53.568152048336913        73.505518470993479     
  -54.788028835102217        53.569946099461163        73.507980251306520     
  -54.702485995066375        53.571961036038303        73.510745136403514     
  -54.607342412655385        53.574208923887348        73.513829692160073     
  -54.502221828116483        53.576702118798814        73.517250890797641     
  -54.386774716679582        53.579453436033056        73.521026349870226     
  -54.260679216851344        53.582476334157754        73.525174594926483     
  -54.123641981689410        53.585785075060613        73.529715295494512     
  -53.975398947847161        53.589394812698181        73.534669412102986     
  -53.815716036066711        53.593321799974994        73.540059518055628     
  -53.644389768797055        53.597583540232129        73.545910062995091     
  -53.461247804495962        53.602198882765066        73.552247584244810     
  -53.266149388597618        53.607188062911966        73.559100875517359     
  -53.058985715520947        53.612572617755852        73.566501029796214     
  -52.839680207041631        53.618375229259684        73.574481442167070     
  -52.608188713019139        53.624619550595888        73.583077867911413     
  -52.364499622775988        53.631329866490354        73.592328355292238     
  -52.108633878211819        53.638530469363779        73.602272922034430     
  -51.840644897193641        53.646244820430674        73.612953111237232     
  -51.560618448119286        53.654494916150760        73.624412058152600     
  -51.268672422958360        53.663300235695850        73.636694285956480     
  -50.964956497388563        53.672676106392728        73.649845107774198     
  -50.649651757889401        53.682632371861565        73.663910740844287     
  -50.322970236606224        53.693172254067072        73.678938150588877     
  -49.985154298611718        53.704291097422335        73.694973790359683     
  -49.636476006637963        53.715976268139606        73.712062925747986     
  -49.277236381036857        53.728207437434506        73.730248423823056     
  -48.907764521751481        53.740956816081237        73.749568590663202     
  -48.528416746994544        53.754190617040358        73.770056175764992     
  -48.139575578065973        53.767869845754042        73.791736334338637     
  -47.741648699332387        53.781951493042143        73.814625316835148     
  -47.335067875441553        53.796389808510369        73.838729612591649     
  -46.920287755280086        53.811136883351949        73.864044584928010     
  -46.497784713738177        53.826143728851257        73.890554789486245     
  -46.068055569226900        53.841363845118742        73.918238866082547     
  -45.631616326448004        53.856759055602794        73.947077717421621     
  -45.189000821441823        53.872292310811595        73.977044717528500     
  -44.740759355334994        53.887926853295525        74.008104676817965     
  -44.287457281137137        53.903626047521627        74.040213786325481     
  -43.829673547595227        53.919353573700057        74.073320131726419     
  -43.367999230541166        53.935073367103442        74.107363952937177     
  -42.903036005896460        53.950749773060899        74.142278283852320     
  -42.435394639065890        53.966347571883254        74.177989510131113     
  -41.965693397422790        53.981832106844209        74.214418146828180     
  -41.494556505797242        53.997169335786324        74.251479592485495     
  -41.022612505241703        54.012325934752468        74.289085015814550     
  -40.550492688437863        54.027269370248717        74.327142251735367     
  -40.078829409236199        54.041968021154432        74.365556695849747     
  -39.608254508906604        54.056391462123408        74.404232173568161     
  -39.139397580875077        54.070510710686086        74.443071666263833     
  -38.672884402773086        54.084298582709465        74.481978195803521     
  -38.209335173724902        54.097729852194881        74.520855450741507     
  -37.749362965348425        54.110781606621671        74.559608687513361     
  -37.293571950545378        54.123433293078456        74.598145211098895     
  -36.842555884471217        54.135667052645466        74.636375250891376     
  -36.396896349866822        54.147467644259109        74.674212270653044     
  -35.957161277290858        54.158822735458806        74.711573774511194     
  -35.523903240397168        54.169722717377390        74.748381452034664     
  -35.097658017840715        54.180160915144633        74.784561850913690     
  -34.678942985391359        54.190133346848853        74.820046418275410     
  -34.268255709676367        54.199638789929068        74.854771940640745     
  -33.866072497932919        54.208678586637362        74.888680612165800     
  -33.472847003221617        54.217256444996487        74.921720070072439     
  -33.089008986288569        54.225378396080927        74.953843657191314     
  -32.714962953137544        54.233052322845488        74.985010073969818     
  -32.351087117666559        54.240288091236799        75.015183824953326     
  -31.997732172318102        54.247096974351145        75.044334643383678     
  -31.655220319417658        54.253491581932963        75.072437565462153     
  -31.323844343644353        54.259485672962739        75.099472805599746     
  -31.003866668135593        54.265093702334035        75.125425217368488     
  -30.695518673319903        54.270330896753364        75.150284449215633     
  -30.398999972249285        54.275212920551056        75.174044498882765     
  -30.114477785595881        54.279755587153666        75.196703294810064     
  -29.842086510351638        54.283974922202347        75.218262736992273     
  -29.581927292740847        54.287886917939026        75.238728286428668     
  -29.334067696453062        54.291507304191839        75.258108554003059     
  -29.098541523634740        54.294851546295540        75.276415186927508     
  -28.875348724423940        54.297934824364944        75.293662717059846     
  -28.664455355283206        54.300771831081754        75.309868146709306     
  -28.465793667536179        54.303376722087378        75.325050737865936     
  -28.279262300850942        54.305763121849893        75.339231868793178     
  -28.104726574998043        54.307944156887132        75.352434926317912     
  -27.942018850058140        54.309932375231547        75.364685044653172     
  -27.790938992388593        54.311739736048928        75.376008947733382     
  -27.651254936009838        54.313377626505854        75.386434837072017     
  -27.522703332804589        54.314856882450421        75.395992293131997     
  -27.404990291027634        54.316187821347178        75.404712202144879     
  -27.297792197061550        54.317380271130922        75.412626685744911     
  -27.200756614736676        54.318443576769198        75.419769007314613     
  -27.113503267672982        54.319386631354568        75.426173519234709     
  -27.035625098232082        54.320217911928765        75.431875622324341     
  -26.966689399258026        54.320945516370479        75.436911730830687     
  -26.906239072698472        54.321939753850572        75.441827435810879     
  -26.853793666276417        54.322481542102246        75.445642702691913     
  -26.808851050763664        54.322956799940549        75.448927661853347     
  -26.770888570495629        54.323366135853590        75.451713570132270     
  -26.739364546057686        54.323711539286840        75.454034740948927     
  -26.713719765395403        54.323996199248619        75.455928201212188     
  -26.693379020503240        54.324224327748908        75.457433352611915     
  -26.677752685263460        54.324400990702671        75.458591641122339     
  -26.666238329910794        54.324531948735064        75.459446238357458     
  -26.658222367517570        54.324623510123388        75.460041738183278     
  -26.653081727827512        54.324682397893348        75.460423871707448     
  -26.650185553716724        54.324715632852268        75.460639243444319     
  -26.648896915525906        54.324730434088707        75.460735091098471     
  -20.552574538490003        54.394752500448952        75.914173614768032     
  -19.028574538490002        54.412257091337224        76.027527251162894     
  -17.504574538490004        54.429761682225497        76.140880887557756     
  -15.980574538490002        54.447266273113769        76.254234523952618     
