  -66.791329877800024        76.871374980475196        24.666322558224579     
  -65.267329877800023        76.901982951374748        24.676143978530764     
  -63.743329877800022        76.932590922274301        24.685965398836949     
  -62.219329877800021        76.963198893173853        24.695786819143134     
  -56.113798201815150        77.085822210670472        24.735133927268180     
  -56.105878671798486        77.085981266276960        24.735184964691356     
  -56.094502716824806        77.086210277994795        24.735258449482071     
  -56.079063984852738        77.086522092250462        24.735358503774329     
  -56.058967058606278        77.086929737274929        24.735489308039497     
  -56.033629055089932        77.087446514004284        24.735655130255861     
  -56.002481190617516        77.088086100024029        24.735860359266656     
  -55.964970307163973        77.088862664753734        24.736109541754548     
  -55.920560355952624        77.089790993926997        24.736407422222879     
  -55.868733834303789        77.090886621284099        24.736758985346402     
  -55.808993171895857        77.092165936215380        24.737169490723357     
  -55.740862062726627        77.093637890287283        24.737641812130107     
  -55.663886739212785        77.095310466025367        24.738178514100696     
  -55.577637185026830        77.097197172608304        24.738783937936905     
  -55.481708283447333        77.099312061424456        24.739462605360750     
  -55.375720898188447        77.101669883371571        24.740219274292119     
  -55.259322883880110        77.104286259746146        24.741059002580698     
  -55.132190023551296        77.107177861040796        24.741987219833362     
  -54.994026887829733        77.110362490054911        24.743009776896958     
  -54.844567615765371        77.113859129503354        24.744132996212475     
  -54.683576622110799        77.117688168510327        24.745363797160458     
  -54.510849221259448        77.121871520634542        24.746709811334636     
  -54.326212168763647        77.126432693097755        24.748179516319393     
  -54.129524119850487        77.131396804223684        24.749782399302653     
  -53.920676003500411        77.136790511003795        24.751529154178435     
  -53.699591314071874        77.142641884610057        24.753431944651478     
  -53.466226320746657        77.148980215419968        24.755504753526719     
  -53.220570194144329        77.155835689378080        24.757763833012312     
  -52.962645043141556        77.163238645936218        24.760228206366776     
  -52.692505877985710        77.171218831888552        24.762920410506251     
  -52.410240512691693        77.179804933537284        24.765867645903274     
  -52.115969385247645        77.189023539093938        24.769103165423420     
  -51.809845302066243        77.198897505026096        24.772668033518038     
  -51.492053140304577        77.209444971109619        24.776613500823565     
  -51.162809425790691        77.220678211592372        24.781002573765651     
  -50.822361756940616        77.232602207620772        24.785910184034218     
  -50.470988131036805        77.245214796573990        24.791422473749371     
  -50.108996113212982        77.258506565901172        24.797634525061049     
  -49.736721872980674        77.272460855787401        24.804646901158474     
  -49.354529153934571        77.287055156894397        24.812561923114536     
  -48.962808128696388        77.302261214277408        24.821479371077839     
  -48.561974225393449        77.318046283467282        24.831492807020922     
  -48.152466900582496        77.334373831247717        24.842686198105937     
  -47.734748368478350        77.351203975451938        24.855131073069000     
  -47.309302345541390        77.368494379254258        24.868885223576587     
  -46.876632785902217        77.386202681466685        24.883993477124037     
  -46.437262585106723        77.404291276761199        24.900489448684574     
  -45.991732235592885        77.422721390668571        24.918393774732465     
  -45.540598424105042        77.441452802999393        24.937714194217502     
  -45.084432620433937        77.460443425856297        24.958445664387678     
  -44.623819590838934        77.479649853674744        24.980570894698861     
  -44.159355939847757        77.499027232578982        25.004060785686953     
  -43.691648550659153        77.518529698166233        25.028875174993026     
  -43.221313081730145        77.538110293709920        25.054963541593114     
  -42.748972353807417        77.557721450093879        25.082266005138575     
  -42.275254826892535        77.577315164627279        25.110714334640484     
  -41.800792934996821        77.596843368531992        25.140233105971561     
  -41.326221543990528        77.616258195892186        25.170740895149716     
  -40.852176240269728        77.635512289396686        25.202151386662127     
  -40.379291756164868        77.654559278655142        25.234374192892208     
  -39.908200214070980        77.673354160576523        25.267315513631942     
  -39.439529546184893        77.691853887335114        25.300878876225386     
  -38.973901729825677        77.710017603012290        25.334965773351531     
  -38.511931219162079        77.727807230843140        25.369476425331865     
  -38.054223190466033        77.745187545235396        25.404310376641767     
  -37.601372003217712        77.762126732142661        25.439367253595009     
  -37.153959472728907        77.778596269816219        25.474547292790064     
  -36.712553381702833        77.794571455259273        25.509752073785574     
  -36.277705798928174        77.810031074945343        25.544884956176837     
  -35.849951661669579        77.824957904222444        25.579851772162169     
  -35.429807165865064        77.839338175792989        25.614561159116125     
  -35.017768428533167        77.853162014760244        25.648925183793583     
  -34.614309992514379        77.866422822075350        25.682859594967645     
  -34.219883557486689        77.879117501762138        25.716284325609656     
  -33.834916661874722        77.891246001751924        25.749123778158239     
  -33.459811458973526        77.902810989646426        25.781307131626910     
  -33.094943619320986        77.913817825355409        25.812768694595526     
  -32.740661184257171        77.924273904526402        25.843447984517827     
  -32.397283656095965        77.934189014802143        25.873290082389875     
  -32.065101024054734        77.943574589032622        25.902245564250354     
  -31.744372923581604        77.952443364848747        25.930270506486167     
  -31.435327933110475        77.960809458113374        25.957326578417273     
  -31.138162862525096        77.968687718253463        25.983380845747259     
  -30.853042198708316        77.976093653629789        26.008405717927385     
  -30.580097653105934        77.983043459599713        26.032378892113993     
  -30.319427742235028        77.989553517476949        26.055283085414935     
  -30.071097499520761        77.995640272789885        26.077105864099519     
  -29.835138301429534        78.001320347362622        26.097839527999657     
  -29.611547753419309        78.006610270935056        26.117480849812136     
  -29.400289676795644        78.011526299253887        26.136030829024840     
  -29.201294203185885        78.016084399193502        26.153494491154174     
  -29.014457968315625        78.020300326073453        26.169880704959400     
  -28.839644385870919        78.024189517091727        26.185201934830300     
  -28.676684015861202        78.027767015802084        26.199474009528526     
  -28.525375030427675        78.031047485713600        26.212715930018966     
  -28.385483769963816        78.034045229909950        26.224949689871575     
  -28.256745388694576        78.036774233560465        26.236200114761843     
  -28.138864585726086        78.039248188977496        26.246494707992941     
  -28.031516418162010        78.041480479678256        26.255863493655546     
  -27.934347198145105        78.043484208641132        26.264338885414588     
  -27.846975469193314        78.045272232852639        26.271955566913917     
  -27.768993058551906        78.046857197597760        26.278750379812184     
  -27.699966202387373        78.048251570367341        26.284762217305293     
  -27.639436740461829        78.049467717824442        26.290031935878773     
  -27.586923382509799        78.050536091065837        26.294608511142741     
  -27.541923021090135        78.051474370985744        26.298538288780787     
  -27.503912111369846        78.052283281730524        26.301863422300610     
  -27.472348112870822        78.052966385597117        26.304628578243239     
  -27.446670974935984        78.053529710504449        26.306880686986556     
  -27.426304668152685        78.053981386690097        26.308668693260131     
  -27.410658757404590        78.054331298745851        26.310043308678008     
  -27.399130012103164        78.054590758057273        26.311056768361691     
  -27.391104049057507        78.054772200038499        26.311762593553375     
  -27.385957003380462        78.054888910465593        26.312215362112891     
  -27.383057222772607        78.054954784716571        26.312470488627692     
  -27.381766980481615        78.054984123171806        26.312584015671110     
  -21.285444202207003        78.193606685908520        26.848992956510386     
  -19.761444202207002        78.228260491701676        26.983088091491155     
  -18.237444202207001        78.262914297494831        27.117183226471923     
  -16.713444202207000        78.297568103287986        27.251278361452691     
