  -66.350468639831718        50.078989485783161       -69.444697587528992     
  -64.826468639831717        50.107624928941064       -69.484406449682808     
  -63.302468639831716        50.136260372098967       -69.524115311836624     
  -61.778468639831715        50.164895815256870       -69.563824173990440     
  -55.670774209621207        50.279657322266154       -69.722964328981831     
  -55.661057713360826        50.279839891935680       -69.723217498936307     
  -55.647100501285799        50.280102673646091       -69.723581899188730     
  -55.628158616791055        50.280460305934561       -69.724077829046067     
  -55.603501506303758        50.280927572131809       -69.724725788600210     
  -55.572413977759680        50.281519485451071       -69.725546596719042     
  -55.534198116344548        50.282251387438109       -69.726561527559099     
  -55.488175152407322        50.283139058154099       -69.727792463332889     
  -55.433687276581907        50.284198836351379       -69.729262060892893     
  -55.370099397294027        50.285447747817535       -69.730993929549669     
  -55.296800835985238        50.286903614660858       -69.733012782263941     
  -55.213206955554732        50.288577841443200       -69.735334431404738     
  -55.118760717459814        50.290481070758204       -69.737973629866516     
  -55.012934160578340        50.292628817590504       -69.740951881428643     
  -54.895229802512461        50.295037121587896       -69.744291406636478     
  -54.765181959502044        50.297722708475128       -69.748015357746993     
  -54.622357978624187        50.300703145060517       -69.752148018767187     
  -54.466359380256428        50.303997003997011       -69.756715009704351     
  -54.296822907937546        50.307624036233982       -69.761743487470994     
  -54.113421482286697        50.311605338231239       -69.767262318971348     
  -53.915865052310828        50.315963451225358       -69.773302130476040     
  -53.703901353450647        50.320722544647879       -69.779895432224151     
  -53.477316565692909        50.325908613108361       -69.787076704554579     
  -53.235935867308875        50.331549643485225       -69.794882364680120     
  -52.979623872550889        50.337675605856234       -69.803350384628487     
  -52.708284970120296        50.344318512058784       -69.812519864209335     
  -52.421863579291809        50.351512785303136       -69.822430852726399     
  -52.120344285491178        50.359295433739987       -69.833123659952719     
  -51.803751852239628        50.367706012154763       -69.844637561658502     
  -51.472151180637475        50.376787295203961       -69.857010084901049     
  -51.125647150264591        50.386585847468531       -69.870275615931106     
  -50.764384335355309        50.397152446954550       -69.884463096201671     
  -50.388546706503085        50.408543772604595       -69.899594527110892     
  -49.998357180681268        50.420823602673885       -69.915682107858942     
  -49.594077067263527        50.434063658174807       -69.932726136391764     
  -49.176005398289888        50.448343715556355       -69.950714090417407     
  -48.744478052207256        50.463749836627208       -69.969619427229460     
  -48.299866821298522        50.480372514220250       -69.989402739164646     
  -47.842578261527635        50.498302751088012       -70.010012098542347     
  -47.373052517254024        50.517628758806921       -70.031385464808494     
  -46.891761990720077        50.538431561137635       -70.053451850512573     
  -46.399210004429598        50.560781876808491       -70.076133846794761     
  -45.895929363383594        50.584736573598768       -70.099348763407875     
  -45.382480907631539        50.610336585798002       -70.123010767049152     
  -44.859452028044544        50.637605307402325       -70.147031346931755     
  -44.327455190261887        50.666551614717427       -70.171323533623237     
  -43.787126401146459        50.697173649116650       -70.195806792832400     
  -43.239123649315125        50.729454620105280       -70.220401011779586     
  -42.684125253372471        50.763362450824992       -70.245025757093117     
  -42.122828229502510        50.798850228493485       -70.269600509368473     
  -41.555946540640335        50.835857021371702       -70.294045227986658     
  -40.984209378028162        50.874308703335686       -70.318280721088712     
  -40.408359383427602        50.914119116431600       -70.342229269424678     
  -39.829150786417131        50.955191266673282       -70.365815086331580     
  -39.247347615248515        50.997418759251303       -70.388964908807580     
  -38.663721751160217        51.040687284570588       -70.411608481438833     
  -38.079051007495075        51.084876188010028       -70.433678997043728     
  -37.494117222600366        51.129860224493015       -70.455113678461743     
  -36.909704182213524        51.175510999882434       -70.475854081545407     
  -36.326595636332605        51.221698312657971       -70.495846830668569     
  -35.745573232025613        51.268291308001892       -70.515044311413263     
  -35.167414352790637        51.315159395041469       -70.533405005872510     
  -34.592890099736337        51.362173459295363       -70.550894208462111     
  -34.022763112026610        51.409206683231730       -70.567484190403590     
  -33.457785438395554        51.456135382524351       -70.583154365965939     
  -32.898696506779835        51.502840104592522       -70.597891824875248     
  -32.346220903824829        51.549205867229631       -70.611690686614878     
  -31.801066366378695        51.595122877753134       -70.624552127325202     
  -31.263921729310333        51.640487140213672       -70.636484284728070     
  -30.735454890209859        51.685200694768874       -70.647501673356004     
  -30.216310931636741        51.729172219613112       -70.657625145197187     
  -29.707110127322220        51.772316803030051       -70.666880752254954     
  -29.208446216380363        51.814556486850513       -70.675299711465883     
  -28.720884573597761        51.855819961653701       -70.682917260820034     
  -28.244960611866532        51.896042877372004       -70.689772339538109     
  -27.781178166314799        51.935167624286827       -70.695906590096627     
  -27.330008051682626        51.973143386696670       -70.701363814925870     
  -26.891886662109258        52.009925895730724       -70.706189143702744     
  -26.467214726425606        52.045477361412921       -70.710428534978533     
  -26.056356118462872        52.079766057397272       -70.714127919641285     
  -25.659636840311038        52.112766339364484       -70.717333018661492     
  -25.277344052178790        52.144457977525711       -70.720088328868385     
  -24.909725287847156        52.174826365265027       -70.722437375194161     
  -24.556987726264158        52.203861697096485       -70.724421641454569     
  -24.219297616151795        52.231558977931556       -70.726080698143846     
  -23.896779815706509        52.257917662109428       -70.727451880461288     
  -23.589517447110968        52.282941211930172       -70.728569911101502     
  -23.297551677908245        52.306637207950139       -70.729467306562725     
  -23.020881614940876        52.329016839469418       -70.730173973824691     
  -22.759464317067501        52.350094574105952       -70.730717074731629     
  -22.513214922104648        52.369888140655966       -70.731121330264898     
  -22.282006900432272        52.388418269302015       -70.731409017062376     
  -22.065672424854675        52.405708420533671       -70.731599955744286     
  -21.864002849326717        52.421784674685476       -70.731711704926198     
  -21.676749299969110        52.436675728342792       -70.731759883793501     
  -21.503623378319123        52.450412671525847       -70.731758180478295     
  -21.344297973130196        52.463028804494456       -70.731718396069724     
  -21.198408177757841        52.474559569021054       -70.731650622942041     
  -21.065552310843302        52.485042487127423       -70.731563413780520     
  -20.945293035409520        52.494517097475445       -70.731463929399837     
  -20.837158575803787        52.503024897726263       -70.731358078897273     
  -20.740644033755419        52.510609308531066       -70.731250675982352     
  -20.655212788710131        52.517315618545858       -70.731145560328216     
  -20.580297982440904        52.523190962659072       -70.731045757372641     
  -20.515304090364275        52.528300775898913       -70.730975556578940     
  -20.459608554046806        52.532700617235399       -70.730943205974853     
  -20.412563493893963        52.536432249782358       -70.730935893905212     
  -20.373497496086763        52.539541542451275       -70.730943762530586     
  -20.341717454968329        52.542078014994416       -70.730959499962751     
  -20.316510471969977        52.544094386135562       -70.730977942259614     
  -20.297145805707018        52.545646130589724       -70.730995692639326     
  -20.282876867749053        52.546791050500538       -70.731010764710433     
  -20.272943258459449        52.547588866437621       -70.731022255902943     
  -20.266572837205665        52.548100832628187       -70.731030056622870     
  -20.262983821167126        52.548389380566356       -70.731034599940855     
  -20.261386906911984        52.548517794569854       -70.731036655871861     
  -14.164987408878055        53.038752673459975       -70.738885403362161     
  -12.640987408878054        53.161303361890006       -70.740847461652322     
  -11.116987408878055        53.283854050320038       -70.742809519942483     
  -9.5929874088780540        53.406404738750069       -70.744771578232644     
