  -67.232367379822804        61.139876100363693       -44.980907142878479     
  -65.708367379822803        61.145327116464962       -44.984917482199393     
  -64.184367379822802        61.150778132566231       -44.988927821520306     
  -62.660367379822802        61.156229148667499       -44.992938160841220     
  -56.554764952885591        61.178067558862509       -45.009004786491225     
  -56.546786648392839        61.178096095520154       -45.009025781050426     
  -56.535326283054772        61.178137506296402       -45.009056247161880     
  -56.519773024490782        61.178194498127098       -45.009098176331435     
  -56.499527068048089        61.178270052726631       -45.009153762220109     
  -56.474001251793382        61.178367517805455       -45.009225467750774     
  -56.442622637115868        61.178490708747219       -45.009316099903948     
  -56.404834050660348        61.178644019560394       -45.009428891319679     
  -56.360095583407954        61.178832541862000       -45.009567587765090     
  -56.307886042832820        61.179062190614779       -45.009736540470541     
  -56.247704354188024        61.179339808797117       -45.009940782752935     
  -56.179070907112262        61.179665607298197       -45.010180467200939     
  -56.101528843901995        61.180039079266905       -45.010455215279634     
  -56.014645285805450        61.180464933405077       -45.010768479434056     
  -55.918012493231991        61.180948501562924       -45.011124158916267     
  -55.811248958683713        61.181495897216124       -45.011526706783002     
  -55.694000428689279        61.182114198459033       -45.011981248429137     
  -55.565940851736372        61.182811631375252       -45.012493690345160     
  -55.426773250166377        61.183597767244180       -45.013070823934790     
  -55.276230514047136        61.184483731595499       -45.013720415870878     
  -55.114076115376982        61.185482422286249       -45.014451273277963     
  -54.940104739474492        61.186608657593183       -45.015273212704265     
  -54.754142834224162        61.187879312361865       -45.016196958545535     
  -54.556049081536635        61.189313630613597       -45.017234087316176     
  -54.345714785485271        61.190933482959430       -45.018396818663497     
  -54.123064179432710        61.192763629857097       -45.019697661223915     
  -53.888054649535668        61.194831796966412       -45.021148723650008     
  -53.640676885674630        61.197168978006168       -45.022760935962829     
  -53.380954965329700        61.199810075375566       -45.024543184180708     
  -53.108946366308459        61.202794476023648       -45.026500959754195     
  -52.824741912649920        61.206166467270975       -45.028634317093221     
  -52.528465682080736        61.209976488387092       -45.030935684634535     
  -52.220274879245252        61.214282864706846       -45.033387017050686     
  -51.900359648283306        61.219153186703750       -45.035955953423745     
  -51.568942739623338        61.224665473578774       -45.038593182397008     
  -51.226278979852246        61.230908548398581       -45.041231598029334     
  -50.872654517181019        61.237980222117557       -45.043786357035451     
  -50.508385865578347        61.245985104075864       -45.046157325436539     
  -50.133818760133479        61.255031267926391       -45.048232887890300     
  -49.749326864313687        61.265225593490207       -45.049894066718949     
  -49.355310405318555        61.276670321992562       -45.051019818140688     
  -48.952194757998214        61.289458627310793       -45.051491140054985     
  -48.540429009111179        61.303671570396361       -45.051195336054384     
  -48.120484522904476        61.319375348178269       -45.050029366136826     
  -47.692853572257249        61.336619654115808       -45.047901496265837     
  -47.258048060422745        61.355440821836638       -45.044733607941346     
  -46.816598219216992        61.375865342514004       -45.040463393006114     
  -46.369051233967980        61.397905665692093       -45.035041000156717     
  -45.915969858736531        61.421559130832399       -45.028427930516528     
  -45.457930952811097        61.446808731876956       -45.020597132550030     
  -44.995524045475790        61.473623223351929       -45.011532421075991     
  -44.529349807656551        61.501958073032306       -45.001228297585108     
  -44.060018579264224        61.531755939814452       -44.989689196127884     
  -43.588148799665895        61.562947994245775       -44.976929125161064     
  -43.114365518394813        61.595454989408452       -44.962970915737756     
  -42.639298780716061        61.629188553192577       -44.947845446017624     
  -42.163582112051017        61.664052423670846       -44.931590665081941     
  -41.687850882943891        61.699943937098787       -44.914250683796539     
  -41.212740765103526        61.736755360594501       -44.895874925586170     
  -40.738886036038338        61.774374993246830       -44.876517732491884     
  -40.266917977594957        61.812688178920993       -44.856238132309031     
  -39.797463163694083        61.851578183032792       -44.835099490751581     
  -39.331141858445264        61.890927201435659       -44.813169231553125     
  -38.868566320499426        61.930617167615942       -44.790518402274323     
  -38.410339219620610        61.970530725571066       -44.767221346429302     
  -37.957051971440194        62.010551915608715       -44.743355178130400     
  -37.509283195124155        62.050567083195901       -44.718999418788208     
  -37.067597091310027        62.090465395888359       -44.694235377843512     
  -36.632541966903652        62.130139694946166       -44.669145790530642     
  -36.204648669465719        62.169486788077826       -44.643814094135941     
  -35.784429202855272        62.208408263645353       -44.618324110757200     
  -35.372375238268404        62.246810540478137       -44.592759231641487     
  -34.968956833396355        62.284605639040279       -44.567202167408119     
  -34.574621055489757        62.321711050118935       -44.541734094148509     
  -34.189790799236569        62.358050357739856       -44.516434337757516     
  -33.814863580337338        62.393553221857815       -44.491379622470824     
  -33.450210429922052        62.428155617052205       -44.466643614511248     
  -33.096174890020308        62.461800142183847       -44.442296615551101     
  -32.753071991856594        62.494435478250210       -44.418404765792566     
  -32.421187408168620        62.526016588037471       -44.395029880663728     
  -32.100776627663741        62.556504501934121       -44.372229090449615     
  -31.792064221502969        62.585866180433243       -44.350054632972579     
  -31.495243235095153        62.614074691479466       -44.328553952654332     
  -31.210474606929328        62.641108681313867       -44.307769377092917     
  -30.937886697490573        62.666952090811378       -44.287738040760928     
  -30.677574932324102        62.691594173809136       -44.268492080277404     
  -30.429601505566257        62.715029060175659       -44.250058557560862     
  -30.193995180513372        62.737255390711439       -44.232459477326216     
  -29.970751196310196        62.758276171716517       -44.215711990946929     
  -29.759831265878450        62.778098597150716       -44.199828599156142     
  -29.561163656269869        62.796733658651426       -44.184817224697198     
  -29.374643367983058        62.814195894258262       -44.170681405610438     
  -29.200132408434879        62.830503185262067       -44.157420527754596     
  -29.037460158684659        62.845676603698948       -44.145030081040332     
  -28.886423828552719        62.859740176770757       -44.133501840580173     
  -28.746789001673154        62.872720667575308       -44.122824040948821     
  -28.618290270307842        62.884647422413686       -44.112981576603360     
  -28.500631956578562        62.895552233854922       -44.103956192329427     
  -28.393488917878617        62.905469216500727       -44.095726662015927     
  -28.296507434064811        62.914434698923330       -44.088268959610254     
  -28.209306173657644        62.922487123476820       -44.081556418667368     
  -28.131477235957515        62.929666938019189       -44.075559872547636     
  -28.062587266127295        62.936016503087188       -44.070247795513382     
  -28.002178639823303        62.941580048273657       -44.065586471789935     
  -27.949770722860386        62.946420425169933       -44.061551742271647     
  -27.904861168238433        62.950590376223161       -44.058109389729609     
  -27.866927285098832        62.954128531020096       -44.055212586439310     
  -27.835427474095980        62.957077645509720       -44.052814675534421     
  -27.809802702870265        62.959484134338396       -44.050869057802544     
  -27.789478027691398        62.961397608816768       -44.049329088665083     
  -27.773864157011122        62.962870426096828       -44.048147988824994     
  -27.762359052569078        62.963957254903974       -44.047278771692291     
  -27.754349563608052        62.964714662820263       -44.046674190353329     
  -27.749213089677760        62.965200729685264       -44.046286706511474     
  -27.746319267441603        62.965474691186522       -44.046068483477299     
  -27.745031676849127        62.965596616168511       -44.045971404918511     
  -21.648709561999723        63.542871697549167       -43.586336045452306     
  -20.124709561999722        63.687182842441132       -43.471433277089680     
  -18.600709561999722        63.831493987333097       -43.356530508727054     
  -17.076709561999721        63.975805132225062       -43.241627740364429     
