  -68.100335449553000        53.498256056272872       -39.765817696874670     
  -66.576335449553000        53.434143002763960       -39.718161788331251     
  -65.052335449552999        53.370029949255049       -39.670505879787832     
  -63.528335449552998        53.305916895746137       -39.622849971244413     
  -57.422524242104224        53.049051934684130       -39.431919537854945     
  -57.414372525040406        53.048709000647186       -39.431664631370126     
  -57.402663150869500        53.048216757474599       -39.431298741830744     
  -57.386772119964562        53.047549399754310       -39.430802687801737     
  -57.366086765734174        53.046681867757087       -39.430157842120742     
  -57.340007424636362        53.045590001562296       -39.429346246457463     
  -57.307949072914717        53.044250703406242       -39.428350731975172     
  -57.269342925304279        53.042642107356428       -39.427155045410267     
  -57.223637991021533        53.040743755431592       -39.425743979873801     
  -57.170302582438758        53.038536779321852       -39.424103509655822     
  -57.108825771949519        53.036004055321548       -39.422220904778783     
  -57.038718792662593        53.033121230022125       -39.420078059011956     
  -56.959516378735465        53.029863795268071       -39.417656746193977     
  -56.870778041862806        53.026214169257727       -39.414943878831643     
  -56.772089279635800        53.022156305970718       -39.411927492440014     
  -56.663062711552129        53.017675935111200       -39.408596908612836     
  -56.543339140493757        53.012760813598376       -39.404942896325949     
  -56.412588536552335        53.007401002200041       -39.400957835928480     
  -56.270510940787666        53.001589167932778       -39.396635878228608     
  -56.116837287044603        52.995320911691792       -39.391973087056030     
  -55.951330141415035        52.988595095043721       -39.386967530623835     
  -55.773784365843021        52.981413952157318       -39.381619142109130     
  -55.584027690078393        52.973783480202826       -39.375929689125805     
  -55.381921198335874        52.965713958788399       -39.369902705816216     
  -55.167359739738671        52.957220405492173       -39.363543198743521     
  -54.940272264600964        52.948323022729568       -39.356857109424141     
  -54.700622097883631        52.939047437467174       -39.349850311488780     
  -54.448407135692626        52.929425578642707       -39.342527675002302     
  -54.183659989330408        52.919496697004718       -39.334891706449625     
  -53.906448100155366        52.909308298146726       -39.326940432578354     
  -53.616873840962242        52.898917178460088       -39.318664453913023     
  -53.315074588076506        52.888391874468780       -39.310043846769908     
  -53.001222845561543        52.877815343069685       -39.301043637183142     
  -52.675526395219734        52.867287489010685       -39.291608022284287     
  -52.338228139840304        52.856927743829175       -39.281656829610441     
  -51.989605584831430        52.846875265299801       -39.271083983175750     
  -51.629969948854828        52.837286537382312       -39.259758032908195     
  -51.259664792942878        52.828332378083971       -39.247526460752297     
  -50.879064359176112        52.820192013601201       -39.234221279213656     
  -50.488571646982585        52.813046714742384       -39.219666308519486     
  -50.088616361432386        52.807073760497687       -39.203685104428516     
  -49.679652918787788        52.802439664388785       -39.186107574197564     
  -49.262158404083266        52.799295686143232       -39.166776886920026     
  -48.836630708663115        52.797772844603749       -39.145554201792400     
  -48.403586837624886        52.797980187290484       -39.122321796997554     
  -47.963561589605582        52.800007702356574       -39.096985161321292     
  -47.517106179760901        52.803931191733199       -39.069475968531620     
  -47.064786835538783        52.809806700750414       -39.039747401452409     
  -46.607183337448070        52.817669801189169       -39.007773028433178     
  -46.144887542971752        52.827536063409923       -38.973546318986941     
  -45.678501899145893        52.839401591855079       -38.937079919420931     
  -45.208637943478081        52.853243986634773       -38.898404882499243     
  -44.735914810081951        52.869023333353077       -38.857569579435207     
  -44.260957740870694        52.886683377487657       -38.814638388421848     
  -43.784396590458144        52.906153022964659       -38.769690323027966     
  -43.306864324757150        52.927348683906146       -38.722817985774647     
  -42.828995530606015        52.950176050741817       -38.674125844027010     
  -42.351424958657141        52.974531687635299       -38.623728217745530     
  -41.874786003298077        53.000304721722472       -38.571747622227477     
  -41.399709139378530        53.027378073411398       -38.518313758428512     
  -40.926820288580899        53.055629591431206       -38.463562801481146     
  -40.456739237643284        53.084933376413211       -38.407636798018473     
  -39.990078027466666        53.115160819421284       -38.350682825165450     
  -39.527439408254537        53.146181788845546       -38.292852247353551     
  -39.069415268819562        53.177865572447679       -38.234299787226604     
  -38.616585138776664        53.210082010555617       -38.175182751624753     
  -38.169514675682933        53.242702301555369       -38.115660034952477     
  -37.728754227769116        53.275600018754488       -38.055891318329913     
  -37.294837397067688        53.308651771674256       -37.996036046866088     
  -36.868279674029260        53.341738070650180       -37.936252621712654     
  -36.449577096253549        53.374743867262303       -37.876697410069404     
  -36.039204964685254        53.407559187528214       -37.817523913788669     
  -35.637616616555562        53.440079632601837       -37.758881907501419     
  -35.245242236046593        53.472206712982349       -37.700916548203011     
  -34.862487761079159        53.503848456822084       -37.643767654218856     
  -34.489733822884659        53.534919438660260       -37.587568634968072     
  -34.127334773739193        53.565341355233457       -37.532445963209746     
  -33.775617759299081        53.595042917394565       -37.478518331511644     
  -33.434881852690687        53.623960112112677       -37.425896251224785     
  -33.105397266316878        53.652036403688292       -37.374681751482463     
  -32.787404637572543        53.679221988969616       -37.324967584510617     
  -32.481114388241281        53.705473484228669       -37.276836879499463     
  -32.186706147223205        53.730753836525167       -37.230363083597105     
  -31.904328242446308        53.755032283515426       -37.185610052286236     
  -31.634097274515074        53.778284390488196       -37.142632297251573     
  -31.376097776708885        53.800491759480629       -37.101475091089675     
  -31.130381962126243        53.821641427453351       -37.062174438322451     
  -30.896969546538674        53.841725608353521       -37.024757344282854     
  -30.675847653286212        53.860741533532114       -36.989242194845303     
  -30.466970815797207        53.878690979795628       -36.955638952914079     
  -30.270261064475442        53.895579854330698       -36.923949422387402     
  -30.085608093763163        53.911417918077106       -36.894167637982292     
  -29.912869513663114        53.926218564344431       -36.866280298312155     
  -29.751871194938580        53.939998529733550       -36.840267130762975     
  -29.602407705113730        53.952777579810487       -36.816101212694328     
  -29.464242827351541        53.964578289717117       -36.793749325998775     
  -29.337110164643377        53.975425857588348       -36.773172300409030     
  -29.220713828344362        53.985347939397123       -36.754325337289906     
  -29.114729208612594        53.994374511242903       -36.737158318929744     
  -29.018803826391871        54.002537732749182       -36.721616087510149     
  -28.932558263962235        54.009871814831563       -36.707638700201407     
  -28.855587169486611        54.016412912109907       -36.695161679021759     
  -28.787460332878275        54.022199031222264       -36.684116255330167     
  -28.727723830231746        54.027269990060823       -36.674429639555335     
  -28.675901216845528        54.031686597677059       -36.666038548070937     
  -28.631494826608900        54.035497790900550       -36.658866813083975     
  -28.593987104945462        54.038736065462807       -36.652822547408512     
  -28.562841974082939        54.041438359623235       -36.647812863186509     
  -28.537506267233262        54.043645533861934       -36.643743824395045     
  -28.517411209428634        54.045401858227500       -36.640520415475095     
  -28.501973941100587        54.046754513945032       -36.638046530081546     
  -28.490599080392059        54.047753115627209       -36.636224983453211     
  -28.482680320092591        54.048449260019623       -36.634957551463351     
  -28.477602054988878        54.048896106688439       -36.634145038993410     
  -28.474741035331462        54.049147995454724       -36.633687379848674     
  -28.473468042035627        54.049260104716716       -36.633483769992260     
  -22.377149579162140        54.586147271343350       -35.658403594050490     
  -20.853149579162139        54.720362051447431       -35.414646284260144     
  -19.329149579162141        54.854576831551512       -35.170888974469797     
  -17.805149579162141        54.988791611655593       -34.927131664679450     
