  -62.103004320115758        108.77532129765375       -78.760121072966228     
  -60.579004320115757        108.76064205689643       -78.749492386556099     
  -59.055004320115756        108.74596281613911       -78.738863700145970     
  -57.531004320115755        108.73128357538180       -78.728235013735841     
  -51.424760511926060        108.67246794350301       -78.685648825690535     
  -51.416249318339524        108.67238596328005       -78.685589466892893     
  -51.404023506758804        108.67226838724920       -78.685504334508863     
  -51.387431467861980        108.67210916747415       -78.685389049455253     
  -51.365833369872448        108.67190250681516       -78.685239414241494     
  -51.338602885561123        108.67164291784904       -78.685051455632731     
  -51.305128883045533        108.67132528585540       -78.684821470259777     
  -51.264817075786596        108.67094493525258       -78.684546072735444     
  -51.217091627289292        108.67049769882881       -78.684222245815064     
  -51.161396706132507        108.66997998907991       -78.683847392130630     
  -51.097197987083163        108.66869965784917       -78.682920353745672     
  -51.023984094194802        108.66790254485876       -78.682343197595202     
  -50.941267981946460        108.66699069685387       -78.681682970904703     
  -50.848588250646650        108.66595589250942       -78.680933726551729     
  -50.745510392509786        108.66479018491167       -78.680089721675628     
  -50.631627965003737        108.66348610927191       -78.679145572664339     
  -50.506563687756575        108.66203694456892       -78.678096452298576     
  -50.369970460011018        108.66043702469972       -78.676938327551596     
  -50.221532297831338        108.65868201999530       -78.675668183161420     
  -50.060965186701239        108.65676924526396       -78.674284275017115     
  -49.888017847632625        108.65469796729916       -78.672786398367833     
  -49.702472414951082        108.65246969032435       -78.671176161437643     
  -49.504145023902225        108.65008833066211       -78.669457208355766     
  -49.292886306736705        108.64756025864904       -78.667635386096308     
  -49.068581797111300        108.64489447187039       -78.665719060327262     
  -48.831152241287057        108.64210258491990       -78.663719369804781     
  -48.580553815473252        108.63919864498368       -78.661650448531176     
  -48.316778248186068        108.63619871233938       -78.659529600414302     
  -48.039852853492214        108.63312041234467       -78.657377613255022     
  -47.749840472300505        108.62998225860109       -78.655219115797493     
  -47.446839321740804        108.62680256078774       -78.653082907894685     
  -47.130982758733204        108.62359818709737       -78.651002548402261     
  -46.802438961955765        108.62038319634028       -78.649017331917108     
  -46.461410525464125        108.61716692001488       -78.647173214133588     
  -46.108133946398958        108.61395249551022       -78.645523406778366     
  -45.742878997664462        108.61073606739046       -78.644128321306823     
  -45.365947982909184        108.60750605933093       -78.643054361300401     
  -44.977674875755845        108.60424374204429       -78.642372380711805     
  -44.578424350125694        108.60092414235979       -78.642155338063304     
  -44.168590714931128        108.59751726809422       -78.642475570028068     
  -43.748596768237292        108.59398959674905       -78.643402125647356     
  -43.318892581138364        108.59030518436693       -78.644998050059215     
  -42.879954215711159        108.58642736121016       -78.647318511565942     
  -42.432282390307222        108.58231961864412       -78.650408884133043     
  -41.976401101194014        108.57794670711678       -78.654304192952793     
  -41.512856219622307        108.57328065286417       -78.659033478770084     
  -41.042214027176101        108.56830932536822       -78.664626192341245     
  -40.565059703804209        108.56302548946289       -78.671104410211157     
  -40.081995756572049        108.55742514116199       -78.678481797362792     
  -39.593640413874056        108.55150712656115       -78.686763570370573     
  -39.100625968401914        108.54527315618840       -78.695946839680346     
  -38.603597096660067        108.53872741205535       -78.706020762307517     
  -38.103209135300517        108.53187650636734       -78.716967058586832     
  -37.600126342751224        108.52472910626668       -78.728760391111535     
  -37.095020128363466        108.51729579083127       -78.741369013064272     
  -36.588567271594790        108.50958870739046       -78.754755355497849     
  -36.081448123733530        108.50162133703466       -78.768876771745866     
  -35.574344799901304        108.49340820725759       -78.783686293774807     
  -35.067939369154992        108.48496465278431       -78.799133340783030     
  -34.562912025977383        108.47630678666960       -78.815164278147193     
  -34.059939278373975        108.46745144383780       -78.831722847113554     
  -33.559692126399014        108.45841623099813       -78.848750677869148     
  -33.062834274546546        108.44921947329455       -78.866187736773171     
  -32.570020342323076        108.43988021274858       -78.883972815762149     
  -32.081894116738312        108.43041813106194       -78.902043966601809     
  -31.599086816689216        108.42085358608720       -78.920339015346812     
  -31.122215402546235        108.41120755621549       -78.938796003223686     
  -30.651880913026222        108.40150156593087       -78.957353603358726     
  -30.188666850039894        108.39175759552215       -78.975951512359359     
  -29.733137605749640        108.38199798717035       -78.994530822468676     
  -29.285836942162287        108.37224533650989       -79.013034363507401     
  -28.847286523415132        108.36252240112121       -79.031407034467492     
  -28.417984509543036        108.35285197463509       -79.049596085695285     
  -27.998404207121677        108.34325674687994       -79.067551368919084     
  -27.588992796843741        108.33375915705901       -79.085225586090402     
  -27.190170116048041        108.32438120595562       -79.102574493172270     
  -26.802327535016449        108.31514432386409       -79.119557096594122     
  -26.425826884014665        108.30606918349761       -79.136135756563604     
  -26.060999485411340        108.29717560465933       -79.152276305720960     
  -25.708145246168137        108.28848239432914       -79.167948070969402     
  -25.367531845064178        108.28000723682968       -79.183123883712867     
  -25.039394010684688        108.27176661429093       -79.197780068326523     
  -24.723932872605733        108.26377569163333       -79.211896363401166     
  -24.421315420619205        108.25604827574024       -79.225455860287809     
  -24.131674047996153        108.24859675953664       -79.238444898251487     
  -23.855106182978773        108.24143206146609       -79.250852927764626     
  -23.591674025900712        108.23456361951997       -79.262672390148893     
  -23.341404377264816        108.22799937933701       -79.273898573975529     
  -23.104288556159638        108.22174577102138       -79.284529448329295     
  -22.880282420563116        108.21580771925508       -79.294565509987734     
  -22.669306485892388        108.21018867131157       -79.304009635344769     
  -22.471246133905382        108.20489061616378       -79.312866915454464     
  -22.285951917281597        108.19991411290587       -79.321144495568348     
  -22.113239960619389        108.19525833006507       -79.328851428740521     
  -21.952892455169238        108.19092108886930       -79.335998540563409     
  -21.804658245456103        108.18689890803761       -79.342598304459329     
  -21.668253504317430        108.18318704269335       -79.348664722766841     
  -21.543362497559368        108.17977952848942       -79.354213221985418     
  -21.429638435366357        108.17666922789860       -79.359260559724575     
  -21.326704407719294        108.17384787712062       -79.363824741514037     
  -21.234154401258991        108.17130613374817       -79.367924946430165     
  -21.151554394830789        108.16903362556400       -79.371581460270235     
  -21.078443530727533        108.16701900092038       -79.374815614782833     
  -21.014335365910032        108.16592563813711       -79.378145912525554     
  -20.958719153491881        108.16437852869831       -79.380595524972193     
  -20.911061267992089        108.16306717190780       -79.382705174857904     
  -20.870806613236827        108.16196985184261       -79.384494700249036     
  -20.837380128220822        108.16106585005664       -79.385985959882333     
  -20.810188338488270        108.16033527028576       -79.387202604053115     
  -20.788620957066399        108.15975887188030       -79.388169848960416     
  -20.772052530631250        108.15931791512872       -79.388914256940168     
  -20.759844126464873        108.15899402139233       -79.389463524949292     
  -20.751345055653839        108.15876905071877       -79.389846283531156     
  -20.745894627881118        108.15862499932457       -79.390091908322702     
  -20.742823933078213        108.15854391904284       -79.390230345955260     
  -20.741457645131629        108.15850786050666       -79.390291955969332     
  -14.645115842778207        107.99761559617363       -79.665194259812594     
  -13.121115842778206        107.95739478526882       -79.733915982550542     
  -11.597115842778207        107.91717397436400       -79.802637705288490     
  -10.073115842778206        107.87695316345919       -79.871359428026437     
