  -66.791329877800024        65.151495984407177       -47.675133429853275     
  -65.267329877800023        65.177437424637702       -47.694116288277755     
  -63.743329877800022        65.203378864868228       -47.713099146702234     
  -62.219329877800021        65.229320305098753       -47.732082005126713     
  -56.113800407849205        65.333248276109515       -47.808132137367238     
  -56.105882710751075        65.333383050693527       -47.808230759757699     
  -56.094509388666168        65.333577102004440       -47.808372758371853     
  -56.079074229895753        65.333841315287472       -47.808566098575668     
  -56.058981954979764        65.334186729791355       -47.808818858428104     
  -56.033649815843134        65.334624615778935       -47.809139285032472     
  -56.002509160463859        65.335166562590672       -47.809535858972545     
  -55.965006958872976        65.335824576238906       -47.810017365712348     
  -55.920607286400283        65.336611184895602       -47.810592972745589     
  -55.868792760191845        65.337539550533023       -47.811272311186755     
  -55.809065925151280        65.336328864131033       -47.810386379953584     
  -55.740950585592934        65.337158822926355       -47.810993704702149     
  -55.663993079044268        65.338070994458960       -47.811661183247828     
  -55.577763488796023        65.339063869025509       -47.812387703728994     
  -55.481856791973492        65.340135937300474       -47.813172147513086     
  -55.375893940090947        65.341286232916943       -47.814013780431218     
  -55.259522869254269        65.342514974047688       -47.814912712526663     
  -55.132419437354642        65.343824289126587       -47.815870413299493     
  -54.994288282962280        65.345218923816361       -47.816890204093916     
  -54.844863605775529        65.346706959092316       -47.817977745226933     
  -54.683909873463158        65.348300698668595       -47.819141627829993     
  -54.511222445054443        65.350017454903607       -47.820393864409837     
  -54.326628111744213        65.351880255474470       -47.821750284163016     
  -54.129985554469485        65.353918441382163       -47.823230798106628     
  -53.921185716738663        65.356168100775704       -47.824859476104812     
  -53.700152094578726        65.358672353783390       -47.826664424699594     
  -53.466840943750952        65.361481466174453       -47.828677421068413     
  -53.221241403401294        65.364652748871521       -47.830933235127915     
  -52.963375528980833        65.368250021993575       -47.833468430527645     
  -52.693298250084680        65.372343035213547       -47.836319869514163     
  -52.411097265969040        65.377007159364339       -47.839523069380988     
  -52.116892856673282        65.382322734442369       -47.843109847160861     
  -51.810837615321901        65.388374193302170       -47.847105186875311     
  -51.493116136076715        65.395249949634490       -47.851524210947652     
  -51.163944581838933        65.403041534979536       -47.856369406421052     
  -50.823570104796403        65.411841504951838       -47.861628380204650     
  -50.472270176675330        65.421741686751616       -47.867273380680480     
  -50.110351769867442        65.432830219282067       -47.873261544488891     
  -49.738150412512653        65.445187920174661       -47.879536001473269     
  -49.356029180713492        65.458885514469571       -47.886028400416187     
  -48.964377577264671        65.473979913616176       -47.892660927955106     
  -48.563610380197218        65.490511921699309       -47.899349119516202     
  -48.154166435615203        65.508504139368569       -47.906004287474296     
  -47.736507403369544        65.527959368378106       -47.912535671074401     
  -47.311116509965657        65.548860755902538       -47.918852334246878     
  -46.878497284605281        65.571188919095334       -47.924875699428384     
  -46.439172262760891        65.594946308840775       -47.930557035526746     
  -45.993681640521608        65.620127457367801       -47.935855594617870     
  -45.542581872914361        65.646714726750560       -47.940735338430386     
  -45.086444258753190        65.674678191877462       -47.945164582640992     
  -44.625853456865286        65.703976318093609       -47.949116120110332     
  -44.161406018722687        65.734556309660789       -47.952566954617367     
  -43.693708834616984        65.766354935604980       -47.955498259597512     
  -43.223377614935387        65.799299157944958       -47.957895043811220     
  -42.751035287550323        65.833307223894266       -47.959746041654100     
  -42.277310450447921        65.868289701067482       -47.961043431871992     
  -41.802835724573356        65.904150687305631       -47.961782593911138     
  -41.328246177657604        65.940789040282255       -47.961961795435407     
  -40.854177640239776        65.978099564983367       -47.961581953374356     
  -40.381265091471548        66.015974065688454       -47.960646667920109     
  -39.910140940670317        66.054302273628366       -47.959162313822773     
  -39.441433401177513        66.092972869578333       -47.957138178892770     
  -38.975764768943662        66.131874342394795       -47.954586475772139     
  -38.513749803644885        66.170895982476267       -47.951522430437890     
  -38.055994021204889        66.209928627999318       -47.947964197609323     
  -37.603092100889128        66.248865584124076       -47.943932887656558     
  -37.155626208683209        66.287603211116249       -47.939452372332219     
  -36.714164451671344        66.326041740143623       -47.934549251294797     
  -36.279259250714482        66.364085669915241       -47.929252541842494     
  -35.851445863809296        66.401644467760860       -47.923593599362952     
  -35.431240830010118        66.438632758342862       -47.917605694141557     
  -35.019140578030466        66.474970889730400       -47.911323892718926     
  -34.615619972999120        66.510584957693027       -47.904784566188710     
  -34.221131014061712        66.545407180708409       -47.898025201553871     
  -33.836101530808925        66.579375912451397       -47.891083916890899     
  -33.460933958222810        66.612435651714890       -47.883999028096241     
  -33.096004221968208        66.644537192144000       -47.876808748946708     
  -32.741660616396672        66.675637370878476       -47.869550692328588     
  -32.398222865200118        66.705699331002009       -47.862261799658064     
  -32.065981166401329        66.734692092761108       -47.854977828823884     
  -31.745195349277225        66.762590272464763       -47.847733033539022     
  -31.436094158371347        66.789374052298683       -47.840560061923277     
  -31.138874556236150        66.815028670930687       -47.833489572133118     
  -30.853701164645624        66.839544240934728       -47.826550137137829     
  -30.580705806132880        66.862915609956886       -47.819768212671384     
  -30.319987093558815        66.885141860371021       -47.813167889609133     
  -30.071610140840971        66.906226034761076       -47.806770842527520     
  -29.835606385291054        66.926175016589980       -47.800596410769948     
  -29.611973478602621        66.944999162035728       -47.794661519828701     
  -29.400675274018447        66.962711951237793       -47.788980635969033     
  -29.201641921953101        66.979329790101730       -47.783565838443288     
  -29.014770062863036        66.994871859284302       -47.778426938680084     
  -28.839923103744617        67.009359852544776       -47.773571523108373     
  -28.676931587417513        67.022817729674486       -47.769005001806939     
  -28.525593658949180        67.035271555178412       -47.764730707467912     
  -28.385675622709243        67.046749360027263       -47.760749999241654     
  -28.256912588619610        67.057281032786506       -47.757062375192369     
  -28.139009203528030        67.066898204372919       -47.753665566732685     
  -28.031640465546019        67.075634126057224       -47.750555616316213     
  -27.934452621357092        67.083523581775239       -47.747726967849879     
  -27.847064143014617        67.090602820258638       -47.745172560724320     
  -27.769066780701085        67.096909495129509       -47.742883921099370     
  -27.700026688283675        67.102482610807556       -47.740851251194115     
  -27.639486363902972        67.109690940556064       -47.740697054495875     
  -27.586962908725049        67.113861808563712       -47.739101767325465     
  -27.541953893264857        67.117455781959592       -47.737748493425237     
  -27.503935672645756        67.120505795948915       -47.736615317258448     
  -27.472365602532502        67.123048429761141       -47.735681230898784     
  -27.446683524910991        67.125123490559361       -47.734925971888252     
  -27.426313299828145        67.126773602608864       -47.734329868510400     
  -27.410664378767351        67.128043807272064       -47.733873696172616     
  -27.399133415208500        67.128981178416709       -47.733538547764049     
  -27.391105907830347        67.129634457347876       -47.733305720457423     
  -27.385957871752620        67.130053711314147       -47.733156621356095     
  -27.383057533158251        67.130290019211444       -47.733072694080683     
  -27.381767042592379        67.130395187624060       -47.733035368053628     
  -21.285444202207003        67.627214469282023       -47.556705902892134     
  -19.761444202207002        67.751412712234469       -47.512625871052954     
  -18.237444202207001        67.875610955186914       -47.468545839213775     
  -16.713444202207000        67.999809198139360       -47.424465807374595     
