  -61.398902708983805        73.089681558653908        100.84424056976968     
  -59.874902708983804        73.103232719625851        100.86293755281868     
  -58.350902708983810        73.116783880597794        100.88163453586768     
  -56.826902708983809        73.130335041569737        100.90033151891667     
  -50.721125337559933        73.184626624259366        100.97523940344061     
  -50.713001675494375        73.184698858545673        100.97533906746419     
  -50.701332508416776        73.184802822891356        100.97548251049555     
  -50.685495870029875        73.184944301520048        100.97567771321852     
  -50.664881019692110        73.185129131438359        100.97593272914290     
  -50.638890086002007        73.185363234763017        100.97625572920637     
  -50.606939675345778        73.185652656080478        100.97665505331693     
  -50.568462441068704        73.186003603537074        100.97713926703514     
  -50.522908609102288        73.186422494082706        100.97771722396809     
  -50.469747455938688        73.186916001665281        100.97839813219090     
  -50.408468734981376        73.187491095160240        100.97919160641240     
  -50.338584047451839        73.188151536015482        100.98010283530768     
  -50.259628154178067        73.188900597616509        100.98113633281287     
  -50.171160224751745        73.189743796514875        100.98229970516057     
  -50.072765020712716        73.190686786682704        100.98360074310565     
  -49.964054009601597        73.191735422284879        100.98504750434790     
  -49.844666406913781        73.192895828575345        100.98664840432681     
  -49.714270143190944        73.194174480195500        100.98841231284274     
  -49.572562753370896        73.195578278204366        100.99034864233072     
  -49.419272185509435        73.197114611641382        100.99246740511531     
  -49.254157529170215        73.198791459034467        100.99477931189710     
  -49.077009659813640        73.200617486378690        100.99729584585289     
  -48.887651797650541        73.202602143117659        101.00002930702658     
  -48.685939979681294        73.204755758006939        101.00299281990968     
  -48.471763440939306        73.207089560645827        101.00620018930064     
  -48.245044909361269        73.209615769687971        101.00966578293819     
  -48.005740814575375        73.212347775036037        101.01340445801760     
  -47.753841405306275        73.215300289593799        101.01743133352834     
  -47.489370772901161        73.218489414016858        101.02176129627608     
  -47.212386789356444        73.221932844006503        101.02640851267296     
  -46.922980963664997        73.225650325496872        101.03138603206945     
  -46.621278204830602        73.229664045876277        101.03670496967115     
  -46.307436496298997        73.233999088151577        101.04237333412090     
  -45.981646500229253        73.238684415769058        101.04839526800876     
  -45.644131058007247        73.243753279630511        101.05477008771288     
  -45.295144587937656        73.249242971364225        101.06149145700367     
  -44.934972404387246        73.255194570361027        101.06854765000550     
  -44.563929926083432        73.261651657510882        101.07592155141228     
  -44.182361799306129        73.268658776817361        101.08359127248120     
  -43.790640943404483        73.276259831344959        101.09153123546879     
  -43.389167506102190        73.284495946576996        101.09971264724545     
  -42.978367767421275        73.293404134768608        101.10810487487203     
  -42.558692965884148        73.303015555635952        101.11667588467445     
  -42.130618072657249        73.313354520878150        101.12539321600408     
  -41.694640515302368        73.324437793412258        101.13422425584959     
  -41.251278854351504        73.336275883523001        101.14313802737867     
  -40.801071411397110        73.348874932423399        101.15210761700074     
  -40.344574840505317        73.362234472091558        101.16110696489697     
  -39.882362656000183        73.376347258447979        101.17011048871737     
  -39.415023714913673        73.391199322106175        101.17909294514354     
  -38.943160660357947        73.406770296369288        101.18802958645473     
  -38.467388330538668        73.423033635168167        101.19689607058494     
  -37.988332135235112        73.439957070971332        101.20566860073066     
  -37.506626404204880        73.457503019255725        101.21432389553442     
  -37.022912715322988        73.475629141494707        101.22283928544209     
  -36.537838193466804        73.494288912059645        101.23119273465885     
  -36.052053810121876        73.513432264054202        101.23936290167292     
  -35.566212643772154        73.533006264939431        101.24732919126575     
  -35.080968168694689        73.552955760675118        101.25507183972860     
  -34.596972485186434        73.573223897729846        101.26257210518814     
  -34.114874611344852        73.593752600306559        101.26981249687825     
  -33.635318703642923        73.614483024499393        101.27677696515718     
  -33.158942371874964        73.635356053160919        101.28345113872766     
  -32.686374911999700        73.656312699781068        101.28982243175938     
  -32.218235657935928        73.677294594761193        101.29588026279819     
  -31.755132249613268        73.698244329260362        101.30161608000488     
  -31.297659038339560        73.719105930916896        101.30702357285953     
  -30.846395409742911        73.739825111549322        101.31209857940442     
  -30.401904259802500        73.760349701720969        101.31683926185354     
  -29.964730393081112        73.780629804083787        101.32124591086503     
  -29.535399088249548        73.800618184849455        101.32532109442035     
  -29.114414592702836        73.820270329736758        101.32906936607233     
  -28.702258790514968        73.839544778999667        101.33249737932235     
  -28.299389822026644        73.858403113646645        101.33561354177465     
  -27.906240855322523        73.876810194724783        101.33842801479553     
  -27.523218869287721        73.894734182823626        101.34095242353072     
  -27.150703522481901        73.912146581785635        101.34319964604873     
  -26.789046128829273        73.929022343356351        101.34518373292894     
  -26.438568640508823        73.945339683179967        101.34691947936844     
  -26.099562799133452        73.961080203271280        101.34842246317984     
  -25.772289300460638        73.976228694810729        101.34970868779106     
  -25.456977067321564        73.990773017745028        101.35079437237376     
  -25.153822643328034        74.004704103678307        101.35169594783906     
  -24.862989619294463        74.018015675054173        101.35242969842729     
  -24.584608184941978        74.030704119110055        101.35301164579056     
  -24.318774786930724        74.042768424990541        101.35345754514100     
  -24.065551842952509        74.054209914444797        101.35378262075717     
  -23.824967567533179        74.065032069075301        101.35400145161749     
  -23.597015905297340        74.075240439067912        101.35412798210848     
  -23.381656544584491        74.084842467448993        101.35417542674490     
  -23.178815019954030        74.093847286884426        101.35415614546480     
  -22.988382917546190        74.102265581206836        101.35408161711057     
  -22.810218175549032        74.110109472678289        101.35396245033986     
  -22.644145474703713        74.117392406850783        101.35380838579677     
  -22.489956713337243        74.124129002464315        101.35362824318842     
  -22.347411576467795        74.130334950958911        101.35342992776388     
  -22.216238192942189        74.136026931927759        101.35322044945306     
  -22.096133878079982        74.141222539306852        101.35300594733738     
  -21.986765960099806        74.145940221393090        101.35279172388546     
  -21.887772687456721        74.150199228704821        101.35258228136773     
  -21.798764213454373        74.154019558169395        101.35238134577973     
  -21.719323657727919        74.157421914741519        101.35219190849931     
  -21.649008240728904        74.160427680269834        101.35201627339836     
  -21.587350487875685        74.163058904775838        101.35185613180005     
  -21.533859500511245        74.165346004889045        101.35172313268238     
  -21.488022288423615        74.167314598897349        101.35162103917747     
  -21.449305162245739        74.168983688285081        101.35154334042439     
  -21.417155181827596        74.170374042184619        101.35148476005969     
  -21.391001655477517        74.171508000382076        101.35144107983160     
  -21.370257686501795        74.172409278874255        101.35140896927707     
  -21.354321762819822        74.173102780047941        101.35138582418573     
  -21.342579385317229        74.173614409482369        101.35136961638047     
  -21.334404730497461        74.173970901261555        101.35135875713584     
  -21.329162342901419        74.174199653535609        101.35135197632739     
  -21.326208852688350        74.174328575896055        101.35134821915723     
  -21.324894713706843        74.174385949936436        101.35134656203168     
  -15.228565957335281        74.440545783230647        101.34365910865394     
  -13.704565957335280        74.507082153257684        101.34173734894972     
  -12.180565957335281        74.573618523284722        101.33981558924550     
  -10.656565957335280        74.640154893311760        101.33789382954129     
