     -22.7100642978885183       71.5236747026086590       97.8961717423063646
     -22.7107638702596333       71.5349107123950461       97.8879321360339674
     -22.7125250714720792       71.5487250765075373       97.8777610350844611
     -22.7160045277651044       71.5653886786027442       97.8654309333458201
     -22.7218251757446161       71.5842919907636599       97.8513591159889273
     -22.7306063489837094       71.6049012062607062       97.8359079360465955
     -22.7429595734195402       71.6266837606933677       97.8194395376792301
     -22.7594853387457050       71.6490625912306598       97.8023495677210946
     -22.7807702545234640       71.6713812293693309       97.7850929786637550
     -22.8073842388183863       71.6928690067001213       97.7682097667156569
     -22.8398774600663650       71.7125978451626906       97.7523568831447420
     -22.8787766661840060       71.7294195012340623       97.7383544605201422
     -22.9245802341255747       71.7418630978791043       97.7272611072740744
     -22.9777504681793694       71.7479485943870543       97.7205107215738025
     -23.0388620410433305       71.7496811467108131       97.7166049694255321
     -23.1085535211983419       71.7516384399713019       97.7121513066743148
     -23.1872883056328298       71.7538413816707390       97.7071090379690901
     -23.2755048920439656       71.7562989453390685       97.7014462482797512
     -23.3736160280259782       71.7590186767366731       97.6951320493788131
     -23.4820075738717513       71.7620065799687410       97.6881366464553906
     -23.6010374362046136       71.7652670030727364       97.6804314136568337
     -23.7310345754511438       71.7688025239872900       97.6719889795173088
     -23.8722980899587824       71.7726138378756957       97.6627833230487710
     -24.0250963794834362       71.7766996478133876       97.6527898823952398
     -24.1896663940599623       71.7810565838985184       97.6419857089669563
     -24.3662129651141832       71.7856791172539630       97.6303496198433294
     -24.5549082179295759       71.7905594513682814       97.6178623225748225
     -24.7558910743020206       71.7956874380558219       97.6045065742128486
     -24.9692668450228048       71.8010505057341959       97.5902673548142872
     -25.1951069257910483       71.8066336581984359       97.5751321313825031
     -25.4334485879826104       71.8124194555316251       97.5590910924686341
     -25.6842948467393519       71.8183879278661692       97.5421372853569295
     -25.9476144303284499       71.8245165571614592       97.5242668312636880
     -26.2233418703226171       71.8307803914441507       97.5054792999652165
     -26.5113776651999977       71.8371520676073061       97.4857779344907840
     -26.8115885233306841       71.8436017699801823       97.4651697576522622
     -27.1238077482270015       71.8500974017242555       97.4436659308404245
     -27.4478357168423628       71.8566047616781276       97.4212820777741939
     -27.7834403971590120       71.8630875099363067       97.3980382739899824
     -28.1303580411200791       71.8695074559677920       97.3739594207151811
     -28.4882939431750195       71.8758247683348372       97.3490754541427918
     -28.8569232401260329       71.8819980171413562       97.3234212655220858
     -29.2358919178322552       71.8879846251881247       97.2970371082479346
     -29.6248177823838112       71.8937409492279897       97.2699684338901136
     -30.0232915950625312       71.8992226048497542       97.2422659857097216
     -30.4308782855904596       71.9043848138177992       97.2139858482074999
     -30.8471181582070741       71.9091825520576151       97.1851891490002373
     -31.2715282601789255       71.9135710732413003       97.1559421676755335
     -31.7036036665731160       71.9175060390869447       97.1263158053117053
     -32.1428190178242090       71.9209440747870019       97.0963855417346480
     -32.5886299386563820       71.9238429535781307       97.0662308131265945
     -33.0404746682707469       71.9261620999281206       97.0359347479307530
     -33.4977755879682348       71.9278628315443882       97.0055834861484669
     -33.9599409196017419       71.9289088055316057       96.9752657197961554
     -34.4263663341522843       71.9292662814063419       96.9450719428374299
     -34.8964367004494775       71.9289044981356795       96.9150938237061155
     -35.3695277450575389       71.9277959347793399       96.8854234029249000
     -35.8450078345072498       71.9259166221775104       96.8561523556858930
     -36.3222396597392461       71.9232463824807695       96.8273711680716076
     -36.8005820307655469       71.9197690549938642       96.7991683208645810
     -37.2793915647782015       71.9154727117447834       96.7716295007553526
     -37.7580244978632820       71.9103497808258822       96.7448367477908420
     -38.2358386653656837       71.9043971816146552       96.7188677817108839
     -38.7121955741804769       71.8976161852463065       96.6937952541917696
     -39.1864620991938679       71.8900123980447603       96.6696863288979387
     -39.6580121888612140       71.8815955016405752       96.6466020256006999
     -40.1262284681014307       71.8723792259692971       96.6245969695991533
     -40.5905038516439376       71.8623810186463032       96.6037188279718606
     -41.0502430734433545       71.8516220132173657       96.5840082457523863
     -41.5048642090253708       71.8401266346341743       96.5654983957665252
     -41.9538001382876047       71.8279225756721758       96.5482151326662290
     -42.3964999959307605       71.8150403246669384       96.5321766552592777
     -42.8324305998767656       71.8015131606411927       96.5173939175796392
     -43.2610775732923187       71.7873353394545575       96.5039010630420648
     -43.6819453706024277       71.7722080094949320       96.4919452048117137
     -44.0945613394990943       71.7557407605666953       96.4818355530714484
     -44.4984770923166479       71.7376002909030888       96.4738336815299391
     -44.8932668718316421       71.7175124279204113       96.4681515688921394
     -45.2785269956691465       71.6952634491516676       96.4649514613618209
     -45.6538755247239152       71.6707002185543161       96.4643457866304459
     -46.0189520604353817       71.6437296582514165       96.4663977924207927
     -46.3734179748472783       71.6143177944025240       96.4711232251047193
     -46.7169573306472401       71.5824873422250789       96.4784917334078358
     -47.0492787155296455       71.5483151554969510       96.4884299189034493
     -47.3701177421403514       71.5119282591820280       96.5008244077883859
     -47.6792397646346444       71.4734989841388426       96.5155255831577534
     -47.9764424470034925       71.4332398023526736       96.5323525271216596
     -48.2615582172388358       71.3913969940427933       96.5510977384626869
     -48.5344550143867792       71.3482440779078928       96.5715323429794523
     -48.7950359798588522       71.3040755811271083       96.5934116937602312
     -49.0432391613710550       71.2592006346908278       96.6164803640591998
     -49.2790372468920239       71.2139366895865464       96.6404768087985389
     -49.5024373178945254       71.1686038366745919       96.6651382207387826
     -49.7134805726142019       71.1235192930981981       96.6902048616611296
     -49.9122420089963228       71.0789921887785425       96.7154239291292299
     -50.0988300600917569       71.0353187599539382       96.7405529975172982
     -50.2733861863299722       70.9927782180196232       96.7653633096015682
     -50.4360844033552027       70.9516290405995846       96.7896425054899510
     -50.5871307445454832       70.9121057785200151       96.8131968673652068
     -50.7267626564494876       70.8744164259039309       96.8358531173995942
     -50.8552483236878601       70.8387403416913202       96.8574597476572876
     -50.9728859255943902       70.8052267924119718       96.8778879933917949
     -51.0800028204343022       70.7739940407335837       96.8970323828836939
     -51.1769546563025131       70.7451289428175443       96.9148108678647588
     -51.2641244105011609       70.7186870469612785       96.9311645956483829
     -51.3419213585427343       70.6946931548284709       96.9460573561411536
     -51.4107799744525948       70.6731422999002348       96.9594747400288099
     -51.4711587645097737       70.6526527477787312       96.9724054454136422
     -51.5235390370310995       70.6316814243353690       96.9859540530120654
     -51.5684236110023448       70.6105321987970171       96.9998788549368811
     -51.6063354668061507       70.5894825950307876       97.0139577869342276
     -51.6378163425824965       70.5687827028542785       97.0279891365884311
     -51.6634252797828495       70.5486603659804530       97.0417876794045924
     -51.6837371216813111       70.5293261747028737       97.0551809610176122
     -51.6993409688996408       70.5109788616651798       97.0680052965016955
     -51.7108385960571226       70.4938119038172317       97.0801009061605242
     -51.7188428337664519       70.4780226597349042       97.0913052253983864
     -51.7239759202966169       70.4638266293183051       97.1014425139635193
     -51.7268678273103433       70.4514825237887266       97.1103056409482974
     -51.7281545641584444       70.4413398035241016       97.1176215926369792
     -51.7284764652759108       70.4331356668605650       97.1235612889400102
     -51.7281545641584444       70.4249409117418992       97.1295139218962618
     -51.7268678273103433       70.4148356967066889       97.1368815913086081
     -51.7239759202966169       70.4025759085031950       97.1458609874174499
     -51.7188428337664448       70.3885296262342308       97.1562047707418657
     -51.7108385960571084       70.3729741110923328       97.1677313898014461
     -51.6993409688994774       70.3561433614376597       97.1802906127405350
     -51.6837371216801316       70.3382532155524416       97.1937453574988979
     -51.6634252797765541       70.3195156586281769       97.2079613662640867
     -51.6378163425546717       70.3001480207541931       97.2228005989994557
     -51.6063354667006564       70.2803796516192847       97.2381164695416231
     -51.5684236106500080       70.2604573996749195       97.2537499598883812
     -51.5235390359731298       70.2406506971761502       97.2695260297170563
     -51.4711587616085282       70.2212568448162955       97.2852498856884012
     -51.4107799670980086       70.2026000004401851       97.3007077961399176
     -51.3419213410139932       70.1831508187541857       97.3170232714766996
     -51.2641243707325884       70.1615402310861640       97.3352024715402422
     -51.1769545699881050       70.1377803943117897       97.3552545917068528
     -51.0800026404815384       70.1119134398464041       97.3771673036455070
     -50.9728855639688234       70.0840125808770296       97.4009060849200381
     -50.8552476211647146       70.0541828175127819       97.4264138541151681
     -50.7267613337265217       70.0225611923958411       97.4536109426136647
     -50.5871283254367441       69.9893165548358382       97.4823954284761385
     -50.4360800972635346       69.9546487752887316       97.5126438191524301
     -50.2733787127783600       69.9187873979279146       97.5442121149571051
     -50.0988173926860014       69.8819897755225981       97.5769373432035536
     -49.9122210097026695       69.8445386078650614       97.6106394585532797
     -49.7134464795678497       69.8067389073314502       97.6451236227637480
     -49.5023830409612842       69.7689143798561986       97.6801828014711049
     -49.2789524146248965       69.7314031875621225       97.7156005570956125
     -49.0431088503374255       69.6945534222328860       97.7511543972313035
     -48.7948390416062239       69.6587181295045639       97.7866193252023663
     -48.5341618948268732       69.6242499049366472       97.8217714628873125
     -48.2611281348183923       69.5914950785643356       97.8563915793005634
     -47.9758197539755713       69.5607880799242082       97.8902691365784108
     -47.6783492495083934       69.5324456923731304       97.9232061916405030
     -47.3688586419881617       69.5067611041331048       97.9550207320778128
     -47.0475194154071517       69.4839984140618867       97.9855502461828536
     -46.7145340005241820       69.4643871835340718       98.0146554145097468
     -46.3701371324074998       69.4481163937933133       98.0422231202947216
     -46.0145972315138323       69.4353288612277453       98.0681700859365719
     -45.6482173917592888       69.4261157256423473       98.0924464248883510
     -45.2713354796987275       69.4205107489553797       98.1150383776961093
     -44.8843232440525597       69.4184858668824347       98.1359717680804664
     -44.4875845157363727       69.4199468634129460       98.1553140722977560
     -44.0815528742241014       69.4247303782059788       98.1731764029797489
     -43.6666890663142766       69.4326020509962660       98.1897148611571282
     -43.2434780380064723       69.4432555100827358       98.2051306451677419
     -42.8124248396992257       69.4563141259824590       98.2196695587922619
     -42.3740533775836710       69.4714815079315287       98.2335148033178598
     -41.9289078057680626       69.4887474582147036       98.2466419285590291
     -41.4775497423115738       69.5081288097350125       98.2590014408066565
     -41.0205565129692289       69.5296276592602851       98.2705490939203230
     -40.5585196126641989       69.5532311113564958       98.2812456504442480
     -40.0920430991633410       69.5789117064421845       98.2910573571456894
     -39.6217419606730772       69.6066275353573616       98.2999557178239485
     -39.1482404329168148       69.6363229409004134       98.3079178370631155
     -38.6721703350560873       69.6679289822804293       98.3149261782809560
     -38.1941693562310220       69.7013643906685303       98.3209687775972014
     -37.7148793961974178       69.7365363409340802       98.3260389779629804
     -37.2349448503085085       69.7733416100125936       98.3301355099227550
     -36.7550110023145677       69.8116675995656095       98.3332622103283711
     -36.2757226123892664       69.8513935693281951       98.3354279863334142
     -35.7977225701381343       69.8923916837148909       98.3366466194830764
     -35.3216501921388755       69.9345281735478039       98.3369367145418209
     -34.8481395846435120       69.9776644616515853       98.3363215229360037
     -34.3778179397499528       70.0216583360386835       98.3348287771309231
     -33.9113039244022048       70.0663651124424121       98.3324904750623716
     -33.4492060172993106       70.1116387685674027       98.3293426108077711
     -32.9921209386740628       70.1573330775560464       98.3254249104746236
     -32.5406320394692656       70.2033026594279903       98.3207804789043394
     -32.0953077922653804       70.2494040409398224       98.3154555025807895
     -31.6567002388016157       70.2954965585105214       98.3094987943168803
     -31.2253435667705475       70.3414433202334521       98.3029614980270452
     -30.8017526219649547       70.3871119156083864       98.2958965319302251
     -30.3864215962755644       70.4323752825629441       98.2883583552232523
     -29.9798226143239859       70.4771121736515056       98.2804022885287338
     -29.5824045296009146       70.5212079200906317       98.2720843675201223
     -29.1945915900716209       70.5645546931301766       98.2634606005744331
     -28.8167823599715618       70.6070520887367366       98.2545868000925964
     -28.4493486074658684       70.6486073101569616       98.2455179992223151
     -28.0926342982394104       70.6891353885627325       98.2363080695180173
     -27.7469547008103241       70.7285594321209174       98.2270095225240709
     -27.4125954599531454       70.7668104750772358       98.2176728952219804
     -27.0898118651025044       70.8038276476389257       98.2083467145224489
     -26.7788281229917011       70.8395580185047891       98.1990771317935582
     -26.4798367048813574       70.8739563618168091       98.1899075683825515
     -26.1929978478455894       70.9069851393402928       98.1808787643887086
     -25.9184390734662919       70.9386141694353825       98.1720284867382986
     -25.6562548033350204       70.9688203012571677       98.1633913268016443
     -25.4065061039604494       70.9975872357766917       98.1549987711769063
     -25.1692204947276252       71.0249052025923930       98.1468791308248143
     -24.9443918319474349       71.0507705542636501       98.1390574029026084
     -24.7319803073595814       71.0751854580945661       98.1315553029855323
     -24.5319125519355907       71.0981576338136421       98.1243913871754785
     -24.3440818162444828       71.1196999927213369       98.1175810589091242
     -24.1683482350286027       71.1398302792498924       98.1111365877762580
     -24.0045391913015536       71.1585707726895578       98.1050672090713078
     -23.8524497718538058       71.1759480041210537       98.0993792358090815
     -23.7118433151763526       71.1919925052472280       98.0940762015171686
     -23.5824520418051726       71.2067385355461084       98.0891589564389932
     -23.4639777712839646       71.2202238276669704       98.0846257698403861
     -23.3560927265522054       71.2324893701826340       98.0804724634233906
     -23.2584404202553685       71.2435792067865918       98.0766925467435584
     -23.1706366203605931       71.2535402505810396       98.0732773534424069
     -23.0922703923326864       71.2624221120105545       98.0702161778091011
     -23.0229052149331039       71.2702769386218193       98.0674964113252656
     -22.9620805206519236       71.2771699218402404       98.0650959191445821
     -22.9094644914889400       71.2877397543528701       98.0596613892827236
     -22.8646176365748914       71.3040426696218503       98.0497181757767606
     -22.8269470832914898       71.3241361098273359       98.0367034552654815
     -22.7958578926897637       71.3465900908482951       98.0216820252059478
     -22.7707483325141169       71.3703002936156850       98.0054827383828098
     -22.7510079945957280       71.3943852223277560       97.9887734283515073
     -22.7360172764444641       71.4181230836177861       97.9721067820632356
     -22.7251475515560912       71.4409082243180791       97.9559519180008920
     -22.7177616535684450       71.4622160008559888       97.9407198159650960
     -22.7132143859174391       71.4815675550710097       97.9267888408160587
     -22.7108526956042880       71.4984837789230738       97.9145382074442381
     -22.7100149104856577       71.5124105661218010       97.9044024932497763
     -22.7100642978885183       71.5236747026086590       97.8961717423063646
