     -17.4118900864537913       38.3420270838078068     -119.6757371846423723
     -17.4128808647587192       38.3261212920089065     -119.6808161607164180
     -17.4151801457236992       38.3065415253269421     -119.6870478765850265
     -17.4195794094938385       38.2828873058439569     -119.6945457920903806
     -17.4268178527891493       38.2560040269895083     -119.7030252204486231
     -17.4376313746849796       38.2266303301031058     -119.7122360337802007
     -17.4527465308588141       38.1955036566909172     -119.7219291062799869
     -17.4728760466682473       38.1634251685874091     -119.7318357814318972
     -17.4987149382692415       38.1313093652230393     -119.7416522591663011
     -17.5309366746347415       38.1002335623948554     -119.7510240483438508
     -17.5701889303113035       38.0714992953988514     -119.7595266215723910
     -17.6170883396233471       38.0467213896741185     -119.7666372288160659
     -17.6722131802700915       38.0279732246318645     -119.7716887337058580
     -17.7360916225055405       38.0180509310947414     -119.7737853897930336
     -17.8094405296812788       38.0140965452893340     -119.7738214793890421
     -17.8930882488529903       38.0096005690133438     -119.7738456001760170
     -17.9875915071798325       38.0045168150339876     -119.7738579144486124
     -18.0934770769964537       37.9988155965667218     -119.7738527846717886
     -18.2112409011761294       37.9924687727396417     -119.7738234456741964
     -18.3413467301930275       37.9854498653093842     -119.7737619068760893
     -18.4842248427753688       37.9777341829110568     -119.7736588580443851
     -18.6402708533876869       37.9692989526256213     -119.7735035794424192
     -18.8098446099973380       37.9601234587923386     -119.7732838581812160
     -18.9932691857027685       37.9501891890974363     -119.7729859133670942
     -19.1908299662340056       37.9394799869315733     -119.7725943299182774
     -19.4027738360481870       37.9279822095325514     -119.7720920032479626
     -19.6293084668573456       37.9156849172932127     -119.7714601795243681
     -19.8706017104097405       37.9025800857585864     -119.7706785703476413
     -20.1267810925243893       37.8886627463237176     -119.7697252512833614
     -20.3979334187442554       37.8739311566053942     -119.7685766688892386
     -20.6841045074168655       37.8583870285834010     -119.7672078393569564
     -20.9852990280128999       37.8420357376320737     -119.7655924951435651
     -21.3014804389021286       37.8248864609126016     -119.7637030369714779
     -21.6325710553810069       37.8069524213209078     -119.7615108612140915
     -21.9784522335314350       37.7882511200012985     -119.7589867030159212
     -22.3389646505804436       37.7688044170079920     -119.7561005604355842
     -22.7139087405536664       37.7486387973469206     -119.7528222786989431
     -23.1030452209022563       37.7277854874794087     -119.7491217446381881
     -23.5060957410643070       37.7062805465395812     -119.7449690952541346
     -23.9227436822894362       37.6841650781505422     -119.7403354143554282
     -24.3526350141891044       37.6614851670625299     -119.7351926707487593
     -24.7953793489760912       37.6382920687286244     -119.7295145840835602
     -25.2505510200410299       37.6146420684076688     -119.7232765731875190
     -25.7176903653185747       37.5905965679747425     -119.7164565677668264
     -26.1963050245786242       37.5662218732174580     -119.7090350123695117
     -26.6858714369226639       37.5415891675146440     -119.7009956124420142
     -27.1858363146195110       37.5167741921806766     -119.6923253078723377
     -27.6956182546541996       37.4918570840165870     -119.6830149844396516
     -28.2146093433698333       37.4669218802770203     -119.6730593833428742
     -28.7421769759144006       37.4420561757832573     -119.6624576923589274
     -29.2776656454943769       37.4173505129580590     -119.6512134605490587
     -29.8203988668430178       37.3928978427201955     -119.6393349011286347
     -30.3696811274538696       37.3687928548948634     -119.6268349219009366
     -30.9247998617795190       37.3451312325007336     -119.6137310352114440
     -31.4850275346650754       37.3220089318664705     -119.6000454493470357
     -32.0496236638531755       37.2995213087161233     -119.5858047380789770
     -32.6178369463766913       37.2777623110184066     -119.5710397653157742
     -33.1889073637904986       37.2568235927478995     -119.5557853658440024
     -33.7620682767509308       37.2367936138591276     -119.5400799576593585
     -34.3365485811081683       37.2177567722712439     -119.5239651985138494
     -34.9115747886386600       37.1997925131660878     -119.5074854764770294
     -35.4863731817412713       37.1829745067481667     -119.4906874789691358
     -36.0601723995821715       37.1673699187487259     -119.4736195951353608
     -36.6322059825637183       37.1530389455480758     -119.4563312989261732
     -37.2017145008137149       37.1400344725275602     -119.4388725085450886
     -37.7679475485758118       37.1284017828806228     -119.4212929212025927
     -38.3301656830294775       37.1181783721800258     -119.4036415080889100
     -38.8876423289015420       37.1093937613162410     -119.3859658235345478
     -39.4396655878021960       37.1020694599477210     -119.3683116155256840
     -39.9855400256561282       37.0962189588952072     -119.3507223416735172
     -40.5245884003980166       37.0918477829902002     -119.3332386824406797
     -41.0561533586392216       37.0889537315600109     -119.3158984439063772
     -41.5795991353089747       37.0875270480475976     -119.2987359893216706
     -42.0943127672007122       37.0876098433037171     -119.2817640475460053
     -42.5997035578800478       37.0896598619516311     -119.2648603714163329
     -43.0952090755636590       37.0942617502003031     -119.2478574904393582
     -43.5802968112075035       37.1019151065608455     -119.2306086922397981
     -44.0544610736692093       37.1130310903866985     -119.2129892158772009
     -44.5172216099777600       37.1279308770013614     -119.1948973220997203
     -44.9681226376487757       37.1468449902346691     -119.1762544887315300
     -45.4067321182789527       37.1699139281259008     -119.1570060733310754
     -45.8326417152844812       37.1971896508496300     -119.1371209768228567
     -46.2454679604502203       37.2286384395385141     -119.1165915662948578
     -46.6448548411757287       37.2641449295506817     -119.0954326442618765
     -47.0304775387525069       37.3035177089788093     -119.0736802397128287
     -47.4020465497513186       37.3464964808731636     -119.0513902319604114
     -47.7593115393252390       37.3927602684723510     -119.0286357943330700
     -48.1020651143559093       37.4419370750768508     -119.0055056283746211
     -48.4301438452819326       37.4936138374922763     -118.9821008276500152
     -48.7434276154347899       37.5473465092497776     -118.9585324949267147
     -49.0418390567163058       37.6026697990623262     -118.9349193926051669
     -49.3253430610805310       37.6591062708878255     -118.9113849270126622
     -49.5939463482305243       37.7161752090518760     -118.8880550055797443
     -49.8476970310198624       37.7734008556114276     -118.8650557901206213
     -50.0866841503734079       37.8303198878987672     -118.8425111906429095
     -50.3110371791112883       37.8864882738834510     -118.8205407664768813
     -50.5209254785463600       37.9414874070571315     -118.7992579182657806
     -50.7165576901363053       37.9949293805896460     -118.7787680827074865
     -50.8981810568334438       38.0464613945495316     -118.7591670178182710
     -51.0660806752410039       38.0957693823662709     -118.7405395047792069
     -51.2205786736022119       38.1425808524885284     -118.7229584589183276
     -51.3620333037731598       38.1866668393872715     -118.7064840785152882
     -51.4908379497007473       38.2278430574815999     -118.6911632376678369
     -51.6074200516451498       38.2659703022937805     -118.6770291319657957
     -51.7122399460473119       38.3009541521387078     -118.6641011752322328
     -51.8057896219351193       38.3327440224322942     -118.6523851084229619
     -51.8885913954640330       38.3613316427970616     -118.6418733099784220
     -51.9611965048165985       38.3886570492065715     -118.6319279037663250
     -52.0241836284750221       38.4168869914904718     -118.6218358656195022
     -52.0781573300898515       38.4455741021317579     -118.6117295192697014
     -52.1237464338586278       38.4743088011025876     -118.6017296714362175
     -52.1616023345232804       38.5027207522980603     -118.5919450365444874
     -52.1923972463220593       38.5304714379879201     -118.5824745358827101
     -52.2168223955308477       38.5572470134056218     -118.5734095128629804
     -52.2355861614050028       38.5827506007095735     -118.5648361404471984
     -52.2494121704888954       38.6066928903708444     -118.5568383917719046
     -52.2590373493970830       38.6287791751838796     -118.5495021874045420
     -52.2652099412895552       38.6486891663546928     -118.5429219122136146
     -52.2686874913645525       38.6660415636138595     -118.5372119236707107
     -52.2702348067793636       38.6803269242026602     -118.5325284241434787
     -52.2706218964802005       38.6919000487546754     -118.5287454865563177
     -52.2702348067793778       38.7034761632460729     -118.5249717083476781
     -52.2686874913645525       38.7177734781527505     -118.5203248296712673
     -52.2652099412895552       38.7351527577176640     -118.5146971923691552
     -52.2590373493970830       38.7551105166688927     -118.5082632489706640
     -52.2494121704888599       38.7772714209179981     -118.5011556337430250
     -52.2355861614047328       38.8013211810913674     -118.4934871101759768
     -52.2168223955289577       38.8269711564171871     -118.4853621827466128
     -52.1923972463119341       38.8539382132099789     -118.4768837436694895
     -52.1616023344785162       38.8819318092035502     -118.4681573743123408
     -52.1237464336889218       38.9106446524044358     -118.4592944918799731
     -52.0781573295231226       38.9397450588134575     -118.4504149522133645
     -52.0241836267732793       38.9688698761525032     -118.4416494769830024
     -51.9611965001499314       38.9976171318525289     -118.4331421784470706
     -51.8885913836342070       39.0255475481815424     -118.4250501647231744
     -51.8057895937403217       39.0548312493463925     -118.4166707537209504
     -51.7122398820802189       39.0874109709040098     -118.4073743502412555
     -51.6074199128105278       39.1232845253523394     -118.3971719900135042
     -51.4908376602525450       39.1624076700460080     -118.3860888876668866
     -51.3620327221132271       39.2046926890415008     -118.3741650867012112
     -51.2205775436291830       39.2500075561378736     -118.3614559329470239
     -51.0660785477215455       39.2981757400717768     -118.3480323395145746
     -50.8981771658714024       39.3489767139988018     -118.3339808450048594
     -50.7165507641505897       39.4021472093156717     -118.3194034364601350
     -50.5209134580660120       39.4573832389677577     -118.3044171059290051
     -50.3110168049991842       39.5143428367764500     -118.2891529216908140
     -50.0866503756588202       39.5726496367423906     -118.2737549801344699
     -49.8476421971911776       39.6318972808307350     -118.2583792514701315
     -49.5938590523818235       39.6916545161667287     -118.2431920113940578
     -49.3252066232927859       39.7514709039137202     -118.2283677993557092
     -49.0416294766951779       39.8108831699301291     -118.2140872293171441
     -48.7431108821753369       39.8694221521305110     -118.2005348178355035
     -48.4296724305871393       39.9266200176444315     -118.1878962260195749
     -48.1013734353775391       39.9820176773342624     -118.1763551424369183
     -47.7583101076308978       40.0351725790481439     -118.1660908562227519
     -47.4006144179116689       40.0856661898681921     -118.1572750767044226
     -47.0284526727207322       40.1331112012587283     -118.1500687965205429
     -46.6420255979907594       40.1771586320629197     -118.1446199177567848
     -46.2415708983881757       40.2175046291474629     -118.1410595498656733
     -45.8273657177019942       40.2538979175094980     -118.1394993227203543
     -45.3997291056616845       40.2861471333996590     -118.1400277990455692
     -44.9590238891639729       40.3141283349137822     -118.1427071753717826
     -44.5056571930071527       40.3377924034215170     -118.1475703072856476
     -44.0400793204456562       40.3571717102182106     -118.1546175246878221
     -43.5627812712264983       40.3723859898549193     -118.1638144047180816
     -43.0742913879153377       40.3836467130326113     -118.1750894922691373
     -42.5751716406933554       40.3912601731718297     -118.1883332758966532
     -42.0660133395758251       40.3956287690572537     -118.2033973972935286
     -41.5474310271468426       40.3972492732120259     -118.2200953602459208
     -41.0200610178263432       40.3965027988008316     -118.2382743765206641
     -40.4845641689033329       40.3933683357162678     -118.2579128355993134
     -39.9416219818226779       40.3877832639443355     -118.2789975193957446
     -39.3919343663034596       40.3797018968904595     -118.3015033543031507
     -38.8362177665618304       40.3690956883645811     -118.3253938845385278
     -38.2752032094537000       40.3559531384344297     -118.3506214548639406
     -37.7096343084519745       40.3402796079621098     -118.3771277373667203
     -37.1402652153944501       40.3220969978064616     -118.4048444724522824
     -36.5678585929795759       40.3014431922026972     -118.4336941109104515
     -35.9931835561947580       40.2783714437335547     -118.4635908456315434
     -35.4170136326253555       40.2529495536437381     -118.4944415605707491
     -34.8401247615916532       40.2252589465281218     -118.5261469349970582
     -34.2632933102328820       40.1953936378515664     -118.5586026257926164
     -33.6872945762423939       40.1634591621623329     -118.5917003879547735
     -33.1129012455565075       40.1295716434147565     -118.6253292382743325
     -32.5408813851201870       40.0938568235906345     -118.6593764912836377
     -31.9719964664337084       40.0564490711980881     -118.6937289031209133
     -31.4069993426619085       40.0174903110128426     -118.7282737092620977
     -30.8466322785428879       39.9771289087732598     -118.7628996073322583
     -30.2916250289555364       39.9355185649298008     -118.7974977979022526
     -29.7426928774185804       39.8928170984859420     -118.8319626831063260
     -29.2005347973643481       39.8491853306524533     -118.8661928008513939
     -28.6658315829314212       39.8047858949826008     -118.9000914369380837
     -28.1392440487194015       39.7597820752895359     -118.9335671757466457
     -27.6214113070597378       39.7143367379002470     -118.9665345523943358
     -27.1129490234280865       39.6686111556292715     -118.9989141675667099
     -26.6144478342265174       39.6227640792029092     -119.0306333004805168
     -26.1264717133119255       39.5769506442179662     -119.0616257625141827
     -25.6495564903006041       39.5313215560512958     -119.0918323125649607
     -25.1842083220569535       39.4860221288265905     -119.1212004005090819
     -24.7309023816926548       39.4411915665918684     -119.1496843539264034
     -24.2900815746947885       39.3969621821648559     -119.1772450245124730
     -23.8621553985357906       39.3534588674301204     -119.2038498355231155
     -23.4474988200673238       39.3107984908552694     -119.2294722582124251
     -23.0464513094092034       39.2690895984821893     -119.2540918671371202
     -22.6593158863093045       39.2284319582578433     -119.2776935972713233
     -22.2863583378220831       39.1889164839654001     -119.3002678490853583
     -21.9278064604058436       39.1506249582572110     -119.3218097033180101
     -21.5838494489322059       39.1136300603359928     -119.3423188067909990
     -21.2546373692370061       39.0779953739518717     -119.3617989720046779
     -20.9402807185090793       39.0437753974051134     -119.3802575836001125
     -20.6408501222158733       39.0110157957046226     -119.3977055748824938
     -20.3563761099693004       38.9797535230851722     -119.4141568686948887
     -20.0868490042685615       38.9500170325088035     -119.4296279717272000
     -19.8322189293141804       38.9218266131769681     -119.4441378764786350
     -19.5923959241669010       38.8951946603410477     -119.4577076925266965
     -19.3672501690428440       38.8701259733688360     -119.4703603125565081
     -19.1566123134453150       38.8466181160429684     -119.4821202508221916
     -18.9602739116564578       38.8246617995384611     -119.4930135616801294
     -18.7779879618664758       38.8042411822119391     -119.5030675272613081
     -18.6094695540092623       38.7853342016475224     -119.5123104801459704
     -18.4543966234867014       38.7679129159712161     -119.5207716990357625
     -18.3124108076295329       38.7519438342517120     -119.5284813208607062
     -18.1831184023380992       38.7373882347676783     -119.5354702682653851
     -18.0660914169572244       38.7242024712504644     -119.5417701929320771
     -17.9608687235203881       38.7123382667683416     -119.5474134314454915
     -17.8669572972973008       38.7017429961813662     -119.5524329722026096
     -17.7838335454339465       38.6923599586113625     -119.5568624318170805
     -17.7109452882375287       38.6841136044394034     -119.5607408948561385
     -17.6479564376494942       38.6704740315651492     -119.5661905730418653
     -17.5943670529614273       38.6485530114678042     -119.5741547063079508
     -17.5494394319580316       38.6211041188772484     -119.5837538263961335
     -17.5124403440821190       38.5901581891295322     -119.5943425229185380
     -17.4826328328465408       38.5572874318788976     -119.6054245339188640
     -17.4592725646994680       38.5237506199440460     -119.6166059118432656
     -17.4416063506133519       38.4905820958687599     -119.6275661893615876
     -17.4288717581784773       38.4586531257051476     -119.6380384218489468
     -17.4202972144626216       38.4287213451268315     -119.6477930702824750
     -17.4151021387998384       38.4014803623550947     -119.6566218679171669
     -17.4124965275055601       38.3776246840570394     -119.6643168229640395
     -17.4116790287009415       38.3579552948608153     -119.6706362590442012
     -17.4118900864537913       38.3420270838078068     -119.6757371846423723
