     -21.9049245424437231      123.6983563547779426       39.5422441915650111
     -21.9058948901000825      123.7026993438696110       39.5286118252720797
     -21.9080149578148067      123.7080273090275711       39.5118386115183355
     -21.9119663293002844      123.7144367558174451       39.4915869923521967
     -21.9183762929609323      123.7216837157753133       39.4685873905879703
     -21.9278701241394103      123.7295537651867079       39.4434786533516473
     -21.9410651006862842      123.7378333201434231       39.4168985181416147
     -21.9585661641565153      123.7462920663474364       39.3895392467405046
     -21.9809622188905038      123.7546695936646444       39.3621901407097994
     -22.0088224674324415      123.7626620841782170       39.3357799384713829
     -22.0426923045993739      123.7699057495003530       39.3114294349863727
     -22.0830881452419199      123.7759527045884909       39.2905278205209996
     -22.1304900496321899      123.7802314659521983       39.2748571933960804
     -22.1853296427673641      123.7819748979630674       39.2668190323096198
     -22.2482432903929954      123.7819492902803660       39.2639684926700383
     -22.3199906943359565      123.7819102276728671       39.2607308911373778
     -22.4010496082562689      123.7818594076086498       39.2570713472079262
     -22.4918720052276804      123.7817940050347403       39.2529690388126440
     -22.5928834452291376      123.7817107192473571       39.2484043871184980
     -22.7044819098306832      123.7816057358689790       39.2433591597764320
     -22.8270367088330737      123.7814746918217423       39.2378165809708932
     -22.9608874618766556      123.7813126441405558       39.2317614480934225
     -23.1063431578562550      123.7811140438516588       39.2251802548589623
     -23.2636812960084853      123.7808727294286797       39.2180613247775227
     -23.4331471093893384      123.7805819237089793       39.2103949490434118
     -23.6149528712751327      123.7802342181878146       39.2021735227516857
     -23.8092772892994731      123.7798215750597706       39.1933916878626505
     -24.0162649882842700      123.7793353382667334       39.1840464787110108
     -24.2360260864820631      123.7787662811974343       39.1741374771388280
     -24.4686358674742017      123.7781046754358982       39.1636669708093592
     -24.7141345487250419      123.7773402958522553       39.1526400898363676
     -24.9725271453558655      123.7764624628801329       39.1410649539689359
     -25.2437834328245572      123.7754601568552602       39.1289528357131289
     -25.5278380068121713      123.7743221345610465       39.1163183140329949
     -25.8245904278200840      123.7730369368015602       39.1031793809490793
     -26.1339054788241327      123.7715930078728093       39.0895575681981526
     -26.4556135342465275      123.7699789052447272       39.0754780842784157
     -26.7895109994582015      123.7681832992735877       39.0609698642933481
     -27.1353608714425860      123.7661951216598624       39.0460656431696691
     -27.4928934094554016      123.7640037890693065       39.0308020262469597
     -27.8618068659201192      123.7615991846089685       39.0152194545927955
     -28.2417683592089759      123.7589719083714073       38.9993622239750550
     -28.6324148139833135      123.7561133711326420       38.9832784209769443
     -29.0333539919795101      123.7530158577343826       38.9670198144011977
     -29.4441656456417320      123.7496727661337701       38.9506417653473491
     -29.8644027027412839      123.7460785559706693       38.9342030080562864
     -30.2935925809525486      123.7422289876178212       38.9177654806798472
     -30.7312384567034904      123.7381210798771747       38.9013940043827517
     -31.1768206872339491      123.7337532905799691       38.8851559639179598
     -31.6297982673993374      123.7291255017199205       38.8691208751909159
     -32.0896103907602210      123.7242391028146358       38.8533599373506107
     -32.5556780284633973      123.7190969804118765       38.8379455125191129
     -33.0274055902271328      123.7137035223749422       38.8229505717854764
     -33.5041825974521856      123.7080645955608702       38.8084480998649468
     -33.9853854265562845      123.7021875294772855       38.7945104749322240
     -34.4703790480409822      123.6960810588275166       38.7812088159206922
     -34.9585188286881277      123.6897552053088987       38.7686122989068949
     -35.4491523111189863      123.6832212225965435       38.7567874897613009
     -35.9416210510531968      123.6764914327337266       38.7457976479531823
     -36.4352624142773038      123.6695791773851170       38.7357020805758978
     -36.9294114209848203      123.6624985925112981       38.7265554644129537
     -37.4234025797130840      123.6552645739857468       38.7184072644433925
     -37.9165721488036098      123.6478924956054044       38.7113012039498869
     -38.4082603686948119      123.6403980834298011       38.7052750219543356
     -38.8978133063817637      123.6327971019215113       38.7003602812677059
     -39.3845845957559746      123.6251051907837564       38.6965822710764726
     -39.8679371424921101      123.6173376475069716       38.6939599380818180
     -40.3472447706630888      123.6095092294417555       38.6925058694042434
     -40.8218938233378950      123.6016340700889344       38.6922263574699272
     -41.2912847164413463      123.5937254303920554       38.6931214608888041
     -41.7548334526576994      123.5857957521753860       38.6951852103102922
     -42.2119731101958635      123.5778563859953749       38.6984057676474791
     -42.6621553230042778      123.5699177451149069       38.7027657823786981
     -43.1048509675576881      123.5619731647129811       38.7082933445698316
     -43.5395473576467253      123.5539012694271150       38.7153748043673431
     -43.9657553991470280      123.5455434330585689       38.7245067125701183
     -44.3830123733708319      123.5367610435473580       38.7361137119174828
     -44.7908791497224996      123.5274366191476219       38.7505455493409414
     -45.1889389244817750      123.5174743796527252       38.7680755273328117
     -45.5767963325611802      123.5068008563047073       38.7888999516901123
     -45.9540767531149541      123.4953645920271867       38.8131382780458551
     -46.3204262422357118      123.4831366166845186       38.8408345159644597
     -46.6755125229026149      123.4701096183313496       38.8719593499413278
     -47.0190272581566830      123.4562974135989606       38.9064136498171322
     -47.3506893385802528      123.4417337681134370       38.9440332094762951
     -47.6702484978739705      123.4264704920466755       38.9845946851781946
     -47.9774887063202655      123.4105759286421886       39.0278229054456247
     -48.2722314576460363      123.3941325021928037       39.0733989542569091
     -48.5543366145042583      123.3772341331052615       39.1209688364933328
     -48.8237017499333987      123.3599841170296401       39.1701521830986223
     -49.0802615652487333      123.3424926269634909       39.2205505227239897
     -49.3239873949184684      123.3248741870437186       39.2717551694282037
     -49.5548867577171421      123.3072456258494753       39.3233548183785047
     -49.7730029133110818      123.2897239278614592       39.3749425923146958
     -49.9784144050357000      123.2724240936784526       39.4261225035501468
     -50.1712345770491766      123.2554571792114473       39.4765153227041310
     -50.3516110581152461      123.2389286926250094       39.5257638584396815
     -50.5197251974621864      123.2229370404879631       39.5735375081627794
     -50.6757914484076863      123.2075721584205610       39.6195360939969419
     -50.8200566944591898      123.1929143455983393       39.6634929748481042
     -50.9527995143826118      123.1790333271809601       39.7051774404577955
     -51.0743293842904365      123.1659875794330503       39.7443964101180853
     -51.1849858122100372      123.1538238474151825       39.7809954375863342
     -51.2851374048247948      123.1425768759606285       39.8148590646785721
     -51.3751808661235430      123.1322693487540221       39.8459105683430295
     -51.4555399282622972      123.1229120219446855       39.8741111525920999
     -51.5266642155933141      123.1145040354864761       39.8994586434095666
     -51.5890159812594220      123.1065007179228701       39.9236283847354514
     -51.6430797070323493      123.0982927429815703       39.9484912058538342
     -51.6893787222100798      123.0900001583201941       39.9736676141019203
     -51.7284570385917419      123.0817329892467313       39.9988107714372418
     -51.7608778820831432      123.0735907608170265       40.0236077479139425
     -51.7872222280164465      123.0656644997901168       40.0477731270156667
     -51.8080872863034259      123.0580386627930238       40.0710428503927432
     -51.8240849459214914      123.0507932280948040       40.0931675781121797
     -51.8358401902076196      123.0440062702672890       40.1139045897770572
     -51.8439894992528423      123.0377575459109636       40.1330066122116946
     -51.8491792670239136      123.0321341180288641       40.1502044303804269
     -51.8520642886231684      123.0272402778219742       40.1651763689152546
     -51.8533064264879258      123.0232163928891254       40.1774904753961550
     -51.8535665557902874      123.0199597549397197       40.1874590077164484
     -51.8531599539245533      123.0167051954392718       40.1974233196535806
     -51.8517369644719963      123.0126896234287699       40.2097205575239940
     -51.8486321847715956      123.0078144939010372       40.2246545933346908
     -51.8431901617131672      123.0022243712772791       40.2417851655930292
     -51.8347608879792006      122.9960278215162361       40.2607824072679321
     -51.8227019852181883      122.9893163220811658       40.2813690750903035
     -51.8063806649282554      122.9821742619071188       40.3032900821411104
     -51.7851755664843338      122.9746846591885543       40.3262951644194487
     -51.7584785184902643      122.9669328544212306       40.3501277682599309
     -51.7256962420179960      122.9590092047903767       40.3745170147092125
     -51.6862520031483044      122.9510113064636272       40.3991711259555899
     -51.6395872176226689      122.9430460623377996       40.4237713385235438
     -51.5851630086760053      122.9352318308274477       40.4479655786527204
     -51.5224616559898649      122.9276980609879359       40.4713697738711815
     -51.4509712348424415      122.9198345142971078       40.4958471322119209
     -51.3702049185953058      122.9110941244973674       40.5230652382666392
     -51.2797131343014101      122.9014810197339074       40.5530169331614090
     -51.1790727202172633      122.8910114820304926       40.5856589893600130
     -51.0678880694174495      122.8797144616662251       40.6209108831353518
     -50.9457921927775672      122.8676319421532668       40.6586540685011073
     -50.8124476965690306      122.8548191356851049       40.6987318075563849
     -50.6675476697013778      122.8413444905946506       40.7409496040817629
     -50.5108164751748987      122.8272894888081623       40.7850762756058032
     -50.3420104393010490      122.8127481947793314       40.8308456815368572
     -50.1609184352788731      122.7978266171255797       40.8779591443991208
     -49.9673623533794995      122.7826418371895301       40.9260885507248844
     -49.7611974505103234      122.7673208913596170       40.9748801126463391
     -49.5423125716844268      122.7519993963632459       41.0239587547056956
     -49.3106302331299418      122.7368198135369965       41.0729330410642888
     -49.0661065643905161      122.7219297079845717       41.1214006932497682
     -48.8087310947848465      122.7074798291445035       41.1689545528427061
     -48.5385263680484371      122.6936219110541515       41.2151888469750105
     -48.2555473651942535      122.6805061653147106       41.2597056183288586
     -47.9598807173067385      122.6682791080730652       41.3021213836404755
     -47.6516436545543982      122.6570812404788313       41.3420736825848891
     -47.3309826988654407      122.6470443655014151       41.3792272384367834
     -46.9980737037024525      122.6382894737845390       41.4132799988082567
     -46.6531241369292644      122.6309245075877357       41.4439692923258036
     -46.2963752446070274      122.6250414342240305       41.4710780365977882
     -45.9281042453241426      122.6207140340892892       41.4944413744180522
     -45.5486259812100158      122.6179952172954728       41.5139532406972478
     -45.1582933540231508      122.6169142893530761       41.5295727335612312
     -44.7574963123987857      122.6174749670662010       41.5413301669514894
     -44.3466596082738249      122.6196527680347685       41.5493319356382500
     -43.9262398019385714      122.6233939644772590       41.5537646177023774
     -43.4967219383338985      122.6286142216957415       41.5548974768056283
     -43.0586157328218206      122.6351983102275653       41.5530836859906714
     -42.6124501428109212      122.6430004981679360       41.5487587039726805
     -42.1587734277083470      122.6519057692939612       41.5422594323764116
     -41.6981574760971085      122.6619131096085198       41.5335778069135415
     -41.2311920622034904      122.6730302675587296       41.5226709537119447
     -40.7584825000085544      122.6852567240086387       41.5095116324239086
     -40.2806480006380738      122.6985836178240703       41.4940882172479348
     -39.7983199602458342      122.7129938884061033       41.4764045739485567
     -39.3121401998540989      122.7284624582804042       41.4564797673864192
     -38.8227591880046248      122.7449565070638755       41.4343476179113424
     -38.3308342459353710      122.7624359247373178       41.4100561423491200
     -37.8370277701614199      122.7808536839769857       41.3836668018758687
     -37.3420054492929552      122.8001565286103727       41.3552537043211004
     -36.8464345252521639      122.8202854525681431       41.3249025998096471
     -36.3509820872631124      122.8411765392719985       41.2927098844968654
     -35.8563137993027681      122.8627615038367082       41.2587814966530644
     -35.3630925702341017      122.8849684980600614       41.2232320201615607
     -34.8719768762390103      122.9077226734907811       41.1861837097551913
     -34.3836190253358680      122.9309469661010752       41.1477655443705572
     -33.8986634776210565      122.9545627236237948       41.1081121936647449
     -33.4177451628311744      122.9784904379456663       41.0673629997381013
     -32.9414878475097552      123.0026503796719197       41.0256609198793214
     -32.4705025200854962      123.0269632899610031       40.9831514956233960
     -32.0053858173135453      123.0513509682788111       40.9399818070367019
     -31.5467184861777206      123.0757368434183974       40.8962994535639268
     -31.0950638846264340      123.1000464764341018       40.8522515555647416
     -30.6509665302044993      123.1242080733411939       40.8079838126460288
     -30.2149506923309090      123.1481528897975863       40.7636395887508058
     -29.7875190328395760      123.1718156133189552       40.7193590603782312
     -29.3691513083275986      123.1951346858985374       40.6752784221978416
     -28.9603030863385484      123.2180525133025526       40.6315291332153166
     -28.5614045339220155      123.2405157505378384       40.5882372542190097
     -28.1728592739941988      123.2624753390612540       40.5455227850513040
     -27.7950433811466127      123.2838867614288887       40.5034991745743085
     -27.4283043783100489      123.3047099324052311       40.4622728130282994
     -27.0729603513874935      123.3249093203707218       40.4219427002132932
     -26.7292991064990808      123.3444538684863545       40.3826001443406568
     -26.3975773925738011      123.3633168467844001       40.3443285302041446
     -26.0780202335569484      123.3814758802519975       40.3072032310721298
     -25.7708202955090435      123.3989126801524634       40.2712915029009721
     -25.4761373564930302      123.4156129042694943       40.2366524930038878
     -25.1940978692742696      123.4315660686345097       40.2033373297910899
     -24.9247945805175952      123.4467652412857177       40.1713891976525090
     -24.6682862530652969      123.4612068477920275       40.1408434963933374
     -24.4245974862700415      123.4748905468523930       40.1117280632371234
     -24.1937186086445202      123.4878189604145149       40.0840633793217052
     -23.9756056663274002      123.4999974419565234       40.0578628129320791
     -23.7701805152796517      123.5114338976136139       40.0331328983986694
     -23.5773310117575257      123.5221386316647028       40.0098736380555025
     -23.3969112764595017      123.5321241195799047       39.9880787864500391
     -23.2287420534967559      123.5414048251096943       39.9677361466029097
     -23.0726111640941305      123.5499970459140684       39.9488278691172169
     -22.9282740522559720      123.5579187729332489       39.9313307462103921
     -22.7954544217038233      123.5651895712670836       39.9152165008638420
     -22.6738449588731541      123.5718304463224939       39.9004520578595816
     -22.5631081433224274      123.5778637306026724       39.8869998073879870
     -22.4628771433172041      123.5833129914146440       39.8748178612705146
     -22.3727567931341440      123.5882029490160363       39.8638602990415691
     -22.2923246493576208      123.5925594040749900       39.8540774047470876
     -22.2211321232468855      123.5964091731595147       39.8454158957264610
     -22.1587062875989140      123.5997841774433113       39.8378062522245173
     -22.1048086194994795      123.6044956333047935       39.8256450081528754
     -22.0590324169616530      123.6113486021347541       39.8064510670651259
     -22.0207242168713542      123.6195920854357553       39.7825804850344227
     -21.9892399073931308      123.6286751403448108       39.7557695145443830
     -21.9639356876777114      123.6381742729173681       39.7273610432384103
     -21.9441638302244399      123.6477533972401091       39.6984290817201497
     -21.9292707336251986      123.6571391906542203       39.6698550878887488
     -21.9185961208715945      123.6661040396642477       39.6423805845072721
     -21.9114727493016304      123.6744522700038118       39.6166495680794313
     -21.9072261453479342      123.6820063622915598       39.5932510514194220
     -21.9051737532283681      123.6885890070805516       39.5727747410800887
     -21.9046224803884755      123.6939940736706092       39.5559015643088259
     -21.9049245424437231      123.6983563547779426       39.5422441915650111
