  -63.355702381014069       0.10595629506807065       -119.70646034046312     
  -61.831702381014068       0.10598709903966538       -119.74126180075029     
  -60.307702381014067       0.10601790301126011       -119.77606326103746     
  -58.783702381014066       0.10604870698285485       -119.81086472132463     
  -52.678070194137490       0.10617211756057955       -119.95029051927717     
  -52.670067157398911       0.10617227932259816       -119.95047327345384     
  -52.658571256442535       0.10617251202664027       -119.95073617600579     
  -52.642969753942928       0.10617282848353657       -119.95109370019117     
  -52.622660967710566       0.10617324153628357       -119.95156035590915     
  -52.597055888694854       0.10617376410559885       -119.95215074152766     
  -52.565579764356535       0.10617440924297374       -119.95287960559600     
  -52.527673643177017       0.10617519018793582       -119.95376191725406     
  -52.482795876178415       0.10617612042415510       -119.95481294406025     
  -52.430423571444898       0.10617721372145190       -119.95604833594457     
  -52.370053997757793       0.10617848412431444       -119.95748419338061     
  -52.301205933610063       0.10617994046952819       -119.95913104607422     
  -52.223420958003906       0.10618159022669536       -119.96099853504650     
  -52.136264679589978       0.10618344308650732       -119.96310011607655     
  -52.039327900881716       0.10618550671812553       -119.96544944263979     
  -51.932227714453930       0.10618778506010408       -119.96806047886180     
  -51.814608528222038       0.10619027539568165       -119.97094762519933     
  -51.686143017095105       0.10619296354126194       -119.97412585427990     
  -51.546532998500524       0.10619581618897460       -119.97761085339410     
  -51.395510228699969       0.10619876904410359       -119.98141914306829     
  -51.232837116500328       0.10620170889709964       -119.98556812260078     
  -51.058307358373447       0.10620444735908907       -119.99007622970839     
  -50.871746488887744       0.10620668290879588       -119.99496305948045     
  -50.673012345277080       0.10620794705821190       -120.00024944202217     
  -50.461995444704655       0.10620752921037789       -120.00595746224103     
  -50.238619268299921       0.10620437311406633       -120.01211025455495     
  -50.002840465323459       0.10619693640841869       -120.01873200963381     
  -49.754648970193813       0.10618300164411384       -120.02584796793134     
  -49.494068026773412       0.10615942386990931       -120.03348422048150     
  -49.221154113350323       0.10612179528369092       -120.04166710131882     
  -48.935996798077383       0.10606400198826495       -120.05042308781321     
  -48.638718508085681       0.10597763701923778       -120.05977865337792     
  -48.329474194299110       0.10585122149554547       -120.06975948226936     
  -48.008450922670029       0.10566928774166420       -120.08038998648887     
  -47.675867391568765       0.10541172031837547       -120.09169326619947     
  -47.331973326510656       0.10505354372103831       -120.10369009355827     
  -46.977048806166550       0.10456518526405385       -120.11639850420558     
  -46.611403510738583       0.10391324101584989       -120.12983370061744     
  -46.235375848440960       0.10306165753268536       -120.14400686631663     
  -45.849332048914206       0.10197315715811431       -120.15892537669686     
  -45.453665150773077       0.10061071616058792       -120.17459210124370     
  -45.048793927990943        9.8938956157354790E-002  -120.19100500540615     
  -44.635161767485457        9.6925371943212824E-002  -120.20815728028251     
  -44.213235451758869        9.4541346490294942E-002  -120.22603650484133     
  -43.783503933181542        9.1762689684810758E-002  -120.24462529524094     
  -43.346477015244446        8.8569639989871204E-002  -120.26390273600767     
  -42.902684019353607        8.4946793936492029E-002  -120.28384802840606     
  -42.452672371361501        8.0883051764976899E-002  -120.30443603668493     
  -41.997006164051214        7.6371556173741584E-002  -120.32563718379220     
  -41.536264664442655        7.1409602473294601E-002  -120.34741707720106     
  -41.071040788958356        6.5998513360569833E-002  -120.36973703684180     
  -40.601939546244701        6.0143470679512742E-002  -120.39255395671032     
  -40.129576440659115        5.3853305492581327E-002  -120.41582089754091     
  -39.654575864990754        4.7140244840982795E-002  -120.43948711825205     
  -39.177569446203677        4.0019620295093518E-002  -120.46349875375117     
  -38.699194404159634        3.2509540359596426E-002  -120.48779898530685     
  -38.220091852270549        2.4630533691493380E-002  -120.51232877780429     
  -37.740905137723253        1.6405169651563040E-002  -120.53702716650025     
  -37.262278110031801        7.8577126115939606E-003  -120.56183200505401     
  -36.784853454364445       -9.8610602182525454E-004  -120.58668035397766     
  -36.309270942259516       -1.0099271940461932E-002  -120.61150918241508     
  -35.836165772476519       -1.9453675721431304E-002  -120.63625582814979     
  -35.366166825134343       -2.9020304491227403E-002  -120.66085861005823     
  -34.899895024083953       -3.8769436065639526E-002  -120.68525731854342     
  -34.437961613293112       -4.8670833813381484E-002  -120.70939371046094     
  -33.980966557100608       -5.8693941051250212E-002  -120.73321198957068     
  -33.529496855451491       -6.8808073022926672E-002  -120.75665915700358     
  -33.084125002691458       -7.8982605654061830E-002  -120.77968545382612     
  -32.645407356377049       -8.9187158912839001E-002  -120.80224454852944     
  -32.213882678793581       -9.9391774412709757E-002  -120.82429394662755     
  -31.790070573187755      -0.10956708492105888       -120.84579497253203     
  -31.374470128112719      -0.11968447576114967       -120.86671314447176     
  -30.967558445836183      -0.12971623593835221       -120.88701797365874     
  -30.569789394138848      -0.13963570136843270       -120.90668327809733     
  -30.181592271724337      -0.14941739913212532       -120.92568689276379     
  -29.803370647143709      -0.15903718594230815       -120.94401077278016     
  -29.435501221113647      -0.16847236765795295       -120.96164083837704     
  -29.078332733596802      -0.17770179701178093       -120.97856668398691     
  -28.732185045716534      -0.18670595169747808       -120.99478168364530     
  -28.397348170241088      -0.19546699137196422       -121.01028245274681     
  -28.074081492694500      -0.20396879613348892       -121.02506882854432     
  -27.762613045310299      -0.21219698724471539       -121.03914365429117     
  -27.463138820196580      -0.22013893054592520       -121.05251229969291     
  -27.175822255998188      -0.22778372580034570       -121.06518264807555     
  -26.900793768856172      -0.23512218256985393       -121.07716480091293     
  -26.638150355766371      -0.24214678415648361       -121.08847066706284     
  -26.387955339057015      -0.24885164252793912       -121.09911385926146     
  -26.150238196663206      -0.25523244551313901       -121.10910954468613     
  -25.924994451783395      -0.26128639735563070       -121.11847406924119     
  -25.712185682922584      -0.26701215527391803       -121.12722477450409     
  -25.511739638388082      -0.27240976271625406       -121.13537990874985     
  -25.323550435351230      -0.27748057828297418       -121.14295848348561     
  -25.147478838532273      -0.28222720332822443       -121.14998004256630     
  -24.983352643728892      -0.28665341210140938       -121.15646455035464     
  -24.830967152722124      -0.29076408510411561       -121.16243230248904     
  -24.690085739064340      -0.29456514616073692       -121.16790386943654     
  -24.560440499446763      -0.29806350344655386       -121.17290003908640     
  -24.441732985218135      -0.30126699444756400       -121.17744172540377     
  -24.333635021719665      -0.30418433501153630       -121.18154993298513     
  -24.235789608884946      -0.30682507213492910       -121.18524573792183     
  -24.147811899938286      -0.30919954002099886       -121.18855027846362     
  -24.069290255405114      -0.31131881880328238       -121.19148475427585     
  -23.999787369446793      -0.31319469521544413       -121.19407043296400     
  -23.938841465340609      -0.31483962458909742       -121.19632869417524     
  -23.885967557264205      -0.31626675375086161       -121.19829427023095     
  -23.840658773037870      -0.31748978029376490       -121.19999276672891     
  -23.802387735832042      -0.31852289973004855       -121.20143760888581     
  -23.770608001417205      -0.31938083204174605       -121.20264446087958     
  -23.744755545623082      -0.32007878000598838       -121.20363095487538     
  -23.724250298332713      -0.32063238643170910       -121.20441642582249     
  -23.708497719765973      -0.32105769036797482       -121.20502165529859     
  -23.696890414697325      -0.32137108238674111       -121.20546862749624     
  -23.688809780156237      -0.32158925906381364       -121.20578030023022     
  -23.683627682074125      -0.32172917679282903       -121.20598039359606     
  -23.680708156272324      -0.32180800507098006       -121.20609319862959     
  -23.679409129129350      -0.32184307939453655       -121.20614340800752     
  -17.583084153223943      -0.48644662587695509       -121.44177565508237     
  -16.059084153223942      -0.52759531887325484       -121.50068057664764     
  -14.535084153223943      -0.56874401186955459       -121.55958549821290     
  -13.011084153223942      -0.60989270486585434       -121.61849041977817     
