  -58.592445246333796        129.37562360620171       0.18154998542591053     
  -57.068445246333795        129.38409589876164       0.18156187440892491     
  -55.544445246333794        129.39256819132157       0.18157376339193929     
  -54.020445246333793        129.40104048388150       0.18158565237495367     
  -47.914467104988475        129.43498512507446       0.18163328614818763     
  -47.906176634926105        129.43503121384600       0.18163335082355361     
  -47.894267864909594        129.43509772905978       0.18163344416288521     
  -47.878106066171519        129.43518858660642       0.18163357166123745     
  -47.857067971342204        129.43530787114588       0.18163373905019398     
  -47.830543453378567        129.43545989779238       0.18163395238376695     
  -47.797937168897249        129.43564928108205       0.18163421813224692     
  -47.758670161480090        129.43588101000904       0.18163454327930856     
  -47.712181420628710        129.43616052792279       0.18163493541168407     
  -47.657929392162302        129.43649381598385       0.18163540278169954     
  -47.595393435983034        129.43688745787176       0.18163595427451401     
  -47.524075227274750        129.43734265229890       0.18163659074515992     
  -47.443500097354210        129.43785985772632       0.18163731101663833     
  -47.353218310558567        129.43844345545600       0.18163811743974315     
  -47.252806273729121        129.43909814366245       0.18163900905233391     
  -47.141867675039109        129.43982903506352       0.18163997862090300     
  -47.020034549112573        129.44064176503096       0.18164100759903912     
  -46.886968265571284        129.44154260581979       0.18164205785110488     
  -46.742360438072105        129.44253855488213       0.18164305846122930     
  -46.585933751992791        129.44363744221985       0.18164388541326465     
  -46.417442708678770        129.44484805655327       0.18164433103383174     
  -46.236674283920806        129.44618024418392       0.18164405896790387     
  -46.043448499230344        129.44764499065604       0.18164253920437265     
  -45.837618904336935        129.44925445135266       0.18163895593909413     
  -45.619072969487483        129.45102188161593       0.18163207895638567     
  -45.387732388770281        129.45296167589430       0.18162008695412077     
  -45.143553292523272        129.45508933809316       0.18160032736762408     
  -44.886526368545802        129.45742134008367       0.18156899313709171     
  -44.616676891784799        129.45997476113860       0.18152069107917718     
  -44.334064666858737        129.46276720858177       0.18144786959599948     
  -44.038783882113805        129.46581663999430       0.18134006118021634     
  -43.730962876398188        129.46914086564408       0.18118287908443179     
  -43.410763823156806        129.47275722223307       0.18095668759121505     
  -43.078382330636337        129.47668239438912       0.18063503704376163     
  -42.734046941945039        129.48093176748429       0.18018354000343040     
  -42.378018528931648        129.48551910847002       0.17955951390970717     
  -42.010589581073901        129.49045633585939       0.17871243569341799     
  -41.632083391189298        129.49575280364164       0.17758525543383333     
  -41.242853139370915        129.50141529176508       0.17611642272761879     
  -40.843280892628037        129.50744752019108       0.17424232505653209     
  -40.433776522535808        129.51384991918761       0.17189981738500373     
  -40.014776553483244        129.52061958620226       0.16902860068944944     
  -39.586742951863052        129.52774992634130       0.16557331931989908     
  -39.150161846918273        129.53523089914717       0.16148529417359336     
  -38.705542222625709        129.54304873893298       0.15672343811543654     
  -38.253414551347383        129.55118849320095       0.15125425777580939     
  -37.794329397051555        129.55963680546770       0.14505173087854681     
  -37.328855937322452        129.56837840907070       0.13809721012668244     
  -36.857580466207089        129.57739536497402       0.13037931220293483     
  -36.381104819050130        129.58666735563077       0.12189376084037548     
  -35.900044793086842        129.59617166501440       0.11264316589107726     
  -35.415028492582515        129.60588350620139       0.10263673145497448     
  -34.926694683185886        129.61577611810679        9.1889889982780984E-002
  -34.435691075494844        129.62582111822218        8.0423864689503965E-002
  -33.942672626859554        129.63598870524723        6.8265164811193019E-002
  -33.448299783494633        129.64624801351829        5.5445021114480873E-002
  -32.953236741289331        129.65656738887259        4.1998770643094298E-002
  -32.458149668795954        129.66691476784339        2.7965204493621373E-002
  -31.963704936676702        129.67725798854588        1.3385973036124198E-002
  -31.470567334018991        129.68756511860607       -1.6948067023660974E-003
  -30.979398275519497        129.69780473968191       -1.7230868929823066E-002
  -30.490854037760624        129.70794632800917       -3.3174122117834742E-002
  -30.005583970736925        129.71796046841490       -4.9474978363825119E-002
  -29.524228771726936        129.72781923235826       -6.6082685759080800E-002
  -29.047418723912688        129.73749628506025       -8.2945661679739602E-002
  -28.575772022483530        129.74696723011772      -0.10001182398193943     
  -28.109893064691487        129.75620962448102      -0.11722891780441001     
  -27.650370844017132        129.76520329863030      -0.13454483566713932     
  -27.197777313759310        129.77393026787772      -0.15190792819343285     
  -26.752665865715894        129.78237500727866      -0.16926730386605762     
  -26.315569787681813        129.79052426470298      -0.18657311502516694     
  -25.887000843178228        129.79836728008101      -0.20377682902029193     
  -25.467447843280173        129.80589553199852      -0.22083148205064751     
  -25.057375340698982        129.81310289489363      -0.23769191881525367     
  -24.657222339254741        129.81998536723526      -0.25431503403525391     
  -24.267401109631674        129.82654108647662      -0.27066000389000117     
  -23.888296060657609        129.83277016022728      -0.28668848496305127     
  -23.520262681116527        129.83867445307192      -0.30236477664967748     
  -23.163626587454402        129.84425759658822      -0.31765594960311344     
  -22.818682612649663        129.84952460895363      -0.33253193907390532     
  -22.485694018893113        129.85448191390108      -0.34696560687575018     
  -22.164891773448794        129.85913710009200      -0.36093277289680120     
  -21.856473911002787        129.86349866841837      -0.37441221836941324     
  -21.560605007690430        129.86757603654260      -0.38738566500182370     
  -21.277415723699292        129.87137926332653      -0.39983773125505995     
  -21.007002444887021        129.87491886546323      -0.41175586952241339     
  -20.749427028894193        129.87820579278454      -0.42313028787745216     
  -20.504716633347684        129.88125124325575      -0.43395385845353707     
  -20.272863639021875        129.88406649737547      -0.44422201575462317     
  -20.053825673277050        129.88666285131734      -0.45393264819095602     
  -19.847525728684136        129.88905157790381      -0.46308598406529422     
  -19.653852369142328        129.89124378351795      -0.47168447013223935     
  -19.472660032374947        129.89325033356394      -0.47973264881099054     
  -19.303769425920034        129.89508180792663      -0.48723703959442599     
  -19.146968014991412        129.89674847781859      -0.49420602607975989     
  -19.002010599542004        129.89826027827698      -0.50064974935429207     
  -18.868619978491488        129.89962676754547      -0.50658000812996318     
  -18.746487701591914        129.90085711837423      -0.51201016598164184     
  -18.635274905754116        129.90196011909103      -0.51695506545068193     
  -18.534613233416326        129.90294418153331      -0.52143094852817273     
  -18.444105830432068        129.90381735514623      -0.52545538274315984     
  -18.363328420766614        129.90458734711729      -0.52904719181582593     
  -18.291830455056282        129.90526154768239      -0.53222638964546232     
  -18.229136329687922        129.90584708618110      -0.53501411645889208     
  -18.174746673635997        129.90636389695476      -0.53743264018768611     
  -18.128139698461545        129.90682257184017      -0.53950518354323540     
  -18.088772608927229        129.90722136643248      -0.54125584379403369     
  -18.056083070345167        129.90756042837862      -0.54270959689245002     
  -18.029490728022257        129.90784154371110      -0.54389222832999273     
  -18.008398775009518        129.90806789048341      -0.54483026207385044     
  -17.992195563921438        129.90824380337764      -0.54555088767188242     
  -17.980256258472508        129.90837455273220      -0.54608188568534788     
  -17.971944520270469        129.90846614117402      -0.54645155164716996     
  -17.966614226309918        129.90852512073985      -0.54668861876162766     
  -17.963611212526136        129.90855843303581      -0.54682217956861323     
  -17.962275038698703        129.90857327461882      -0.54688160679755515     
  -11.865940769937133        129.97628845452056      -0.81802017040217101     
  -10.341940769937132        129.99321632127140      -0.88580109459637146     
  -8.8179407699371328        130.01014418802225      -0.95358201879057192     
  -7.2939407699371319        130.02707205477310       -1.0213629429847724     
