     -11.9324714618449903      138.4690793617593556       -0.7550672584079822
     -11.9337013941238794      138.4690058878587422       -0.7701044450089398
     -11.9361892162489589      138.4689207488940497       -0.7885876364811439
     -11.9406572784835721      138.4688259409241198       -0.8108760695642974
     -11.9477544381032512      138.4687294877056161       -0.8361505658295511
     -11.9581288448602283      138.4686391255351907       -0.8636932184142897
     -11.9724202614862154      138.4685629267011109       -0.8927876338404855
     -11.9912546502606414      138.4685097550360240       -0.9226576177898942
     -12.0152396324032651      138.4684896696112446       -0.9524203410277373
     -12.0449599879576237      138.4685143433981125       -0.9810396370557737
     -12.0809725348475556      138.4685975472633572       -1.0072680165143579
     -12.1237995223777659      138.4687557644935225       -1.0295624996051200
     -12.1739189685689180      138.4690090565682112       -1.0459472716207563
     -12.2317484818489959      138.4693824512006586       -1.0537637919160712
     -12.2979953788436518      138.4698616715971013       -1.0556980349447691
     -12.3735447535081260      138.4704061023563213       -1.0578875530326159
     -12.4589002392966339      138.4710183956314893       -1.0603609307337913
     -12.5545381944324053      138.4717009518672626       -1.0631316022664379
     -12.6609072354567100      138.4724558014213756       -1.0662120043509791
     -12.7784270109904146      138.4732845917886834       -1.0696134855960548
     -12.9074870497534278      138.4741885787097999       -1.0733462122742408
     -13.0484456860994200      138.4751686213024300       -1.0774190715509731
     -13.2016290663863067      138.4762251806936035       -1.0818395732529353
     -13.3673302374888596      138.4773583250426441       -1.0866137512746439
     -13.5458083206094013      138.4785677395540517       -1.0917460656772857
     -13.7372877726767015      138.4798527413468605       -1.0972393065579225
     -13.9419577372699166      138.4812122982763753       -1.1030945008062274
     -14.1599714885168186      138.4826450221231653       -1.1093108226985124
     -14.3914459675139721      138.4841491821748889       -1.1158855099471865
     -14.6364614159734252      138.4857227589595539       -1.1228137859885789
     -14.8950611260984438      138.4873634895060093       -1.1300887829426736
     -15.1672512863385212      138.4890691119777841       -1.1377014645458337
     -15.4530009182510710      138.4908374815270236       -1.1456405527700444
     -15.7522419146471009      138.4926664807830718       -1.1538924596639983
     -16.0648691874057121      138.4945543007248716       -1.1624412302539842
     -16.3907409228675576      138.4964998265663496       -1.1712684955679331
     -16.7296789350455164      138.4985024041077679       -1.1803534308555264
     -17.0814691400037866      138.5005619489947435       -1.1896727282094040
     -17.4458621360240933      138.5026790760934432       -1.1992005821783893
     -17.8225738771912816      138.5048550513768930       -1.2089086878909432
     -18.2112864811832225      138.5070916536972732       -1.2187662535911046
     -18.6116491170454488      138.5093912857213923       -1.2287400317390882
     -19.0232790124018400      138.5117568248450937       -1.2387943653936726
     -19.4457625631371940      138.5141915185770358       -1.2488912535746373
     -19.8786565285210948      138.5166991000219525       -1.2589904382248982
     -20.3214893438029911      138.5192835400924309       -1.2690495084563620
     -20.7737624681465185      138.5219492792115261       -1.2790240357693712
     -21.2349517522136502      138.5247011324873654       -1.2888677678533194
     -21.7045088937404316      138.5275442556647079       -1.2985328925949733
     -22.1818630262792773      138.5304838538419858       -1.3079703442134125
     -22.6664223484175409      138.5335252693886048       -1.3171301521159424
     -23.1575758374369443      138.5366737758926945       -1.3259618236937780
     -23.6546949951882652      138.5399346029734318       -1.3344147625539182
     -24.1571356606613392      138.5433127520892072       -1.3424387137193472
     -24.6642398477332101      138.5468129596201265       -1.3499842340480941
     -25.1753376280043852      138.5504395506534649       -1.3570031795248547
     -25.6897490337381029      138.5541964099955976       -1.3634492050588845
     -26.2067859813984256      138.5580869035915725       -1.3692782680682249
     -26.7257542120801617      138.5621137806768672       -1.3744491285959699
     -27.2459552280016801      138.5662791117541417       -1.3789238386760174
     -27.7666882398321277      138.5705841084180463       -1.3826682114609063
     -28.2872521550824594      138.5750291421238103       -1.3856522584576763
     -28.8069482185063350      138.5796136567117287       -1.3878504501869773
     -29.3250826548432180      138.5843361522092039       -1.3892416419620799
     -29.8409686419000195      138.5891941352045933       -1.3898088743252981
     -30.3539281543472264      138.5941840728934551       -1.3895391469398295
     -30.8632937349790240      138.5993014208849559       -1.3884231735129815
     -31.3684102044049098      138.6045406335843779       -1.3864551205062243
     -31.8686362968245263      138.6098951768771315       -1.3836323320619224
     -32.3633462499866837      138.6153574531087997       -1.3799550404530989
     -32.8519313409329072      138.6209188619645261       -1.3754260616398613
     -33.3338014112455951      138.6265697528105534       -1.3700504667186610
     -33.8083863960289150      138.6322996564332186       -1.3638352201542998
     -34.2751371923234558      138.6380978926979992       -1.3567326777568525
     -34.7335239568438396      138.6439569059343739       -1.3482942794547057
     -35.1830440759497804      138.6498695972152575       -1.3379449399755070
     -35.6232237635491131      138.6558274296480988       -1.3251847685943654
     -36.0536127059395497      138.6618203240719822       -1.3095929310998824
     -36.4737812786243865      138.6678366822944781       -1.2908302610832263
     -36.8833184389722888      138.6738633368620981       -1.2686410431187449
     -37.2818299921917031      138.6798856779715265       -1.2428539379341648
     -37.6689379403553914      138.6858876606664523       -1.2133819621162227
     -38.0442816330721385      138.6918520655953841       -1.1802213036316083
     -38.4075210797804516      138.6977606621263703       -1.1434486464832236
     -38.7583419844292294      138.7035945731389859       -1.1032167193993998
     -39.0964613777448022      138.7093346572133896       -1.0597479881325738
     -39.4216329237604413      138.7149618371248039       -1.0133266850162810
     -39.7336521108221916      138.7204575993893911       -0.9642893740567299
     -40.0323574772698763      138.7258042933574984       -0.9130146388726608
     -40.3176294050412096      138.7309853831251587       -0.8599129743648032
     -40.5893891016100810      138.7359857458088754       -0.8054171502334438
     -40.8475977824172602      138.7407918409631975       -0.7499730680407588
     -41.0922559703291839      138.7453918319451134       -0.6940311541216988
     -41.3234028583841990      138.7497757471641648       -0.6380383413457275
     -41.5411157032847242      138.7539355445122737       -0.5824306937979047
     -41.7455092240134036      138.7578651071339380       -0.5276267261720959
     -41.9367349859760168      138.7615602188770367       -0.4740214625282859
     -42.1149807556332973      138.7650185379919776       -0.4219812691688892
     -42.2804698146331361      138.7682395115537872       -0.3718394848521679
     -42.4334602233368727      138.7712242655204875       -0.3238928597175539
     -42.5742440260273725      138.7739754732724293       -0.2783988015002558
     -42.7031463916386258      138.7764972209612040       -0.2355734150593461
     -42.8205246855119839      138.7787948817559993       -0.1955903090581116
     -42.9267674695513506      138.7808749778353672       -0.1585801322139640
     -43.0222934290262700      138.7827450464908168       -0.1246307912919220
     -43.1075502256025800      138.7844135148594376       -0.0937882939057195
     -43.1830132772420896      138.7858895855157471       -0.0660581515451886
     -43.2491844664813669      138.7871836673907353       -0.0395799726139683
     -43.3065907794782419      138.7883054851528755       -0.0122755604155385
     -43.3557828784704355      138.7892641561541609        0.0154299692517424
     -43.3973336112031234      138.7900698054943120        0.0431474796016732
     -43.4318364610594472      138.7907334735828613        0.0705252483703158
     -43.4599039418668767      138.7912670172104583        0.0972418941955372
     -43.4821659416929620      138.7916830116700169        0.1229995669518464
     -43.4992680201140729      138.7919946567831744        0.1475165960698449
     -43.5118696635870208      138.7922156899872164        0.1705185116777377
     -43.5206425036763349      138.7923603108517057        0.1917256412810239
     -43.5262685029922807      138.7924431243962999        0.2108337825015756
     -43.5294381137780206      138.7924791181052626        0.2274802562399668
     -43.5308484141522740      138.7924837021009239        0.2411795666367119
     -43.5312012270653597      138.7924709118771887        0.2522746779668918
     -43.5308484141522740      138.7924433683243421        0.2633697624808379
     -43.5294381137780206      138.7923889837080083        0.2770689656939043
     -43.5262685029922807      138.7922924758602790        0.2937151985922319
     -43.5206425036763349      138.7921401996677275        0.3128229125043903
     -43.5118696635869711      138.7919184861804638        0.3340293762438872
     -43.4992680201136679      138.7916138363322318        0.3570303363494668
     -43.4821659416901696      138.7912130673314266        0.3815460705552746
     -43.4599039418519268      138.7907034396026802        0.4073020608629573
     -43.4318364609933383      138.7900727773586880        0.4340165905757392
     -43.3973336109525576      138.7893095881525767        0.4613917658073211
     -43.3557828776336720      138.7884031835741325        0.4891061641684989
     -43.3065907769656988      138.7873438018782508        0.5168080254406332
     -43.2491844595913619      138.7861227326187930        0.5441081782096893
     -43.1830132597764447      138.7847324038505121        0.5705814753599531
     -43.1075501839762865      138.7831555360386062        0.5983060622060963
     -43.0222933345882694      138.7813749570394748        0.6291422751547560
     -42.9267672645868927      138.7793814838822186        0.6630845587480069
     -42.8205242582039602      138.7771668558409317        0.7000868540510816
     -42.7031455329659977      138.7747238536764200        0.7400611874507287
     -42.5742423579597826      138.7720464275667211        0.7828768138888099
     -42.4334570827922235      138.7691298312156505        0.8283599759216871
     -42.2804640711808020      138.7659707573695300        0.8762943309856954
     -42.1149705325732668      138.7625674581580313        0.9264220883102412
     -41.9367172439549378      138.7589198712480822        0.9784458845117208
     -41.7454791535224317      138.7550297396264227        1.0320314124225309
     -41.5410658570162354      138.7509007066792890        1.0868108018104785
     -41.3233219362691599      138.7465383838289767        1.1423867335220881
     -41.0921271487952993      138.7419503560400358        1.1983372498915921
     -40.8473964543761880      138.7371461831592967        1.2542212054930046
     -40.5890798637203929      138.7321373790325367        1.3095842812853025
     -40.3171620916603430      138.7269373207415981        1.3639654632899327
     -40.0316619920715837      138.7215610606384644        1.4169038640997078
     -39.7326317398156448      138.7160251790884047        1.4679457422954525
     -39.4201557138758858      138.7103475904340542        1.5166515445277355
     -39.0943490084339018      138.7045472219954831        1.5626027605508161
     -38.7553555852352432      138.6986437472293687        1.6054083450972860
     -38.4033486847968319      138.6926573580830109        1.6447106935405624
     -38.0385349800590902      138.6866084412491489        1.6801919709596367
     -37.6611585820466956      138.6805173865321876        1.7115811055310972
     -37.2715051213036972      138.6744042936783501        1.7386613732696845
     -36.8699049782032446      138.6682886288973577        1.7612785112911373
     -36.4567345459891001      138.6621889783178290        1.7793490272286487
     -36.0324151394910572      138.6561226174224259        1.7928681578435655
     -35.5974099164383233      138.6501052859984497        1.8019169100561068
     -35.1522195872490286      138.6441508260792830        1.8066677314237327
     -34.6973776120014961      138.6382710463945784        1.8073885387597475
     -34.2334446227762754      138.6324755232790267        1.8044449015119364
     -33.7610001988223232      138.6267715766739741        1.7982987036176201
     -33.2806415580027632      138.6211668520635669        1.7893064162470416
     -32.7929884983977047      138.6156729637755518        1.7774443631604957
     -32.2986785626554109      138.6103008914079169        1.7626547411975295
     -31.7983646593251024      138.6050601764447947        1.7449017985892086
     -31.2927132716482248      138.5999586991171952        1.7241717436085289
     -30.7824025587177523      138.5950027816947454        1.7004724450965016
     -30.2681204173293352      138.5901971545428353        1.6738329102798191
     -29.7505625144007553      138.5855450846959798        1.6443025444848027
     -29.2304303321995249      138.5810484193198420        1.6119501977405877
     -28.7084292309963587      138.5767076107208595        1.5768630129206129
     -28.1852665465864654      138.5725217989059388        1.5391450945758984
     -27.6616497348393686      138.5684888981988934        1.4989160195693902
     -27.1382846202583323      138.5646057529243365        1.4563092216337994
     -26.6158743163146667      138.5608682176225557        1.4114704123447062
     -26.0951181035747268      138.5572713132761180        1.3645562286732389
     -25.5767096844581232      138.5538092904363054        1.3157329132509663
     -25.0613353936818228      138.5504758419001803        1.2651749492576045
     -24.5496724458406810      138.5472642381215564        1.2130636606836167
     -24.0423872200397284      138.5441674240172745        1.1595857938258269
     -23.5401335750631659      138.5411781790166401        1.1049320959563571
     -23.0435512172592247      138.5382891306512647        1.0492959039136975
     -22.5532640937629552      138.5354929800079162        0.9928717594238325
     -22.0698788493237785      138.5327825215261726        0.9358540607147511
     -21.5939833089379398      138.5301508533044341        0.8784357655266229
     -21.1261450300310152      138.5275913591877099        0.8208071533844264
     -20.6669098842680370      138.5250978926673326        0.7631546598586836
     -20.2168007131552869      138.5226647160796745        0.7056597883610518
     -19.7763160151581907      138.5202867851625399        0.6484981099259004
     -19.3459286784730722      138.5179597451251539        0.5918383455234818
     -18.9260847146551114      138.5156799622083952        0.5358415124593885
     -18.5172021715189601      138.5134442961360435        0.4806601583524925
     -18.1196701024525595      138.5112503732681830        0.4264377144390745
     -17.7338476274024721      138.5090963437602909        0.3733079653824474
     -17.3600630268795442      138.5069811023640227        0.3213946365539199
     -16.9986129197406513      138.5049042729325777        0.2708110919065853
     -16.6497615048936574      138.5028661442370606        0.2216601376916903
     -16.3137398601178774      138.5008677643249939        0.1740339255082506
     -15.9907453392146497      138.4989109435022385        0.1280139461893112
     -15.6809410243419993      138.4969980537809988        0.0836711060267394
     -15.3844552660076879      138.4951319850940763        0.0410658766663931
     -15.1013813142872309      138.4933163088949470        0.0002485087455782
     -14.8317770254087389      138.4915547637818349       -0.0387407005747906
     -14.5756646613370044      138.4898510768441042       -0.0758710950181998
     -14.3330307829565395      138.4882090616690959       -0.1111213115708226
     -14.1038262325904142      138.4866323832928288       -0.1444789065778030
     -13.8879662202343344      138.4851243677595676       -0.1759399615232540
     -13.6853305122442368      138.4836879535288290       -0.2055086713839826
     -13.4957637002040656      138.4823256287649826       -0.2331969282770135
     -13.3190755607564579      138.4810394305445982       -0.2590239107764160
     -13.1550415134431109      138.4798309379956436       -0.2830156834905412
     -13.0034031761545403      138.4787012515066635       -0.3052048102938134
     -12.8638690158869746      138.4776509784406073       -0.3256299837069294
     -12.7361150933953287      138.4766802247035287       -0.3443356719548092
     -12.6197858989529141      138.4757885933344994       -0.3613717843215143
     -12.5144952769255138      138.4749751896155203       -0.3767933545439052
     -12.4198274374757514      138.4742386304704951       -0.3906602411619129
     -12.3353380521082894      138.4735770587172965       -0.4030368430324616
     -12.2605554300507436      138.4729881617215028       -0.4139918276570898
     -12.1949826029942727      138.4724691565531032       -0.4236121088370002
     -12.1384542024923778      138.4720003349054309       -0.4380966119359078
     -12.0905800506153849      138.4715687444910088       -0.4601953496534461
     -12.0506361832948485      138.4711749340384586       -0.4873162772042689
     -12.0179180402068937      138.4708181605358561       -0.5175524835184124
     -11.9917274699830276      138.4704972416433009       -0.5494321118121107
     -11.9713663531686265      138.4702109054447874       -0.5817808212847039
     -11.9561333746601903      138.4699579167036063       -0.6136374205038994
     -11.9453223659696945      138.4697371080079051       -0.6441956779914766
     -11.9382213433192739      138.4695473882704277       -0.6727574118155761
     -11.9341115707660883      138.4693877853457593       -0.6986854437905357
     -11.9322658063566163      138.4692575951818014       -0.7213420704685716
     -11.9319443282448834      138.4691567583997767       -0.7399890877231835
     -11.9324714618449903      138.4690793617593556       -0.7550672584079822
