     -14.6884723524338572       49.6463050268219490      144.9367316882820376
     -14.6916756906864698       49.6618517525599117      144.9314771572755660
     -14.6966906914402333       49.6808539261660655      144.9250768659268829
     -14.7043589399662160       49.7036068224739509      144.9174469125392761
     -14.7152962630142774       49.7291849483505217      144.9089168033047770
     -14.7301301383381507       49.7567686435296253      144.8997805121051670
     -14.7494789746530035       49.7855409405152827      144.8903315256175119
     -14.7739386115963551       49.8146242717111747      144.8808844194807648
     -14.8040715604344193       49.8430321822716422      144.8717913646586908
     -14.8403963055054078       49.8696211719659317      144.8634585866819862
     -14.8833745350939601       49.8930308278478094      144.8563667665884509
     -14.9333935181289021       49.9115967952663055      144.8511005861033141
     -14.9907385790555452       49.9232085903085405      144.8483968459931930
     -15.0555445645626218       49.9250506846232369      144.8492319043577936
     -15.1289221241768370       49.9198457172298546      144.8526942713654364
     -15.2126018254030857       49.9138943115684839      144.8566531533768114
     -15.3071433325699022       49.9071719926218833      144.8611317437808168
     -15.4130743312412886       49.8996416229058823      144.8661572646846309
     -15.5308917335809191       49.8912682407971388      144.8717559045051360
     -15.6610602920762378       49.8820191505007813      144.8779527753281968
     -15.8040112905213519       49.8718640175309886      144.8847718646449323
     -15.9601413163292118       49.8607749739809734      144.8922359793560020
     -16.1298111178588606       49.8487267373981524      144.9003666801642680
     -16.3133445499243273       49.8356967463860201      144.9091842048065075
     -16.5110276102154110       49.8216653152537248      144.9187073789511828
     -16.7231075691236306       49.8066158092055815      144.9289535140024725
     -16.9497921954375670       49.7905348407269912      144.9399382914762384
     -17.1912490804934635       49.7734124869769445      144.9516756340618144
     -17.4476050635967184       49.7552425271236061      144.9641775639451282
     -17.7189457739743403       49.7360226943222727      144.9774540508974212
     -18.0053153364662428       49.7157549150617655      144.9915128611405351
     -18.3067161711555713       49.6944455275629551      145.0063594087671390
     -18.6231088813246330       49.6721054906043662      145.0219966064012453
     -18.9544122631648833       49.6487505787160188      145.0384247243623292
     -19.3005033927297980       49.6244018477494180      145.0556421132543505
     -19.6612178207361232       49.5990862013304650      145.0736463234885605
     -20.0363500392206859       49.5728360989076151      145.0924328423186296
     -20.4256540260682904       49.5456895661738699      145.1119948632706382
     -20.8288439179928559       49.5176902152815686      145.1323232600774134
     -21.2455948249773101       49.4888872022982369      145.1534065768559003
     -21.6755437873964816       49.4593351152928378      145.1752310364465188
     -22.1182908760929671       49.4290937874194469      145.1977805685726537
     -22.5734004345613251       49.3982280305749413      145.2210368591545091
     -23.0404024611280036       49.3668072866295660      145.2449794217255317
     -23.5187941276099330       49.3349051948356632      145.2695856914662613
     -24.0080414287246846       49.3025990758955786      145.2948311418317076
     -24.5075808634850354       49.2699693591783543      145.3206894123321149
     -25.0168209400867916       49.2370990785432525      145.3471323990806354
     -25.5351439030676985       49.2040734284608945      145.3741303197397485
     -26.0619077511718480       49.1709791491781303      145.4016512971886641
     -26.5964483566812966       49.1379038756390685      145.4296608477428663
     -27.1380814029034916       49.1049359578332059      145.4581227654521456
     -27.6861045080054637       49.0721640517680484      145.4869993239086625
     -28.2397994211867598       49.0396766761172103      145.5162513625016629
     -28.7984342584258890       49.0075617764217526      145.5458383747643154
     -29.3612657659013401       48.9759062984847802      145.5757185993553264
     -29.9275415988424314       48.9447957721036104      145.6058491143543847
     -30.4965026033670839       48.9143139058247343      145.6361859356612456
     -31.0673850888305125       48.8845421929963990      145.6666841203530964
     -31.6394230783520349       48.8555595290517743      145.6972978758871591
     -32.2118505213139485       48.8274418682576510      145.7279807612849538
     -32.7839035539408243       48.8002626280105005      145.7586882115243725
     -33.3548248928835704       48.7740918675695738      145.7893782322823597
     -33.9238683678299395       48.7489936142199127      145.8200094037420058
     -34.4903011527454311       48.7250239418457625      145.8505413407787046
     -35.0534056010396853       48.7022292227686719      145.8809352656888336
     -35.6124808963094068       48.6806445249328945      145.9111545445600200
     -36.1668445295784693       48.6602921753083422      145.9411651815499340
     -36.7158336257833326       48.6411805026345547      145.9709362681906271
     -37.2588061567212776       48.6233027632428261      146.0004403883917234
     -37.7951420964267371       48.6066362420846048      146.0296539843865560
     -38.3242446012252316       48.5911415060552443      146.0585576950306006
     -38.8455413788239170       48.5767617315620726      146.0871365836098050
     -39.3584843657865946       48.5633625784265632      146.1153990830956104
     -39.8625406401341422       48.5503665089590299      146.1434987178867857
     -40.3572145306985419       48.5370420975507528      146.1716396693389015
     -40.8420496422518866       48.5227171923624923      146.2000062068281068
     -41.3166088839444399       48.5067856055245841      146.2287596889611621
     -41.7804632415707502       48.4887142756215539      146.2580357501263961
     -42.2331830156024139       48.4680503818244759      146.2879415826309923
     -42.6743305552707781       48.4444282867729470      146.3185533312881148
     -43.1034566757486530       48.4175759956568328      146.3499138404359030
     -43.5201030294991824       48.3873203733012787      146.3820311557090577
     -43.9238114402611757       48.3535899824291704      146.4148782472613846
     -44.3141387346782167       48.3164144035721606      146.4483942834110337
     -44.6906734099439760       48.2759194254213853      146.4824874690827130
     -45.0530511973257575       48.2323182928859353      146.5170392131153960
     -45.4009700473332103       48.1858998473675300      146.5519113312284674
     -45.7341923001977477       48.1370146245359294      146.5869545059565269
     -46.0525402876058152       48.0860588310226689      146.6220076315492804
     -46.3558923264319134       48.0334611449901558      146.6569012004642900
     -46.6441794883901721       47.9796710753436315      146.6914614991812869
     -46.9173830045636180       47.9251483710485360      146.7255144347114424
     -47.1755321253404318       47.8703534184159167      146.7588889967472880
     -47.4187023136814361       47.8157385955715313      146.7914203558727309
     -47.6470136836816067       47.7617405707218339      146.8229525969242957
     -47.8606296173741086       47.7087735389689911      146.8533410873314153
     -48.0597555064099708       47.6572233942541104      146.8824544823208669
     -48.2446375748764069       47.6074428304783268      146.9101763717273457
     -48.4155617469245527       47.5597473603318903      146.9364065764472684
     -48.5728525290498609       47.5144122328646503      146.9610621060353424
     -48.7168718823067977       47.4716702221404176      146.9840777923722612
     -48.8480180646590867       47.4317102500685905      147.0054066175840717
     -48.9667244281314211       47.3946767972181746      147.0250197573458877
     -49.0734581594295634       47.3606700465345867      147.0429063632880968
     -49.1687189562074138       47.3297466967578799      147.0590731103733901
     -49.2530376341615792       47.3019213752821770      147.0735435368019353
     -49.3269746625588965       47.2752288069885296      147.0869806800008064
     -49.3911186282571677       47.2474726868230874      147.1001231858960523
     -49.4460846287365001       47.2191146659287782      147.1128576230452438
     -49.4925125972401929       47.1905791245460975      147.1250856485661984
     -49.5310655633635122       47.1622515530971711      147.1367242553181995
     -49.5624278528649143       47.1344859660982891      147.1477031034802110
     -49.5873032312881037       47.1076120380391288      147.1579619380166264
     -49.6064129962604312       47.0819428183306883      147.1674478231661567
     -49.6204940235590328       47.0577841790361262      147.1761118301234035
     -49.6302967722170436       47.0354479055858405      147.1839045723239110
     -49.6365832540821685       47.0152721489520786      147.1907694053293199
     -49.6401249733497565       46.9976574155170468      147.1966306854491506
     -49.6417008416752736       46.9831348525516930      147.2013717424628112
     -49.6420950745334366       46.9713555870322352      147.2051571523274163
     -49.6417008416752736       46.9595608040473351      147.2088939314699587
     -49.6401249733497565       46.9449762167256210      147.2134406082062981
     -49.6365832540821685       46.9272221066793946      147.2188650911398611
     -49.6302967722170365       46.9067990321259245      147.2249548459560060
     -49.6204940235588978       46.8840772923033313      147.2315395617497131
     -49.6064129962591238       46.8593653509277814      147.2384695561629542
     -49.5873032312791366       46.8329459751799604      147.2456045013325934
     -49.5624278528168105       46.8050968466273005      147.2528071212741736
     -49.5310655631507828       46.7761038185404558      147.2599392492613219
     -49.4925125964337482       46.7462705360528474      147.2668590558052699
     -49.4460846260433442       46.7159263271154899      147.2734188344918493
     -49.3911186201705164       46.6854335155357205      147.2794629739919969
     -49.3269746403835256       46.6551950106722089      147.2848258389137470
     -49.2530375779491152       46.6256528455547681      147.2893325054693889
     -49.1687188222360447       46.5945888093857263      147.2936529439458866
     -49.0734578554903251       46.5600168238770067      147.2983849421441391
     -48.9667237684815149       46.5219352104936021      147.3035008242086406
     -48.8480166894448402       46.4803863845737695      147.3089622783677726
     -48.7168691188633858       46.4354584149294567      147.3147200651646074
     -48.5728471608396859       46.3872859920440490      147.3207138963318812
     -48.4155516401416293       46.3360507412181661      147.3268724987207747
     -48.2446190918855251       46.2819808278726654      147.3331138734810111
     -48.0597226083320805       46.2253498155252345      147.3393457558211708
     -47.8605725244621141       46.1664747527423671      147.3454662752222930
     -47.6469169209292360       46.1057134836386240      147.3513648100099260
     -47.4185419197013616       46.0434611972543166      147.3569230237724526
     -47.1752717441879028       45.9801462544137252      147.3620160642931864
     -46.9169685117567710       45.9162253565348450      147.3665138984394503
     -46.6435317218710779       45.8521781495410252      147.3702827487377647
     -46.3548973967702054       45.7885013879726301      147.3731865889606070
     -46.0510368220784940       45.7257028204880172      147.3750886465351471
     -45.7319548190424783       45.6642949997968444      147.3758528482360077
     -45.3976874531022787       45.6047892705800848      147.3753451311627884
     -45.0482990358516275       45.5476902533012051      147.3734345212253061
     -44.6838780448025616       45.4934916231899038      147.3699951280427740
     -44.3045316578252866       45.4426747071271180      147.3649121720770268
     -43.9103888070119055       45.3957057218184090      147.3580793500930497
     -43.5016151785402698       45.3530320115842542      147.3493985624739082
     -43.0784275353506914       45.3150759416336086      147.3387821658414794
     -42.6411082623449786       45.2822257807968072      147.3261560812457560
     -42.1900171605337277       45.2548233740722523      147.3114636677005649
     -41.7255969585234752       45.2331492843945711      147.2946699967594952
     -41.2483713322880661       45.2174068397077278      147.2757660750419291
     -40.7589367172570149       45.2077067154378369      147.2547726375578065
     -40.2579503924481514       45.2040533642839790      147.2317432847703742
     -39.7461171397193169       45.2063340917317831      147.2067668684095736
     -39.2241735861986029       45.2143113689322931      147.1799689262680602
     -38.6928643365354432       45.2276217365917361      147.1515108865544903
     -38.1529407624372467       45.2459905049777902      147.1215240237563648
     -37.6051805515686155       45.2695236227541997      147.0900191987883261
     -37.0503753035424452       45.2983400094282871      147.0569992970893907
     -36.4893259257654350       45.3325125312037613      147.0224780497928805
     -35.9228403264275684       45.3720687522191781      146.9864797726778818
     -35.3517309273016664       45.4169921342047047      146.9490389925964280
     -34.7768121281683449       45.4672237116294369      146.9101999777747949
     -34.1988978175131848       45.5226642354826581      146.8700161735471283
     -33.6187989946082197       45.5831767586483139      146.8285495484723242
     -33.0373215469109880       45.6485896209894619      146.7858698583114858
     -32.4552642103892381       45.7186997814543474      146.7420538372387853
     -31.8734167270219544       45.7932764377587347      146.6971843294927567
     -31.2925583349231964       45.8720652723336215      146.6513507884084504
     -30.7134583373252639       45.9547925730865785      146.6046508954488274
     -30.1368767887083351       46.0411667500452708      146.5571868943920606
     -29.5635629809122698       46.1308805194022398      146.5090644150643016
     -28.9942537680500827       46.2236133443245976      146.4603918965909202
     -28.4296719673084226       46.3190339088868441      146.4112799972955372
     -27.8705248321467707       46.4168026008613737      146.3618409949241368
     -27.3175025940005050       46.5165739800819509      146.3121881810334912
     -26.7712770683593071       46.6179992102763734      146.2624352535325443
     -26.2325003210237924       46.7207284336231083      146.2126957114941206
     -25.7018033904234890       46.8244130687975115      146.1630822564528955
     -25.1797950664962364       46.9287080071084262      146.1137061801578341
     -24.6670608332092876       47.0332734940340558      146.0646761321789882
     -24.1641617354852407       47.1377770995776189      146.0160975759967243
     -23.6716331444015395       47.2418958108568177      145.9680730663709483
     -23.1899836980162775       47.3453177368567140      145.9207017953915795
     -22.7196941810904462       47.4477436768391669      145.8740791090240805
     -22.2612163384587696       47.5488886373514958      145.8282960167295244
     -21.8149720180119360       47.6484831902369876      145.7834387416329776
     -21.3813524229884138       47.7462746036749337      145.7395883288191385
     -20.9607173793534294       47.8420277511436041      145.6968203100570918
     -20.5533946193697687       47.9355258052022748      145.6552044254280531
     -20.1596790846507936       48.0265707256759242      145.6148044014682057
     -19.7798322532996131       48.1149835542379662      145.5756777845693932
     -19.4140814968473236       48.2006045294239058      145.5378758275758457
     -19.0626194735901926       48.2832930377577654      145.5014434267875458
     -18.7256035632531166       48.3629274313416602      145.4664191463146210
     -18.4031552952931960       48.4394050499889275      145.4328362869911757
     -18.0953599094242428       48.5126417123884863      145.4007227243268119
     -17.8022660491687930       48.5825707301896657      145.3700996336829121
     -17.5238854510820161       48.6491423009858295      145.3409816135098538
     -17.2601927110729889       48.7123228696810884      145.3133769086080633
     -17.0111251397530090       48.7720944491160964      145.2872876521269063
     -16.7765827417359539       48.8284539050688693      145.2627101246190477
     -16.5564283116102899       48.8814122050574085      145.2396350293281557
     -16.3504875801664049       48.9309936682633762      145.2180477687731752
     -16.1585494609673432       48.9772352357714738      145.1979287165717665
     -15.9803664114129198       49.0201857676036639      145.1792534818673062
     -15.8156549088713305       49.0599053716976528      145.1619931639457945
     -15.6640960413850685       49.0964647682214448      145.1461145953102516
     -15.5253362115135829       49.1299446908821054      145.1315805721761478
     -15.3989879510949734       49.1604353251703472      145.1183500720447910
     -15.2846308441514545       49.1880357817819629      145.1063784587102248
     -15.1818125548303708       49.2128536018164056      145.0956176757304092
     -15.0900499570657924       49.2350042888933430      145.0860164300039514
     -15.0088303623849662       49.2546108622523420      145.0775203675551097
     -14.9376155065445726       49.2718181960729993      145.0700672869738810
     -14.8769833985043771       49.2931141707729452      145.0614650189793906
     -14.8268406154177246       49.3214103709418623      145.0507178994806452
     -14.7860696516635617       49.3540792212328299      145.0386891089951291
     -14.7536585447845923       49.3892067068935958      145.0260035698397871
     -14.7286558270334318       49.4253327018513602      145.0131349943424368
     -14.7101465977659256       49.4613080144464803      145.0004536408293632
     -14.6972386006332645       49.4962065857986744      144.9882555341122270
     -14.6890532479729501       49.5292648483162949      144.9767825884990771
     -14.6847187986172205       49.5598327963652139      144.9662388440685845
     -14.6833635474262181       49.5873249352267962      144.9568068122875673
     -14.6841063359561321       49.6111562357093518      144.9486689599104068
     -14.6860398942514774       49.6306382566484103      144.9420427354849323
     -14.6884723524338572       49.6463050268219490      144.9367316882820376
