     -21.9049245424437231       59.1469311756270102      115.6136366225223213
     -21.9058948302550789       59.1596610602936224      115.6071082643173185
     -21.9080148027318877       59.1753128429466528      115.5990647092212811
     -21.9119660267654979       59.1941939562515742      115.5893364802028600
     -21.9183757781209003       59.2156143864518043      115.5782653735081453
     -21.9278693192981855       59.2389698942926302      115.5661495938588530
     -21.9410639154885985       59.2636576194593516      115.5532871594677289
     -21.9585644960233601       59.2890242379758803      115.5400026533138629
     -21.9809599536542883       59.3143263875317786      115.5266677102629558
     -22.0088194801646360       59.3386912145026955      115.5137214586677743
     -22.0426884606549010       59.3610673793300521      115.5016958616625971
     -22.0830833015813397       59.3801539080602367      115.4912524121819075
     -22.1304840565598901       59.3942840390974851      115.4832418777216958
     -22.1853223464288725       59.4012138111568291      115.4788128227333317
     -22.2482345141973781       59.4032173441444726      115.4767855166126793
     -22.3199802263766500       59.4054858957756053      115.4744758542577756
     -22.4010372212295223       59.4080454022548281      115.4718604536347328
     -22.4918574542976266       59.4109086431618181      115.4689226330705765
     -22.5928664645803856       59.4140871844687908      115.4656462481361388
     -22.7044622076364320       59.4175912806680060      115.4620157363711428
     -22.8270139603261946       59.4214297751206573      115.4580161684540087
     -22.9608613002259325       59.4256099995375777      115.4536333061928275
     -23.1063131625612996       59.4301376737444826      115.4488536679944986
     -23.2636469785283531       59.4350168133087138      115.4436646147968020
     -23.4331078957198891       59.4402496379640155      115.4380544408175666
     -23.6149080811885916       59.4458364738433147      115.4320124533868892
     -23.8092261119712596       59.4517756649449964      115.4255290693497216
     -24.0162064540583451       59.4580634905937444      115.4185959189061919
     -24.2359590345702287       59.4646941032451082      115.4112059815245885
     -24.4685589098992757       59.4716594800060463      115.4033537384715657
     -24.7140460325312823       59.4789493449126354      115.3950352647116517
     -24.9724251126342942       59.4865511095324848      115.3862483548123379
     -25.2436655778413055       59.4944498528417682      115.3769927112627300
     -25.5277016307454012       59.5026283089338079      115.3672701280147521
     -25.8244323917766785       59.5110668104338743      115.3570845638862323
     -26.1337221559530128       59.5197432952293966      115.3464423100257790
     -26.4554007619490754       59.5286333677497979      115.3353522296512779
     -26.7892640328343141       59.5377102719210569      115.3238257884725755
     -27.1350743392177343       59.5469449496601939      115.3118772081632244
     -27.4925612738508924       59.5563061513417153      115.2995236731016604
     -27.8614223879633371       59.5657604467595334      115.2867852927155354
     -28.2413240710438522       59.5752723838113170      115.2736852941510506
     -28.6319024999401002       59.5848045916428930      115.2602500479137717
     -29.0327646799105636       59.5943178894594823      115.2465090418959761
     -29.4434896102870667       59.6037715018298400      115.2324949961058707
     -29.8636294825381334       59.6131231561726551      115.2182436821778424
     -30.2927110063429872       59.6223293455995673      115.2037939862346860
     -30.7302366804705152       59.6313455007635582      115.1891876662199081
     -31.1756862212995536       59.6401263179373444      115.1744692672487247
     -31.6285180307068146       59.6486260283208978      115.1596858206224283
     -32.0881707681491193       59.6567987450248438      115.1448866014321055
     -32.5540649410184457       59.6645987942330365      115.1301227708498374
     -33.0256045764249961       59.6719810786861018      115.1154470047760867
     -33.5021789053029693       59.6789014511023908      115.1009130761794381
     -33.9831641155687194       59.6853171081577472      115.0865754239484033
     -34.4679251008468199       59.6911869784756277      115.0724886709675729
     -34.9558172707082875       59.6964720891688430      115.0587070769724392
     -35.4461883376285840       59.7011359655879943      115.0452840480189707
     -35.9383801597480357       59.7051449753853092      115.0322715485203418
     -36.4317305420834856       59.7084687187989474      115.0197196301516271
     -36.9255750831762981       59.7110803177722573      115.0076758117282338
     -37.4192490166875515       59.7129567730281821      114.9961846638563969
     -37.9120895534117466       59.7140790967398374      114.9852872554051686
     -38.4034381961392484       59.7144323274049569      114.9750209330912725
     -38.8926425918463536       59.7140053661468713      114.9654190000455003
     -39.3790582659369974       59.7127908633315840      114.9565105759742778
     -39.8620503161288440       59.7107850467024548      114.9483204215853505
     -40.3409950421188910       59.7079875432871461      114.9408688254102344
     -40.8152815258891337       59.7044012228126419      114.9341716055332512
     -41.2843131618761774       59.7000319483098636      114.9282400078037796
     -41.7475091473376807       59.6948884339152457      114.9230808909926651
     -42.2043059495572805       59.6889819291588495      114.9186966696770469
     -42.6541587720679942       59.6823260565445466      114.9150856641310696
     -43.0965425280386114       59.6748893026892731      114.9122665967146304
     -43.5309509526410565       59.6663043413092495      114.9104298940242614
     -43.9569026735478232       59.6560985790962235      114.9098177709532820
     -44.3739426769426188       59.6438636655749690      114.9106364241468157
     -44.7816387348047087       59.6292585263698882      114.9130546822920849
     -45.1795796707524957       59.6120110744262064      114.9172031676022385
     -45.5673740908109224       59.5919193167504417      114.9231742107358514
     -45.9446493665891182       59.5688513383319531      114.9310215446970886
     -46.3110513837050846       59.5427449781825047      114.9407614443804135
     -46.6662455689772457       59.5136060782273475      114.9523734569232687
     -47.0099194618341656       59.4815058944107804      114.9658023129544375
     -47.3417865137754745       59.4465771155146996      114.9809603385202905
     -47.6615903006092054       59.4090083842553867      114.9977302170960627
     -47.9691084924408031       59.3690380215108604      115.0159690783111017
     -48.2641567206935704       59.3269464419921206      115.0355125412135209
     -48.5465895677870733       59.2830479694330705      115.0561790821456327
     -48.8162997885669228       59.2376829874222253      115.0777747756266933
     -49.0732176395110997       59.1912101793219705      115.1000974439284903
     -49.3173103263216248       59.1439990454636160      115.1229404804159202
     -49.5485815198345918       59.0964229946766082      115.1460968001871237
     -49.7670708929822823       59.0488527768982578      115.1693623288954882
     -49.9728536548900735       59.0016503501064733      115.1925390758948566
     -50.1660400667733484       58.9551633002166398      115.2154379000035505
     -50.3467749296663527       58.9097199436348689      115.2378811173568494
     -50.5152370271898832       58.8656249879222102      115.2597046271416019
     -50.6716385172975876       58.8231558326680570      115.2807596591899113
     -50.8162242664033812       58.7825595307987143      115.3009141540568550
     -50.9492711211939664       58.7440504207223952      115.3200537946422912
     -51.0710871154822073       58.7078084388359898      115.3380827340332644
     -51.1820106069082215       58.6739780604265420      115.3549239696393585
     -51.2824093427807597       58.6426678527061540      115.3705194078548573
     -51.3726794546323902       58.6139506044986760      115.3848296478162183
     -51.4532443817839820       58.5878639863734492      115.3978335110004707
     -51.5245537250107688       58.5644116880402450      115.4095273458413686
     -51.5870820320703984       58.5420249985317440      115.4207052355396996
     -51.6413275175062338       58.5189512113379919      115.4322532814765481
     -51.6878107194503045       58.4955472045745424      115.4439872192329375
     -51.7270730967733243       58.4721397716362716      115.4557386458674131
     -51.7596755700239228       58.4490243876266433      115.4673555720065679
     -51.7861970099481610       58.4264711452257401      115.4786993366666650
     -51.8072326776080203       58.4047304683011816      115.4896416383483455
     -51.8233926202699351       58.3840392838427533      115.5000613401135041
     -51.8353000273704652       58.3646285682750303      115.5098405875029783
     -51.8435895509847953       58.3467337849167578      115.5188594750064794
     -51.8489055953244744       58.3306111653355401      115.5269877722284093
     -51.8519005798765278       58.3165663273186325      115.5340704347821230
     -51.8532331808669937       58.3050085369933129      115.5399001865700654
     -51.8535665557902874       58.2956481636343042      115.5446223966551997
     -51.8532331808669937       58.2862880899571749      115.5493452007234509
     -51.8519005798765278       58.2747314997929848      115.5551773312852788
     -51.8489055953244744       58.2606893721917274      115.5622653660059171
     -51.8435895509847953       58.2445716081639375      115.5704032871552442
     -51.8353000273704438       58.2266845101788704      115.5794374074175437
     -51.8233926202696509       58.2072850771735446      115.5892390173580537
     -51.8072326776060166       58.1866096631421073      115.5996899768255020
     -51.7861970099373963       58.1648903062786999      115.6106745358348320
     -51.7596755699763236       58.1423652207503849      115.6220741086859363
     -51.7270730965928607       58.1192864031351277      115.6337635110398168
     -51.6878107188476719       58.0959258695217571      115.6456078941195216
     -51.6413275156966876       58.0725814385108876      115.6574599132394638
     -51.5870820271081811       58.0495827398581952      115.6691567866285766
     -51.5245537124318034       58.0272900376549643      115.6805209594557340
     -51.4532443518039244       58.0039491713953979      115.6924356475444426
     -51.3726793866155163       57.9779893240187647      115.7056907516411570
     -51.2824091951576975       57.9494156317879785      115.7202854704548258
     -51.1820102991403800       57.9182675263241364      115.7362020824066349
     -51.0710864970145551       57.8846199753202910      115.7534054412859632
     -50.9492699197295309       57.8485842624860638      115.7718427202646581
     -50.8162220043082016       57.8103082537185671      115.7914434287186225
     -50.6716343802710298       57.7699761034829748      115.8121197217183465
     -50.5152296633158358       57.7278073614532943      115.8337670117920197
     -50.3467621494126405       57.6840554397889775      115.8562648670919515
     -50.1660184052673586       57.6390054578603355      115.8794782638742049
     -49.9728177467149166       57.5929714440940330      115.9032591543943767
     -49.7670125966438874       57.5462928987601643      115.9274483244400216
     -49.5484887136950931       57.4993307379103697      115.9518775100374626
     -49.3171652797328264       57.4524626050994272      115.9763716354183316
     -49.0729948412623784       57.4060777652588428      116.0007514523523326
     -48.8159630879593109       57.3605715727702687      116.0248363709884103
     -48.5460884486872359       57.3163395426245899      116.0484473008191628
     -48.2634214804162482       57.2737711027678671      116.0714093716028827
     -47.9680440254889007       57.2332434428551693      116.0935550351866823
     -47.6600680742462401       57.1951153793241645      116.1147269865473106
     -47.3396343407062759       57.1597212818474816      116.1347805248365148
     -47.0069124501364044       57.1273655164940877      116.1535861869013360
     -46.6621038046383774       57.0983166886842071      116.1710324314152274
     -46.3054443242263361       57.0728012428792582      116.1870279004077702
     -45.9372072367459268       57.0509971377457035      116.2015045282813190
     -45.5577052377690137       57.0330271287974995      116.2144203687915649
     -45.1672912201748176       57.0189520171169661      116.2257622527683196
     -44.7663572929802029       57.0087646003495436      116.2355488260177054
     -44.3553323475601573       57.0023839932585901      116.2438323005828664
     -43.9346787347592880       56.9996516013987531      116.2507007556228871
     -43.5048885552838627       57.0003280654759408      116.2562791067102808
     -43.0664793684842380       57.0040919006009830      116.2607298658042367
     -42.6199879764436389       57.0105407770555601      116.2642523734773903
     -42.1659691665131078       57.0193629034230014      116.2669986949991170
     -41.7049989544268982       57.0305705259814602      116.2689589903818899
     -41.2376707584883917       57.0442057853169260      116.2701055376321619
     -40.7645933404724872       57.0602929545571840      116.2704162320545862
     -40.2863891492979178       57.0788384073670088      116.2698744949179002
     -39.8036925877949344       57.0998308372250420      116.2684692896092855
     -39.3171482295727799       57.1232416223347812      116.2661950150835821
     -38.8274090187817791       57.1490253846340295      116.2630513768535678
     -38.3351344558496407       57.1771207574943006      116.2590432790763515
     -37.8409888042842724       57.2074512510172681      116.2541805356132443
     -37.3456392975607372       57.2399263742753277      116.2484777561451921
     -36.8497543957392537       57.2744427681332979      116.2419539447619030
     -36.3540020883695760       57.3108855877179622      116.2346323508384813
     -35.8590487060352885       57.3491297430812281      116.2265400407023037
     -35.3655576715730646       57.3890411474034821      116.2177078148216225
     -34.8741878310511382       57.4304778405845582      116.2081699046657377
     -34.3855917210138600       57.4732912500989244      116.1979638469410645
     -33.9004138937837993       57.5173274027177044      116.1871301836914228
     -33.4192892410819624       57.5624282001489860      116.1757122480899085
     -32.9428413693106066       57.6084326529960933      116.1637558526189764
     -32.4716809933229911       57.6551781360959481      116.1513090365457828
     -32.0064043731555614       57.7025015803971257      116.1384217295592549
     -31.5475917864335713       57.7502406328751974      116.1251454218520820
     -31.0958060406685348       57.7982347528060103      116.1115328014758745
     -30.6515910333453050       57.8463262727664898      116.0976374384610637
     -30.2154703561852216       57.8943613631753280      116.0835134126397890
     -29.7879459472698933       57.9421909338007524      116.0692149698589049
     -29.3694968049379561       57.9896714508669362      116.0547961781411885
     -28.9605777109270583       58.0366656435398482      116.0403105318923735
     -28.5616180214454900       58.0830432005444592      116.0258106746814519
     -28.1730205354721406       58.1286812902432288      116.0113479456478842
     -27.7951605044512462       58.1734651073348061      115.9969722041676050
     -27.4283846412412622       58.2172881712465582      115.9827313863697356
     -27.0730102453182084       58.2600526577557716      115.9686713510279787
     -26.7293243688960551       58.3016695636435074      115.9548356073058244
     -26.3975830466441224       58.3420587695251314      115.9412650441909989
     -26.0780106333734700       58.3811491212848637      115.9279978880250610
     -25.7707991750279177       58.4188783116355097      115.9150694387134024
     -25.4761078810017771       58.4551927685644088      115.9025119795699226
     -25.1940626879427718       58.4900475201603456      115.8903547821136186
     -24.9247558788754588       58.5234059143511018      115.8786239468552708
     -24.6682458043947044       58.5552393559136561      115.8673423838509677
     -24.4245567010594335       58.5855270473651686      115.8565298876951601
     -24.1936785814052584       58.6142556375745230      115.8462030988078197
     -23.9755672192731168       58.6414188708984270      115.8363755179535985
     -23.7701442395666902       58.6670172480625922      115.8270575835174014
     -23.5772973067251073       58.6910576874651326      115.8182567825343199
     -23.3968803848463622       58.7135531484954853      115.8099776976549578
     -23.2287140923443509       58.7345222785432028      115.8022220932971322
     -23.0725861515561377       58.7539890794512942      115.7949890233776813
     -22.9282519305823662       58.7719825887075089      115.7882749444933239
     -22.7954350766951173       58.7885365807593629      115.7820738401636049
     -22.6738282361111700       58.8036892722982500      115.7763773210947704
     -22.5630938614848695       58.8174830488355980      115.7711747341126340
     -22.4628651048791177       58.8299642126476172      115.7664532800183963
     -22.3727467927602532       58.8411827465329083      115.7621981310582413
     -22.2923164802979663       58.8511920918168414      115.7583925478934361
     -22.2211255820598801       58.8600489386078749      115.7550179961494763
     -22.1587011774826799       58.8678250928622262      115.7520481164306290
     -22.1048047314957330       58.8797714378792634      115.7468179718233898
     -22.0590295435864441       58.8982151348754286      115.7381497782885162
     -22.0207221716741550       58.9209558159596156      115.7271715307980173
     -21.9892385233703394       58.9463737169894628      115.7147162518250525
     -21.9639348163734844       58.9732178994383318      115.7014300979451917
     -21.9441633411740042       59.0004897348327688      115.6878317047291063
     -21.9292705140008302       59.0273714009956052      115.6743485038283268
     -21.9185960752682050       59.0531765425663551      115.6613417142970377
     -21.9114727996363641       59.0773104868550902      115.6491264677146944
     -21.9072262308795018       59.0992303547169371      115.6379920173187656
     -21.9051738307473869       59.1183929229486722      115.6282282541853164
     -21.9046225247123196       59.1341699555888241      115.6201689237994401
     -21.9049245424437231       59.1469311756270102      115.6136366225223213
