     -14.2966634046434127       70.0743235370249380      136.2294981044499593
     -14.2981996910311295       70.0892562326426969      136.2218519941313843
     -14.3011777707422620       70.1076107968915068      136.2124765192451150
     -14.3064080373052835       70.1297438935439743      136.2012053418922903
     -14.3146060517431337       70.1548420568380067      136.1884720403133429
     -14.3264876862690702       70.1821925574243579      136.1746587937154800
     -14.3427594697637417       70.2110844171751580      136.1601472769376358
     -14.3641118804906291       70.2407476138926938      136.1453500151950209
     -14.3912137705851109       70.2703066754631465      136.1307343922521795
     -14.4247068373640488       70.2987344106581702      136.1168466094364362
     -14.4651992792347937       70.3247944354360044      136.1043413976949523
     -14.5132575090511313       70.3469576915728396      136.0940250548745496
     -14.5693938783960633       70.3632661373614070      136.0869255311835104
     -14.6340459061287813       70.3710846289215795      136.0844197506449120
     -14.7080325614694978       70.3730794964101563      136.0851516343799119
     -14.7924087733199201       70.3753407107944895      136.0859992668974314
     -14.8877373458268778       70.3778981955672975      136.0869629669362268
     -14.9945505027196084       70.3807670085647032      136.0880504710125081
     -15.1133495230951187       70.3839613949190408      136.0892696872941485
     -15.2446033741798974       70.3874947095045513      136.0906287274232227
     -15.3887474267317348       70.3913793348798578      136.0921359364773480
     -15.5461822565951966       70.3956265957478848      136.0937999197875570
     -15.7172725356404346       70.4002466709705317      136.0956295654016799
     -15.9023460149785016       70.4052485041391378      136.0976340610956754
     -16.1016926030432721       70.4106397136670239      136.0998229049650377
     -16.3155635409054547       70.4164265033637946      136.1022059087600837
     -16.5441706770420822       70.4226135744792430      136.1047931932601216
     -16.7876858437020751       70.4292040402538930      136.1075951751108448
     -17.0462403369681610       70.4361993440700616      136.1106225446860662
     -17.3199245076221402       70.4435991815498141      136.1138862352252943
     -17.6087874832814784       70.4514014202425898      136.1173973875032175
     -17.9128369940620153       70.4596020136598469      136.1211673116109750
     -18.2320392994988723       70.4681949165731396      136.1252074429733909
     -18.5663192307164415       70.4771720037461620      136.1295292927733840
     -18.9155603498241476       70.4865229932883892      136.1341443941329885
     -19.2796051840240210       70.4962357447957970      136.1390649578765988
     -19.6582555216333326       70.5062970507520390      136.1443054650399915
     -20.0512730068205158       70.5166919362408038      136.1498813618027270
     -20.4583797960899538       70.5274034660717888      136.1558087170916167
     -20.8792593162310567       70.5384127265939895      136.1621041985864338
     -21.3135571434944353       70.5496988129795426      136.1687850388580614
     -21.7608820030024788       70.5612388225114699      136.1758689911315230
     -22.2208068867386430       70.5730078545075230      136.1833742742311983
     -22.6928702877301625       70.5849790176154102      136.1913195063438309
     -23.1765775472532489       70.5971234453184167      136.1997236273207079
     -23.6714023107780136       70.6094103206077932      136.2086058093193799
     -24.1767880498610594       70.6218069168166807      136.2179853514201682
     -24.6921495603185939       70.6342786948425072      136.2278815351558308
     -25.2168745961262815       70.6467894675347168      136.2383134410650314
     -25.7503256431519141       70.6593015691205153      136.2492996762382234
     -26.2918419205383387       70.6717756543210953      136.2608573017043057
     -26.8407412543306876       70.6841710542187798      136.2730017523150821
     -27.3963219273130107       70.6964463902731239      136.2857471798484141
     -27.9578646944326721       70.7085599177522397      136.2991062089974719
     -28.5246348468297057       70.7204698863715180      136.3130896723380658
     -29.0958843138828200       70.7321349204713101      136.3277063415920907
     -29.6708537951304052       70.7435144133980458      136.3429626592993600
     -30.2487749138105713       70.7545689302077250      136.3588624752797500
     -30.8288723837257628       70.7652606123731118      136.3754067924569995
     -31.4103661811773023       70.7755535778663045      136.3925935267196508
     -31.9924737138224273       70.7854143099627606      136.4104172857987862
     -32.5744120047670407       70.7948125909159813      136.4288702772339832
     -33.1554006397413232       70.8037229652192792      136.4479447221932560
     -33.7346650145118048       70.8121230416903984      136.4676300998368106
     -34.3114385924145893       70.8199927621057128      136.4879125654553604
     -34.8849649601884195       70.8273140386960733      136.5087751183623368
     -35.4544997995262960       70.8340703927227793      136.5301977892692662
     -36.0193127752030975       70.8402465999390927      136.5521578452840004
     -36.5786893453561461       70.8458283468180809      136.5746300115895338
     -37.1319325052823359       70.8508018988266031      136.5975867101933545
     -37.6783644836754092       70.8551537785104699      136.6209983180738732
     -38.2173284209462238       70.8588704462598145      136.6448334499026487
     -38.7481900919668689       70.8619379502194136      136.6690592377701137
     -39.2703391067004688       70.8642853060306948      136.6936697631870459
     -39.7831863703055006       70.8654398244543984      136.7188647896678901
     -40.2861738264721794       70.8648006426029582      136.7449096241444408
     -40.7787762752921381       70.8618395698481862      136.7720312518186461
     -41.2604941400990697       70.8561051041435519      136.8004160148151414
     -41.7308496219377361       70.8472254323621655      136.8302079790381640
     -42.1893837472193383       70.8349107053079479      136.8615077323449896
     -42.6356539289051497       70.8189545390309405      136.8943716321544173
     -43.0692329498576214       70.7992346563425343      136.9288116076958488
     -43.4897103251521884       70.7757124220202343      136.9647957101351210
     -43.8966964941145292       70.7484308926466525      137.0022496443531281
     -44.2898292799638611       70.7175110143374326      137.0410594474883510
     -44.6687811399487416       70.6831458154721304      137.0810753054763040
     -45.0332659976660352       70.6455927583618575      137.1221163383111161
     -45.3830457631048603       70.6051651927135424      137.1639776908388058
     -45.7179314700051407       70.5622235552542350      137.2064395651898110
     -46.0377822719912118       70.5171624828110026      137.2492677136468728
     -46.3425042181957991       70.4704004845273886      137.2922175705433858
     -46.6320491386032714       70.4223708406913005      137.3350394337353464
     -46.9064137000022754       70.3735130531338626      137.3774833150018253
     -47.1656385646268390       70.3242648862377706      137.4193034281208838
     -47.4098076057163667       70.2750550440649988      137.4602622842690494
     -47.6390471473064139       70.2262965289829850      137.5001343680348782
     -47.8535252036063170       70.1783807225675389      137.5387093727198362
     -48.0534506985695486       70.1316722218828090      137.5757949800321853
     -48.2390726499819493       70.0865044544774491      137.6112191762703674
     -48.4106793052891931       70.0431760843326288      137.6448321042610132
     -48.5685972188387112       70.0019482091567511      137.6765074573892491
     -48.7131902624081619       69.9630423373384787      137.7061434288043245
     -48.8448585629131173       69.9266391209763896      137.7336632351419610
     -48.9640373630460957       69.8928778100660821      137.7590152397387158
     -49.0711958022913421       69.8618563824649357      137.7821727052375422
     -49.1668356172670613       69.8336322949323574      137.8031332096273900
     -49.2514897616591441       69.8082237925755607      137.8219177630917898
     -49.3257209470953768       69.7837800739497141      137.8394969790289508
     -49.3901201074122582       69.7582323876961254      137.8569532441129581
     -49.4453047890587385       69.7320221157162194      137.8741005137124773
     -49.4919174715377679       69.7055559367859132      137.8907736520020819
     -49.5306238219889110       69.6792042549940618      137.9068289341750244
     -49.5621108882929207       69.6533081553421880      137.9221402182532756
     -49.5870852355066773       69.6281860961923513      137.9365952463697624
     -49.6062710306376644       69.6041411489893846      137.9500916723788464
     -49.6204080809417434       69.5814698757990158      137.9625322712378193
     -49.6302498310738542       69.5604746497305797      137.9738184253555175
     -49.6365613245437345       69.5414829313934320      137.9838401224585596
     -49.6401171350273529       69.5248812253987012      137.9924585784327178
     -49.6416992731645834       69.5111795473682861      137.9994735156509478
     -49.6420950745334366       69.5000566879740660      138.0051037400183702
     -49.6416992731645834       69.4889107721497510      138.0106881816169846
     -49.6401171350273529       69.4751169360440883      138.0175201220818337
     -49.6365613245437345       69.4583081393259363      138.0257273614594453
     -49.6302498310738542       69.4389489478579236      138.0350193732936930
     -49.6204080809416936       69.4173809847238914      138.0451682529698587
     -49.6062710306371315       69.3938876027306861      138.0559764040866355
     -49.5870852355030323       69.3687280630584553      138.0672596024134009
     -49.5621108882733736       69.3421570482622656      138.0788374634589957
     -49.5306238219024237       69.3144372309811132      138.0905274218318368
     -49.4919174712099306       69.2858484084612485      138.1021404508901469
     -49.4453047879639200       69.2566950045690106      138.1134776111108806
     -49.3901201041249109       69.2273130261269358      138.1243268751895812
     -49.3257209380807495       69.1980772800453678      138.1344598187272652
     -49.2514897388079333       69.1694000345113267      138.1436325836114634
     -49.1668355628056872       69.1391799584297075      138.1528628567778867
     -49.0711956787354922       69.1055352906022193      138.1630597606157380
     -48.9640370948885959       69.0684600247081448      138.1741961188989478
     -48.8448580038681470       69.0279903381451021      138.1862271943620044
     -48.7131891390276905       68.9842060906898524      138.1990901562069496
     -48.5685950365827921       68.9372317568062272      138.2127038140430955
     -48.4106751967358804       68.8872367278521551      138.2269686442207330
     -48.2390651363834664       68.8344349294116711      138.2417671292394630
     -48.0534373250447970       68.7790837099129391      138.2569644247741394
     -47.8535019945749980       68.7214819695416992      138.2724093619760026
     -47.6390078120264491       68.6619675131428124      138.2879357851809914
     -47.4097424037105242       68.6009136272084135      138.3033642171232884
     -47.1655327170797349       68.5387248990570441      138.3185038353254299
     -46.9062452054297836       68.4758323157768842      138.3331547346228660
     -46.6317858184382388       68.4126877013304835      138.3471104418337347
     -46.3420997788565359       68.3497575723502280      138.3601606394015278
     -46.0371711215801227       68.2875165166729801      138.3720940452921866
     -45.7170219646331333       68.2264402238949401      138.3827013862154729
     -45.3817114701647100       68.1669983249313276      138.3917783897700815
     -45.0313344334918071       68.1096472292807249      138.3991287072789476
     -44.6660192308494430       68.0548238748762486      138.4045680590073744
     -44.2859248332990418       68.0029419279009915      138.4079320566850981
     -43.8912418199947965       67.9543844371997494      138.4090755303258504
     -43.4821980769031171       67.9094970005309619      138.4078740269841887
     -43.0590641379221424       67.8685807809369379      138.4042271228194352
     -42.6221586281057014       67.8318847299105272      138.3980620985707617
     -42.1718525997712632       67.7995970438487348      138.3893379079991064
     -41.7085713104662688       67.7718361991952065      138.3780492089925360
     -41.2327929276250984       67.7486421841644528      138.3642301538558570
     -40.7450446612277943       67.7299686034488246      138.3479576635975263
     -40.2458973213299984       67.7156761982878095      138.3293539976967281
     -39.7359592345098989       67.7055281183325661      138.3085885188042994
     -39.2158691591074344       67.6991871665134681      138.2858785334549623
     -38.6862857744502193       67.6962167821761795      138.2614882304972070
     -38.1478862589363814       67.6962840831990320      138.2356290952070310
     -37.6013734783413298       67.6994358764894599      138.2083236413340899
     -37.0474698526893604       67.7057502164602170      138.1795758217427021
     -36.4869142229383883       67.7152801868076182      138.1493992778052018
     -35.9204597925829248       67.7280540162681746      138.1178171884780852
     -35.3488719626263688       67.7440754297511063      138.0848620186347375
     -34.7729261107693404       67.7633242534682836      138.0505751800318990
     -34.1934053554938870       67.7857572729153048      138.0150066055548734
     -33.6110983345997099       67.8113093338164532      137.9782142402891338
     -33.0267970198931309       67.8398946693655347      137.9402634552155575
     -32.4412945837167683       67.8714084317832516      137.9012263910921376
     -31.8553833278899496       67.9057284042054903      137.8611812456980488
     -31.2698526882871199       67.9427175670902272      137.8202129628560044
     -30.6854880703065334       67.9822269409806239      137.7784146339132860
     -30.1030699165645679       68.0240955913766214      137.7358838406461246
     -29.5233718160083605       68.0681518035285080      137.6927214958391232
     -28.9471585396851658       68.1142145721127719      137.6490312063237695
     -28.3751841184168576       68.1620951264413009      137.6049186257424992
     -27.8081899646445834       68.2115984742431465      137.5604908028297189
     -27.2469030404566226       68.2625249474973685      137.5158555309345161
     -26.6920340736218407       68.3146717344423564      137.4711207043980323
     -26.1442758233179653       68.3678343827111377      137.4263936872195018
     -25.6043013971662070       68.4218082595367179      137.3817806992149428
     -25.0727626347090542       68.4763899210214362      137.3373861542201837
     -24.5502886826350455       68.5313780581129635      137.2933113129986680
     -24.0374844016682019       68.5865749446968351      137.2496541331149160
     -23.5349287836035508       68.6417879239053548      137.2065094007994901
     -23.0431735448803963       68.6968304960969505      137.1639682889677090
     -22.5627417396611989       68.7515233081359440      137.1221179357584106
     -22.0941263917071282       68.8056950745109930      137.0810410432898721
     -21.6377893105026793       68.8591834026783687      137.0408155155508041
     -21.1941600060652711       68.9118354891128035      137.0015141499405047
     -20.7636346660415612       68.9635086847382013      136.9632043827770929
     -20.3465751971940350       69.0140709331270301      136.9259480880534738
     -19.9433083340971997       69.0634010865644825      136.8898014279739641
     -19.5541248182283773       69.1113891065778603      136.8548147531074619
     -19.1792786509236564       69.1579361568147135      136.8210325493773496
     -18.8189864237383944       69.2029545982675387      136.7884934306869695
     -18.4734266866605701       69.2463682548093686      136.7572308809030517
     -18.1427393981239966       69.2881126286710582      136.7272740845357077
     -17.8270256229791642       69.3281337313789976      136.6986461898169978
     -17.5263472249947370       69.3663876636242236      136.6713641964422550
     -17.2407266360893203       69.4028403040293540      136.6454391732148110
     -16.9701467239712578       69.4374669619348310      136.6208764943283711
     -16.7145507612187316       69.4702520032432460      136.5976760888278534
     -16.4738425100281276       69.5011884551658738      136.5758326997558640
     -16.2478864196423238       69.5302775917881064      136.5553361511256298
     -16.0365079083165796       69.5575285142030992      136.5361716143249851
     -15.8394937493159258       69.5829577362701741      136.5183198682493071
     -15.6565925659367462       69.6065887806506254      136.5017575504550109
     -15.4875154348669941       69.6284517884964345      136.4864573972778601
     -15.3319365966213166       69.6485831451997228      136.4723884714829012
     -15.1894942712628289       69.6670251236666189      136.4595163766311998
     -15.0597915771687472       69.6838255456636944      136.4478034579490213
     -14.9423975502390700       69.6990374609022041      136.4372089900628851
     -14.8368482606839915       69.7127188426992319      136.4276893525030800
     -14.7426480243164821       69.7249322983299749      136.4191981943600354
     -14.6592707050429194       69.7357447916314754      136.4116865898462834
     -14.5861621869059608       69.7452415333743971      136.4050959731386001
     -14.5232049109910211       69.7595847881838438      136.3962704988907149
     -14.4699929409244898       69.7815064758489285      136.3837991676154502
     -14.4256897605238574       69.8084269239961799      136.3689768202619348
     -14.3894879752037248       69.8384482864195775      136.3527517472753061
     -14.3605920856531348       69.8701059102953081      136.3358525323894810
     -14.3382098717658053       69.9022315172428677      136.3188576854554697
     -14.3215478703549959       69.9338692222498111      136.3022382622191628
     -14.3098088900526079       69.9642175755571287      136.2863872033246935
     -14.3021904259080070       69.9925828294193764      136.2716429731946164
     -14.2978831009048548       70.0183320932746511      136.2583133085374243
     -14.2960680386796550       70.0408321287323048      136.2467063804476197
     -14.2959113410387282       70.0593499875919292      136.2371815689312768
     -14.2966634046434127       70.0743235370249380      136.2294981044499593
