     -14.2966634046434056      153.1645560385892395       -3.0831390600867135
     -14.2982093060101914      153.1642476895760865       -3.1000147011233001
     -14.3012065794192864      153.1638892545282147       -3.1207473279187021
     -14.3064710844633236      153.1634880900028008       -3.1457327743458481
     -14.3147232677545126      153.1630764076934383       -3.1740441557431276
     -14.3266838839668331      153.1626845057151058       -3.2048683512435039
     -14.3430642811854927      153.1623430038926585       -3.2373940462176689
     -14.3645596514605476      153.1620843039933391       -3.2707429271447568
     -14.3918434201025072      153.1619437722969792       -3.3039171287309048
     -14.4255616822821668      153.1619609382600231       -3.3357468261965919
     -14.4663268197105968      153.1621809389715168       -3.3648251580193085
     -14.5147091637985426      153.1626565081190847       -3.3894137530354116
     -14.5712246467944091      153.1634510540810368       -3.4072885559923272
     -14.6363139067680539      153.1646440331086580       -3.4154593007621128
     -14.7108013526812496      153.1661886790762708       -3.4169351420519121
     -14.7957488041604019      153.1679559063418026       -3.4185999851834703
     -14.8917229933050468      153.1699592611909395       -3.4204806383572954
     -14.9992599432225564      153.1722124272720862       -3.4225871320286601
     -15.1188646352266698      153.1747288915572938       -3.4249285752259699
     -15.2510096745447363      153.1775219414834339       -3.4275129996110381
     -15.3961340460262441      153.1806046592620021       -3.4303471693038534
     -15.5546419624594741      153.1839899127858473       -3.4334363516938056
     -15.7269018080165157      153.1876903426179410       -3.4367840453493197
     -15.9132451793465002      153.1917183446192041       -3.4403916623002617
     -16.1139660267831140      153.1960860478502582       -3.4442581632918432
     -16.3293198979465224      153.2008052874701036       -3.4483796460241787
     -16.5595232856958745      153.2058875724474944       -3.4527488878695896
     -16.8047530819639483      153.2113440479986650       -3.4573548460810017
     -17.0651461385054581      153.2171854527649657       -3.4621821200663447
     -17.3407989272371275      153.2234220706278336       -3.4672103833909365
     -17.6317672721422447      153.2300636764009596       -3.4724138068944046
     -17.9380661997120434      153.2371194766007818       -3.4777604895093850
     -18.2596699127096684      153.2445980460644819       -3.4832118973996113
     -18.5965118664494113      153.2525072604817353       -3.4887223220199690
     -18.9484849449622956      153.2608542299368253       -3.4942383710168015
     -19.3154416797881794      153.2696462451091577       -3.4996985296018184
     -19.6971945301124727      153.2788923513441546       -3.5050327988495722
     -20.0935164268318545      153.2886017968884289       -3.5101623402809476
     -20.5041413380263897      153.2987837437363510       -3.5149992416946385
     -20.9287649077885227      153.3094472399435801       -3.5194463961585747
     -21.3670451805655262      153.3206011810451628       -3.5233975017536250
     -21.8186034084606426      153.3322542596807807       -3.5267371946892259
     -22.2830249391462516      153.3444149026602759       -3.5293413269117835
     -22.7598601823314937      153.3570911948606579       -3.5310773975042418
     -23.2486256530884638      153.3702907895465728       -3.5318051450389012
     -23.7488050912040372      153.3840208049529679       -3.5313773055829003
     -24.2598507146342861      153.3982877091636396       -3.5296405260168253
     -24.7811847333325943      153.4130971991816637       -3.5264363574005020
     -25.3122008606262270      153.4284540681618410       -3.5216023134697969
     -25.8522658569287316      153.4443618969194176       -3.5149730353774800
     -26.4007213004676302      153.4608218429158342       -3.5063815449161488
     -26.9568851510902263      153.4778330423575028       -3.4956606348639427
     -27.5200533941152941      153.4953929513264939       -3.4826443469733599
     -28.0895018358878303      153.5134972003948519       -3.4671695153897528
     -28.6644879653639784      153.5321394492397928       -3.4490773726201716
     -29.2442528790562797      153.5513112458583009       -3.4282152026499739
     -29.8280232668504475      153.5710018930227818       -3.4044380244537962
     -30.4150134559617129      153.5911983247564478       -3.3776102880081873
     -31.0044275099945743      153.6118849956972099       -3.3476075639574296
     -31.5954613797021437      153.6330437862581277       -3.3143182073277844
     -32.1873050984880607      153.6546539931832740       -3.2776449765766795
     -32.7791447733243189      153.6766948468194585       -3.2375066628711777
     -33.3701633833485474      153.6991462106898041       -3.1938399894627194
     -33.9595417889131568      153.7219851880082047       -3.1466019666412670
     -34.5464609701737473      153.7451857892480405       -3.0957722723815788
     -35.1301044667574658      153.7687188779583209       -3.0413554294588119
     -35.7096608864296670      153.7925521592986513       -2.9833827361317677
     -36.2843264631499949      153.8166502139798695       -2.9219139136337944
     -36.8533076381023079      153.8409745790842464       -2.8570384407064724
     -37.4158236290266757      153.8654838757891810       -2.7888765546870626
     -37.9711089424323234      153.8901339823099192       -2.7175799108639001
     -38.5184157679853456      153.9148782482509148       -2.6433319081355320
     -39.0570163382788138      153.9396673056795919       -2.5663477044530989
     -39.5861957068367758      153.9644489666962670       -2.4868114475422378
     -40.1051920692174235      153.9891728831551347       -2.4044906186673303
     -40.6132389231106856      154.0137869602687317       -2.3190430945512048
     -41.1096058289626285      154.0382357222422058       -2.2302410757099493
     -41.5936139332429633      154.0624615765377428       -2.1379688860811950
     -42.0646453656723054      154.0864059438974323       -2.0422165368910710
     -42.5221506883820624      154.1100103818218088       -1.9430709557774253
     -42.9656550203700576      154.1332177004820210       -1.8407051579115863
     -43.3947614804463413      154.1559729662042741       -1.7353661147677084
     -43.8091505483709724      154.1782242765608260       -1.6273624316129796
     -44.2085747449555981      154.1999232308951093       -1.5170530433912883
     -44.5928495874777369      154.2210251114873927       -1.4048377831614713
     -44.9618431502031157      154.2414888831698931       -1.2911499758709317
     -45.3154660005849763      154.2612779863280252       -1.1764507175123811
     -45.6536607884256966      154.2803644999302719       -1.0612249238654736
     -45.9764006067426507      154.2987245531377312       -0.9459769072939518
     -46.2836916195601304      154.3163362685267828       -0.8312243458086183
     -46.5755746227880181      154.3331803011060117       -0.7174914628703368
     -46.8521258614489540      154.3492402837217696       -0.6053017874708541
     -47.1134573075078364      154.3645031732520465       -0.4951707824192630
     -47.3597165361765420      154.3789595004638500       -0.3875985778963522
     -47.5910862997413346      154.3926035282314331       -0.2830630063136253
     -47.8077838737814318      154.4054333248630826       -0.1820130994430328
     -48.0100602346149898      154.4174507611823515       -0.0848631775187921
     -48.1981991153298637      154.4286614415332508        0.0080123685917178
     -48.3725159788226193      154.4390745798909848        0.0962835275678414
     -48.5333569387798462      154.4487028327309304        0.1796683002574974
     -48.6810976529185595      154.4575621002261414        0.2579354877144081
     -48.8161422067922999      154.4656713067656142        0.3309066286726218
     -48.9389220009800709      154.4730521707907940        0.3984570996032290
     -49.0498946495059016      154.4797289726279246        0.4605164075963858
     -49.1495428929311302      154.4857283274587019        0.5170677212831741
     -49.2383735257627038      154.4910789689305091        0.5681466977912514
     -49.3169163346633681      154.4958115472537941        0.6138396742635186
     -49.3853657441368838      154.4999273871262062        0.6563154648872183
     -49.4439015561488162      154.5034239750347638        0.6979905106721218
     -49.4932194356983359      154.5063428469248379        0.7384993211893955
     -49.5340327382402066      154.5087278706999427        0.7775208636237348
     -49.5670704989852311      154.5106248834628957        0.8147798639370692
     -49.5930770244275934      154.5120814822310535        0.8500386212998061
     -49.6128113757454727      154.5131468253203479        0.8830891033733348
     -49.6270469068177391      154.5138714619044151        0.9137444266582497
     -49.6365710742820596      154.5143072130240398        0.9418285152855991
     -49.6421858763997079      154.5145071414912650        0.9671619388365206
     -49.6447096104264105      154.5145256818757673        0.9895400347959612
     -49.6449814587741827      154.5144190850640484        1.0086947498887551
     -49.6438719938636197      154.5142464924480237        1.0242226417735720
     -49.6420950745334366      154.5140508438716154        1.0366434981696875
     -49.6395330088043210      154.5138053059691003        1.0489255602581236
     -49.6352850755557711      154.5134333018631310        1.0638986496894867
     -49.6285033054925151      154.5128785992447433        1.0818064649447983
     -49.6185070058112530      154.5121019850671757        1.1019713481812736
     -49.6045988461147971      154.5110625715898323        1.1238536507813548
     -49.5860795153985592      154.5097193066994521        1.1469804766299472
     -49.5622564116882884      154.5080318887689543        1.1709082580392782
     -49.5324494430570681      154.5059613963957190        1.1952016036168804
     -49.4959954392863324      154.5034707819597770        1.2194198501234930
     -49.4522518530323296      154.5005252938335900        1.2431074217179094
     -49.4006000966398773      154.4970928575748417        1.2657859949708890
     -49.3404487216480661      154.4931444315824933        1.2869472608552757
     -49.2712365936182124      154.4886543463371993        1.3060453858292369
     -49.1924343421603254      154.4836004275216226        1.3224989362632171
     -49.1030495314291784      154.4779088529378726        1.3385174739309407
     -49.0021603223743725      154.4715129725306042        1.3560728814109766
     -48.8892392385030945      154.4643897358136257        1.3750653618048887
     -48.7637976986884993      154.4565203746364546        1.3953555215588325
     -48.6253876667261977      154.4478905729978351        1.4167630672385612
     -48.4736031150603779      154.4384905916346895        1.4390661173300634
     -48.3080812913857685      154.4283153411302010        1.4620012024098799
     -48.1285037801392761      154.4173643976531594        1.4852640193393056
     -47.9345973547574147      154.4056419560259314        1.5085109961072332
     -47.7261346209347010      154.3931567156386393        1.5313617138129691
     -47.5029344559040325      154.3799216958130955        1.5534022213427892
     -47.2648622538979168      154.3659539785833203        1.5741892669168589
     -47.0118299933965815      154.3512743785138355        1.5932554593141939
     -46.7437961475607295      154.3359070411198672        1.6101153607675778
     -46.4607654655674267      154.3198789736829895        1.6242725039581736
     -46.1627886598777835      154.3032195147623327        1.6352273181358394
     -45.8499620436891107      154.2859597514748771        1.6424859453990590
     -45.5224271756903462      154.2681318966739923        1.6455699293933117
     -45.1803705888870653      154.2497686415418343        1.6440267678781624
     -44.8240236829188206      154.2309027710065834        1.6374413450550767
     -44.4536624529169160      154.2115715295533107        1.6254483451468775
     -44.0696080124478300      154.1918168396503859        1.6077456171909479
     -43.6722226966945399      154.1716809878390109        1.5841071355985246
     -43.2618980917672289      154.1512055109880350        1.5543930363371476
     -42.8390433130324979      154.1304303581324007        1.5185570127127050
     -42.4040731446351558      154.1093931839055529        1.4766507449350901
     -41.9573979425421300      154.0881288699272034        1.4288254500532298
     -41.4994175376544305      154.0666693643163683        1.3753312517701497
     -41.0305199033473116      154.0450438420936621        1.3165152207170274
     -40.5510837819224932      154.0232791112415214        1.2528187075301471
     -40.0614837176003533      154.0014001605468650        1.1847742282243197
     -39.5620960615539801      153.9794307597663021        1.1130018816879994
     -39.0533065255100666      153.9573941161467872        1.0382054960863309
     -38.5355231715621613      153.9353137279660757        0.9611691691572460
     -38.0092139934875277      153.9132162102544896        0.8825328755730020
     -37.4749461629181937      153.8911328178063229        0.8024855902882626
     -36.9333229538141765      153.8690943698289857        0.7211508498732134
     -36.3849722626751060      153.8471306788782726        0.6386495493450698
     -35.8305449402369831      153.8252704188382154        0.5551002232460959
     -35.2707131906589098      153.8035410176403843        0.4706193682842376
     -34.7061689587526843      153.7819685719339020        0.3853218217585915
     -34.1376222538604637      153.7605777819740069        0.2993212007239746
     -33.5657993771384326      153.7393919057010976        0.2127304001131856
     -32.9914410318972315      153.7184327313276242        0.1256621429508936
     -32.4153003065419654      153.6977205678761607        0.0382295718865057
     -31.8381405273343461      153.6772742607970486       -0.0494531317052150
     -31.2607327809452258      153.6571128805556725       -0.1372701414301185
     -30.6838520821110770      153.6372577894202038       -0.2251037628854776
     -30.1082739129287447      153.6177293548394118       -0.3128348127558871
     -29.5347719772020731      153.5985464368836517       -0.4003431081802586
     -28.9641160423822903      153.5797264004119711       -0.4875079702006545
     -28.3970697683095707      153.5612851354374300       -0.5742087397651733
     -27.8343885313434143      153.5432370848131427       -0.6603252993341635
     -27.2768172527143697      153.5255952783357145       -0.7457385932574377
     -26.7250882400789855      153.5083713723522294       -0.8303311403685039
     -26.1799190513148652      153.4915756939586231       -0.9139875326641850
     -25.6420103895595659      153.4752172888903203       -0.9965949144939504
     -25.1120440477801701      153.4593039176918694       -1.0780434369643286
     -24.5906810351027829      153.4438412827278171       -1.1582266777948291
     -24.0785595722386603      153.4288333476487765       -1.2370420355407448
     -23.5762930644366051      153.4142831664705966       -1.3143910947511166
     -23.0844682770252021      153.4001929698374909       -1.3901799506505768
     -22.6036436654362483      153.3865642262894085       -1.4643194801950639
     -22.1343478593732605      153.3733977011978027       -1.5367255099124326
     -21.6770780536066106      153.3606935058974443       -1.6073189309537659
     -21.2322984538606470      153.3484511403246984       -1.6760258140243640
     -20.8004388442913815      153.3366695304660823       -1.7427775274719390
     -20.3818932815187424      153.3253470603964104       -1.8075108582782817
     -19.9770189184989277      153.3144815988063954       -1.8701681352430519
     -19.5861349603705790      153.3040705200465368       -1.9306973532115026
     -19.2095217533554745      153.2941107198362261       -1.9890522968113657
     -18.8474200068396271      153.2845986262058489       -2.0451926618435703
     -18.5000301120405588      153.2755308634548612       -2.0990841812160892
     -18.1675115672056577      153.2669053626672735       -2.1506987517748479
     -17.8499827052710245      153.2587192983864952       -2.2000145084600371
     -17.5475204565613119      153.2509687033980299       -2.2470159073063543
     -17.2601602107015673      153.2436485392896088       -2.2916938006853096
     -16.9878957998994622      153.2367527662320583       -2.3340454965200936
     -16.7306796000174884      153.2302744110265849       -2.3740747993425297
     -16.4884227277817068      153.2242056321089763       -2.4117920359951230
     -16.2609953392752900      153.2185377808629312       -2.4472140742972242
     -16.0482270719848579      153.2132614598920384       -2.4803643206541675
     -15.8499075970139316      153.2083665772695724       -2.5112726869227493
     -15.6657872709068187      153.2038423963226137       -2.5399755264356139
     -15.4955778847422074      153.1996775808168252       -2.5665155398778636
     -15.3389535082951909      153.1958602355267942       -2.5909416520610287
     -15.1955514271381862      153.1923779422947973       -2.6133088609991448
     -15.0649731705291270      153.1892177917804645       -2.6336780610739470
     -14.9467856277874933      153.1863664111943990       -2.6521158425014377
     -14.8405222505859307      153.1838099883837572       -2.6686942697613532
     -14.7456843382517757      153.1815342926991548       -2.6834906420657445
     -14.6617424028953671      153.1795246931256713       -2.6965872392034957
     -14.5881386996392646      153.1777659145919301       -2.7080870406537394
     -14.5247546225882243      153.1761303127709937       -2.7249544018811465
     -14.4711813805392744      153.1745505029477386       -2.7502821173850842
     -14.4265769487096591      153.1730561320212587       -2.7811664096429021
     -14.3901285758885003      153.1716651098414843       -2.8154729061093109
     -14.3610354587983160      153.1703883188536111       -2.8515558626577611
     -14.3385000777163665      153.1692320534104397       -2.8881037300602572
     -14.3217236494582085      153.1681994063204115       -2.9240444144444613
     -14.3099036291258113      153.1672911580988341       -2.9584799271487228
     -14.3022321166400666      153.1665064775999099       -2.9906336989916236
     -14.2978942902105519      153.1658436726809782       -3.0197977452409370
     -14.2960657644723028      153.1653012924815869       -3.0452635751414476
     -14.2959070358154765      153.1648800853358807       -3.0662099467245003
     -14.2966634046434056      153.1645560385892395       -3.0831390600867135
