  -61.680908396620062       -112.49302572922288       -82.043785463205452     
  -60.156908396620061       -112.46142621885541       -82.020739203841785     
  -58.632908396620067       -112.42982670848794       -81.997692944478118     
  -57.108908396620066       -112.39822719812047       -81.974646685114450     
  -51.002338112374794       -112.27160998617380       -81.882301801523155     
  -50.993555670165961       -112.27142788586302       -81.882168991522505     
  -50.980940239169804       -112.27116648652512       -81.881978346893035     
  -50.963819459329002       -112.27081206652534       -81.881719860126864     
  -50.941533132965155       -112.27035128837154       -81.881383803879515     
  -50.913435009713957       -112.26977127631690       -81.880960787566451     
  -50.878894534384479       -112.26905969740938       -81.880441816469556     
  -50.837298552946940       -112.26820484533101       -81.879818352868327     
  -50.788052971959047       -112.26719572634065       -81.879082378682185     
  -50.730584366858608       -112.26602214661538       -81.878226459075748     
  -50.664341534683224       -112.26496091613457       -81.877452477410372     
  -50.588796986890159       -112.26347829407273       -81.876371162638449     
  -50.503448378082631       -112.26180560485695       -81.875151221923332     
  -50.407819866891344       -112.25993445533952       -81.873786527411511     
  -50.301463405098069       -112.25785720196112       -81.872271491475786     
  -50.183959951438808       -112.25556700187143       -81.870601098671472     
  -50.054920606753598       -112.25305786558530       -81.868770935205333     
  -49.913987667368367       -112.25032471191675       -81.866777214483889     
  -49.760835593844661       -112.24736342627747       -81.864616796726125     
  -49.595171892199566       -112.24417092643617       -81.862287201708128     
  -49.416737904378252       -112.24074524557298       -81.859786616471226     
  -49.225309508950076       -112.23708561030273       -81.857113874549071     
  -49.020697728383745       -112.23319253423819       -81.854268412268141     
  -48.802749241341161       -112.22906793417336       -81.851250194975663     
  -48.571346799064351       -112.22471524979804       -81.848059583380689     
  -48.326409545142802       -112.22013956644430       -81.844697119261497     
  -48.067893240086967       -112.21534787171501       -81.841163299878517     
  -47.795790389514899       -112.21034934515242       -81.837458234083471     
  -47.510130276998105       -112.20515563266085       -81.833581101677098     
  -47.210978903242420       -112.19978126131276       -81.829529472945723     
  -46.898438833921951       -112.19424433383939       -81.825298514472180     
  -46.572648959436656       -112.18856724340512       -81.820879788552730     
  -46.233784170994475       -112.18277763052926       -81.816259668638835     
  -45.882054949644299       -112.17690974520352       -81.811417647443392     
  -45.517706836922962       -112.17100531036617       -81.806325043539616     
  -45.141019780557521       -112.16511375284618       -81.800944565262185     
  -44.752307358130452       -112.15929163075151       -81.795230685296332     
  -44.351915875605101       -112.15360101472410       -81.789130729985843     
  -43.940223333677316       -112.14810807760630       -81.782587342368245     
  -43.517638295204158       -112.14288098374294       -81.775541141198005     
  -43.084598668837792       -112.13798775926227       -81.767933518316639     
  -42.641570421287966       -112.13349420810151       -81.759709206071776     
  -42.189046226629635       -112.12946208180770       -81.750818543081081     
  -41.727544062714507       -112.12594746783654       -81.741219268973083     
  -41.257605774165881       -112.12299988123326       -81.730877424636446     
  -40.779795611085923       -112.12066225132862       -81.719767331029217     
  -40.294698713583763       -112.11897096323487       -81.707871396770258     
  -39.802919538991503       -112.11795574276199       -81.695179864384556     
  -39.305080237420071       -112.11763963967400       -81.681690597376033     
  -38.801818983316998       -112.11803906326148       -81.667408823960713     
  -38.293788264535770       -112.11916393434024       -81.652346856527927     
  -37.781653140705920       -112.12101778375350       -81.636523649684875     
  -37.266089465246033       -112.12359809479246       -81.619964409952203     
  -36.747782088271066       -112.12689654763767       -81.602700011480735     
  -36.227423031543431       -112.13089949835984       -81.584766468626725     
  -35.705709653171702       -112.13558836768544       -81.566204241634239     
  -35.183342795732614       -112.14094018679677       -81.547057571164174     
  -34.661024928693628       -112.14692812993178       -81.527373741514950     
  -34.139458284808704       -112.15352201833274       -81.507202423686877     
  -33.619342984058406       -112.16068871170350       -81.486595284148493     
  -33.101375166891039       -112.16839235150830       -81.465605615522449     
  -32.586245128656635       -112.17659478171328       -81.444288088395467     
  -32.074635478570087       -112.18525587942420       -81.422698428701665     
  -31.567219314044333       -112.19433380717335       -81.400893033926806     
  -31.064658424547886       -112.20378529423091       -81.378928610625607     
  -30.567601521646981       -112.21356604807656       -81.356861910767932     
  -30.076682503587001       -112.22363110965247       -81.334749435776473     
  -29.592518762187890       -112.23393521541182       -81.312647157920892     
  -29.115709527854307       -112.24443312641753       -81.290610234040940     
  -28.646834271216129       -112.25507987654504       -81.268692680462749     
  -28.186451146403623       -112.26583111319157       -81.246947138055404     
  -27.735095502132875       -112.27664334403717       -81.225424595391914     
  -27.293278440985141       -112.28747424341232       -81.204174183965890     
  -26.861485455558469       -112.29828286248214       -81.183242928307280     
  -26.440175121244138       -112.30902990953948       -81.162675543156979     
  -26.029777872392081       -112.31967793187931       -81.142514176031426     
  -25.630694843069296       -112.33019155133819       -81.122798244388363     
  -25.243296791106857       -112.34053763270913       -81.103564284583342     
  -24.867923101415666       -112.35068540891358       -81.084845828832655     
  -24.504880867757258       -112.36060659674645       -81.066673332563212     
  -24.154444070466383       -112.37027542099513       -81.049074090010635     
  -23.816852829117693       -112.37966869425327       -81.032072240845935     
  -23.492312756425715       -112.38876578786514       -81.015688744957302     
  -23.180994400367663       -112.39754861505362       -80.999941408170329     
  -22.883032775251298       -112.40600163301349       -80.984844958812658     
  -22.598526997178038       -112.41411174712745       -80.970411085793003     
  -22.327540010066553       -112.42186824588565       -80.956648525682098     
  -22.070098406878103       -112.42926273858002       -80.943563173447330     
  -21.826192354100673       -112.43628903632263       -80.931158168990720     
  -21.595775613535469       -112.44294303251553       -80.919433995153412     
  -21.378765657530312       -112.44922261844893       -80.908388610482930     
  -21.175043885220671       -112.45512756339254       -80.898017568216659     
  -20.984455937218748       -112.46065938249295       -80.888314128954036     
  -20.806812106778452       -112.46582121084539       -80.879269370734576     
  -20.641887843906360       -112.47061771093837       -80.870872313593566     
  -20.489424355646246       -112.47505496737884       -80.863110024100692     
  -20.349129299343300       -112.47914038598023       -80.855967711390875     
  -20.220677566718496       -112.48288260082687       -80.849428817034919     
  -20.103712156930438       -112.48629138782425       -80.843475097964344     
  -19.997845135347912       -112.48937758888881       -80.838086706249527     
  -19.902658675905073       -112.49215304374154       -80.833242264869867     
  -19.817706184777556       -112.49463052550028       -80.828918938515955     
  -19.742513501843419       -112.49682368126508       -80.825092502379505     
  -19.676580183664512       -112.49846493885866       -80.821534488088460     
  -19.619380821810694       -112.50015355155804       -80.818638302762096     
  -19.570366500539624       -112.50161649717801       -80.816168044178468     
  -19.528966245802717       -112.50286365975720       -80.814089784073232     
  -19.494588569592882       -112.50390725482453       -80.812369797662399     
  -19.466623062686242       -112.50476153920899       -80.810974469464455     
  -19.444442038486919       -112.50544252782846       -80.809870207575599     
  -19.427402223558222       -112.50596772103644       -80.809023368846596     
  -19.414846490299364       -112.50635584595290       -80.808400197175786     
  -19.406105627113579       -112.50662661498596       -80.807966776910206     
  -19.400500141311099       -112.50680050447814       -80.807689003117545     
  -19.397342089901024       -112.50689855609492       -80.807532570253244     
  -19.395936933348615       -112.50694220322141       -80.807462980486051     
  -13.299585407310687       -112.69630774097789       -80.505543822298591     
  -11.775585407310686       -112.74364639563194       -80.430068385045260     
  -10.251585407310687       -112.79098505028600       -80.354592947791929     
  -8.7275854073106860       -112.83832370494005       -80.279117510538597     
