     -24.3498180004012177     -110.9109788485790915       36.5099505147384562
     -24.3506633855171621     -110.9066166854733808       36.5230751217215257
     -24.3525975957861469     -110.9012079119208920       36.5392112707569936
     -24.3562763240392606     -110.8946150386798877       36.5586752163644633
     -24.3623099980076034     -110.8870414323326941       36.5807547704707119
     -24.3713064770779511     -110.8786616996531080       36.6048261220514419
     -24.3838658749670039     -110.8696506998929010       36.6302668015544199
     -24.4005767363608221     -110.8602014646451437       36.6564022071740752
     -24.4220127403338374     -110.8505389467546252       36.6824647800048638
     -24.4487294371400559     -110.8409337404095396       36.7075533070925744
     -24.4812606267773596     -110.8317190656994029       36.7305823923320887
     -24.5201138667845129     -110.8233153155814250       36.7502090965734425
     -24.5657641769263222     -110.8162699545864456       36.7647131954963626
     -24.6186438850281348     -110.8113299046678719       36.7717792587288201
     -24.6793504036017666     -110.8076863861883368       36.7737515820742331
     -24.7485791143572236     -110.8035251734347781       36.7759828486123936
     -24.8267901959121744     -110.7988101629473618       36.7784986023708313
     -24.9144188875560602     -110.7935100292225030       36.7813107543212752
     -25.0118747804010049     -110.7875941168341569       36.7844298942780910
     -25.1195406806887469     -110.7810324793252619       36.7878651830790346
     -25.2377715424439231     -110.7737959193981396       36.7916242401152260
     -25.3668934739720626     -110.7658560441164610       36.7957130312447660
     -25.5072028205642951     -110.7571853315906765       36.8001357565270908
     -25.6589653260292110     -110.7477572098707412       36.8048947387331751
     -25.8224153754991725     -110.7375461489849044       36.8099903137926958
     -25.9977553267034338     -110.7265278039294571       36.8154207367634072
     -26.1851549297156012     -110.7146791933402170       36.8211820994784489
     -26.3847508215665165     -110.7019787969928188       36.8272682224483106
     -26.5966461150780127     -110.6884067035306458       36.8336705663433364
     -26.8209100828460514     -110.6739447835814900       36.8403781563062864
     -27.0575779639848193     -110.6585770006557681       36.8473775546984186
     -27.3066508483817394     -110.6422896452316422       36.8546528105121567
     -27.5680956318729251     -110.6250714511312481       36.8621853772641401
     -27.8418450885641811     -110.6069138424782778       36.8699540852309795
     -28.1277980803580725     -110.5878114056864092       36.8779352021161486
     -28.4258198066984740     -110.5677620302884918       36.8861023994060275
     -28.7357421549114456     -110.5467670524131876       36.8944267381820694
     -29.0573642243335293     -110.5248317769877957       36.9028768026304519
     -29.3904528850895055     -110.5019656678874469       36.9114187468566683
     -29.7347434120522145     -110.4781824012259648       36.9200163224742894
     -30.0899403312785374     -110.4535004345273563       36.9286311074842999
     -30.4557182353097033     -110.4279429882809040       36.9372225701222305
     -30.8317227434973233     -110.4015382018241240       36.9457482240203419
     -31.2175716167750608     -110.3743195282774536       36.9541638982298437
     -31.6128558039088823     -110.3463254650628897       36.9624238210778842
     -32.0171407620803095     -110.3175999479818472       36.9704809631082298
     -32.4299676659626144     -110.2881920939117748       36.9782872024491098
     -32.8508547494527363     -110.2581562420365060       36.9857936512455439
     -33.2792986896141798     -110.2275518150435261       36.9929509887151582
     -33.7147760466221200     -110.1964429932381222       36.9997097813360298
     -34.1567448363694623     -110.1648985790985904       37.0060209114646028
     -34.6046460321786213     -110.1329914499652318       37.0118359086348647
     -35.0579052517527501     -110.1007983143629190       37.0171074191877310
     -35.5159343210894249     -110.0683990299491199       37.0217895595972308
     -35.9781330298479674     -110.0358761929581419       37.0258383857178046
     -36.4438907488558854     -110.0033143921705090       37.0292122669544312
     -36.9125882183665794     -109.9707996355144815       37.0318723285622582
     -37.3835992027157928     -109.9384185790534332       37.0337828294122957
     -37.8562922822097008     -109.9062578228595441       37.0349115557012709
     -38.3300325262760992     -109.8744031528779743       37.0352301811999567
     -38.8041832647003204     -109.8429387625372016       37.0347145965818711
     -39.2781077978146200     -109.8119465375664703       37.0333452234711089
     -39.7511715520406099     -109.7815052758988941       37.0311071822897020
     -40.2227441767760681     -109.7516900993374662       37.0279902914890684
     -40.6922012850969992     -109.7225718404002208       37.0239889486449485
     -41.1589260729151576     -109.6942165876661335       37.0191020186824176
     -41.6223109200892125     -109.6666851987345552       37.0133326671445744
     -42.0817589185092515     -109.6400329562699625       37.0066881978833280
     -42.5366853725935101     -109.6143092269487482       36.9991798475767766
     -42.9865192409620462     -109.5895572722282054       36.9908225862176607
     -43.4307045547794459     -109.5658140329579311       36.9816348610664960
     -43.8687018045964408     -109.5431101588938532       36.9716383710403136
     -44.2999893255199169     -109.5214698478882411       36.9608577167436181
     -44.7240642828387962     -109.5009275024638811       36.9492719153718454
     -45.1404421171309949     -109.4816279231076521       36.9365165554842108
     -45.5486616921294214     -109.4637468951281818       36.9221203037850785
     -45.9482866310693510     -109.4474320804115735       36.9056781982667985
     -46.3389026003399422     -109.4328031451568819       36.8868548234795739
     -46.7201160147462318     -109.4199508280876927       36.8653855941078419
     -47.0915531770007476     -109.4089376345374802       36.8410776470669674
     -47.4528595772476720     -109.3997980205132023       36.8138096213209565
     -47.8036998045335793     -109.3925389503677508       36.7835305978531650
     -48.1437585324457871     -109.3871414880336630       36.7502583155888658
     -48.4727426886447148     -109.3835614895751718       36.7140758498533373
     -48.7903846739076812     -109.3817318811722856       36.6751274533602611
     -49.0964458907532659     -109.3815649291015006       36.6336130220715930
     -49.3907200309967322     -109.3829543252806076       36.5897812983759465
     -49.6730363224494766     -109.3857786031289265       36.5439224916885905
     -49.9432603962237920     -109.3899042747325296       36.4963601909989777
     -50.2012936784278736     -109.3951885596064528       36.4474432431143640
     -50.4470728943557276     -109.4014827045819231       36.3975381403011369
     -50.6805696474919216     -109.4086348974917513       36.3470216395210528
     -50.9017900235919427     -109.4164927021254954       36.2962736548705820
     -51.1107742052000305     -109.4249053604271040       36.2456706071196635
     -51.3075960866550318     -109.4337261933543886       36.1955793723869093
     -51.4923628514033211     -109.4428145226766276       36.1463516972525056
     -51.6652145092745201     -109.4520373044314852       36.0983191940404780
     -51.8263233834752128     -109.4612704191372217       36.0517889373276077
     -51.9758935532717032     -109.4703999382309973       36.0070397939183664
     -52.1141602368073720     -109.4793231077414646       35.9643194146715857
     -52.2413891075419841     -109.4879489935402290       35.9238418713996950
     -52.3578755451490920     -109.4961988955165992       35.8857859630683862
     -52.4639438189102165     -109.5040065445511175       35.8502941725738680
     -52.5599462024158370     -109.5113180947901412       35.8174722437540325
     -52.6462620193787600     -109.5180919296134050       35.7873893401347658
     -52.7232966218894958     -109.5242983209835472       35.7600787450513948
     -52.7914803011593392     -109.5299189325038611       35.7355390392479890
     -52.8512671328835069     -109.5354583021489105       35.7121650198518807
     -52.9031337597307143     -109.5414805968137131       35.6881640630405172
     -52.9475781135298718     -109.5478478820133716       35.6638952258273179
     -52.9851180803162549     -109.5544326312415535       35.6396867297294335
     -53.0162901115607426     -109.5611180533027778       35.6158347188340727
     -53.0416477850959254     -109.5677960372908331       35.5926093288342784
     -53.0617603195065684     -109.5743651784943751       35.5702605279710014
     -53.0772110459002207     -109.5807286623178101       35.5490244241224644
     -53.0885958411059207     -109.5867917055664833       35.5291309722725615
     -53.0965215264653381     -109.5924580562216590       35.5108146289689586
     -53.1016042364819398     -109.5976245790909616       35.4943309643562159
     -53.1044677616817467     -109.6021717870322334       35.4799858514189665
     -53.1057418701149260     -109.6059459296365475       35.4681907999055994
     -53.1060606119907064     -109.6090236887128953       35.4586447516878422
     -53.1057418701149260     -109.6121202744432424       35.4491047939141168
     -53.1044677616817467     -109.6159696806374342       35.4373340902584175
     -53.1016042364819398     -109.6206860865640778       35.4230437130632936
     -53.0965215264653381     -109.6261530866347726       35.4066572531694845
     -53.0885958411058994     -109.6322883762095302       35.3884926121436649
     -53.0772110458999862     -109.6390258597056118       35.3688173424865653
     -53.0617603195049341     -109.6463062289357140       35.3478778521177546
     -53.0416477850871715     -109.6540716217908340       35.3259160400351675
     -53.0162901115219967     -109.6622622188703957       35.3031799821072454
     -52.9851180801693857     -109.6708138030661530       35.2799316768159059
     -52.9475781130393770     -109.6796557805892860       35.2564533967142708
     -52.9031337582578871     -109.6887093599363396       35.2330535789221884
     -52.8512671288445901     -109.6978856628416708       35.2100729479479924
     -52.7914802909207808     -109.7070861863324893       35.1878833175493142
     -52.7232965974871064     -109.7169036109022784       35.1647012895008473
     -52.6462619640153520     -109.7278691736873100       35.1389303012538790
     -52.5599460822538020     -109.7399985667122024       35.1105799482837710
     -52.4639435683892827     -109.7532963883030988       35.0796946314720870
     -52.3578750417106917     -109.7677558549911652       35.0463548075645903
     -52.2413881295175315     -109.7833586656042542       35.0106777644150995
     -52.1141583953569523     -109.8000750623723434       34.9728178767087101
     -51.9758901854525135     -109.8178640798875563       34.9329662887997969
     -51.8263173886146902     -109.8366739886802179       34.8913499863057694
     -51.6652041046724264     -109.8564429398458060       34.8482302294689319
     -51.4923452158559272     -109.8770998088200486       34.8039003315966227
     -51.3075668512577252     -109.8985651349269972       34.7586827480563514
     -51.1107267402075109     -109.9207522088612734       34.7129255062029287
     -50.9017144575891578     -109.9435685562835658       34.6669980845486592
     -50.6804515403907274     -109.9669174763934762       34.6212866800608836
     -50.4468914680802243     -109.9906996614788426       34.5761889368775357
     -50.2010194872681623     -110.0148146682352177       34.5321081477724903
     -49.9428522903308476     -110.0391627773291532       34.4894471993379597
     -49.6724375183151494     -110.0636469563858242       34.4486022925196522
     -49.3898530440982597     -110.0881745196817292       34.4099564544593619
     -49.0952059934314349     -110.1126584975242082       34.3738730144521014
     -48.7886315562410431     -110.1370196484517692       34.3406895303220310
     -48.4702930746370910     -110.1611878943989637       34.3107118363961661
     -48.1403842775733679     -110.1851031298276382       34.2842077539127388
     -47.7991314593825081     -110.2087171152047347       34.2614008549769054
     -47.4467956555514334     -110.2319948061334571       34.2424638577544016
     -47.0836742821984657     -110.2549153071525154       34.2275117995325076
     -46.7101016606966013     -110.2774740235432205       34.2165957265255898
     -46.3264480738762785     -110.2996834563196842       34.2096964811437658
     -45.9331176745922392     -110.3215746369354946       34.2067195942680584
     -45.5305456524258716     -110.3431982833143650       34.2074913040085562
     -45.1191950437946687     -110.3646249170821818       34.2117556618649132
     -44.6995531181821235     -110.3859459088858301       34.2191734787745716
     -44.2721261159346042     -110.4072723837982579       34.2293235238968379
     -43.8374380839071094     -110.4286816705169372       34.2418776114700378
     -43.3960333195550660     -110.4501424890478205       34.2568388124282635
     -42.9484730897333904     -110.4716085209737884       34.2742416073420699
     -42.4953337558539488     -110.4930332170215337       34.2941029803762945
     -42.0372052399846723     -110.5143702374314358       34.3164225189246324
     -41.5746894166985754     -110.5355733667143454       34.3411825174961720
     -41.1083984604084804     -110.5565969044183419       34.3683484027145099
     -40.6389531795334378     -110.5773956831892519       34.3978692157395116
     -40.1669813264171083     -110.5979254603715844       34.4296783787752787
     -39.6931159333384045     -110.6181429843133657       34.4636945194199953
     -39.2179936272956979     -110.6380063952434512       34.4998225457625551
     -38.7422530034466774     -110.6574753097512769       34.5379547546982764
     -38.2665330026387807     -110.6765112063695398       34.5779721448969255
     -37.7914717388324277     -110.6950775250924579       34.6197456522622318
     -37.3177052233365387     -110.7131400556308449       34.6631373626293282
     -36.8458658059357944     -110.7306671513509286       34.7080016666813052
     -36.3765804782324622     -110.7476300643497922       34.7541864999040655
     -35.9104693184990680     -110.7640031738303037       34.8015345850916873
     -35.4481438133734841     -110.7797641840763987       34.8498846879261563
     -34.9902053536592348     -110.7948943513664375       34.8990728911573598
     -34.5372435873568833     -110.8093785200816228       34.9489338053889966
     -34.0898349760471149     -110.8232053346942791       34.9993018194308974
     -33.6485411937326049     -110.8363671057175850       35.0500122140113106
     -33.2139077534999032     -110.8488600012371421       35.1009023396189903
     -32.7864624710929817     -110.8606837473803068       35.1518125905127334
     -32.3667141647235042     -110.8718417687665294       35.2025874600903066
     -31.9551512155261115     -110.8823407886301453       35.2530763594109331
     -31.5522403302219914     -110.8921908591350558       35.3031344996164833
     -31.1584252253640308     -110.9014049896471619       35.3526235730392173
     -30.7741253883619663     -110.9099989142945901       35.4014124158724783
     -30.3997349880497296     -110.9179909263778967       35.4493776147991397
     -30.0356217439198971     -110.9254012976839050       35.4964038842593013
     -29.6821260319796707     -110.9322523380403993       35.5423845498536721
     -29.3395598769375070     -110.9385677401755288       35.5872217067758427
     -29.0082061284593173     -110.9443724164589895       35.6308264419344880
     -28.6883177044678916     -110.9496923066013494       35.6731189579323029
     -28.3801168157186900     -110.9545537829012289       35.7140284839864179
     -28.0837943883540255     -110.9589836349034329       35.7534932954396254
     -27.7995095094415312     -110.9630087816853745       35.7914605755003308
     -27.5273889199752837     -110.9666558280009667       35.8278861635457773
     -27.2675266657844411     -110.9699510236660132       35.8627343782502379
     -27.0199838157238510     -110.9729201324996666       35.8959777646832023
     -26.7847882245670057     -110.9755880743465326       35.9275967289006530
     -26.5619344248807998     -110.9779788120781632       35.9575792202372426
     -26.3513836274900264     -110.9801153707168027       35.9859204325876050
     -26.1530637902407612     -110.9820196886721391       36.0126224331858538
     -25.9668697793116650     -110.9837124696568225       36.0376937765402801
     -25.7926636283943616     -110.9852131554510919       36.0611491517324438
     -25.6302748899166311     -110.9865399276848592       36.0830090413172968
     -25.4795010813788316     -110.9877097491526428       36.1032993993597344
     -25.3401082081843079     -110.9887383119636297       36.1220513085455863
     -25.2118313819198931     -110.9896400455300522       36.1393006683691951
     -25.0943755289774266     -110.9904281587141242       36.1550879076325629
     -24.9874161840725044     -110.9911146902493897       36.1694577136318642
     -24.8906003662614346     -110.9917105664348895       36.1824587777818110
     -24.8035475349308001     -110.9922256658755231       36.1941435570195864
     -24.7258506234853748     -110.9926688949421845       36.2045680510324388
     -24.6570771455587305     -110.9930482535237246       36.2137915870353950
     -24.5967708667076757     -110.9933668247860652       36.2218890511909422
     -24.5446645839109259     -110.9918751875886471       36.2342728598948867
     -24.5003495864892251     -110.9878113299097890       36.2533427845056337
     -24.4632112935081771     -110.9819450026566159       36.2768325322214764
     -24.4326398947896273     -110.9748506074253669       36.3030739010769068
     -24.4080231589139132     -110.9669790812496615       36.3307785726010692
     -24.3887431921425986     -110.9586973053183243       36.3589180836858645
     -24.3741750839748548     -110.9503121791913287       36.3866501833228568
     -24.3636864982348200     -110.9420871556035451       36.4132680249521385
     -24.3566376882079041     -110.9342555391404090       36.4381591978972850
     -24.3523815351272042     -110.9270338469433028       36.4607646398264507
     -24.3502631073751168     -110.9206393779332132       36.4805249110874712
     -24.3496179038862905     -110.9153189158002419       36.4967929195895735
     -24.3498180004012177     -110.9109788485790915       36.5099505147384562
