  -65.911601172269258        86.044379568230951       -28.095832709979721     
  -64.387601172269257        86.101948104825979       -28.114630404627487     
  -62.863601172269256        86.159516641421007       -28.133428099275253     
  -61.339601172269255        86.217085178016035       -28.152225793923019     
  -55.234147984098904        86.447716415084571       -28.227533172346543     
  -55.226293661116081        86.448013109231596       -28.227630051063798     
  -55.215011363300576        86.448439871155955       -28.227769400451798     
  -55.199699719904004        86.449020135511461       -28.227958872563018     
  -55.179768198204762        86.449777359084081       -28.228206126676533     
  -55.154638687812593        86.450735092784598       -28.228518852804921     
  -55.123747050577464        86.451917067905555       -28.228904799857396     
  -55.086544632014963        86.453347295358100       -28.229371808037012     
  -55.042499730210636        86.455050175141167       -28.229927844568156     
  -54.991099018315055        86.457050613949548       -28.230581042057114     
  -54.931848916861668        86.459374123095117       -28.231339730371438     
  -54.864276912274597        86.462039553983701       -28.232210064375998     
  -54.787932818081003        86.465064772504533       -28.233197876378110     
  -54.702389975498470        86.468472357478120       -28.234310536073561     
  -54.607246390235737        86.472285236933516       -28.235555524310655     
  -54.502125802522471        86.476526830601102       -28.236940477250386     
  -54.386678687570900        86.481221204039230       -28.238473232720871     
  -54.260583183869720        86.486393230935036       -28.240161876759416     
  -54.123545944453603        86.492068708279945       -28.242014771034341     
  -53.975302905952269        86.498274356761286       -28.244040537310983     
  -53.815619989086905        86.505038022783978       -28.246248099899400     
  -53.644293716285105        86.512388815166346       -28.248646695725125     
  -53.461151745982868        86.520357191291637       -28.251245852637044     
  -53.266053323591791        86.528975011262872       -28.254055336515435     
  -53.058889643504010        86.538275468670221       -28.257085030243747     
  -52.839584127470694        86.548293004081046       -28.260344770082721     
  -52.608092625327544        86.559063315736466       -28.263844165160148     
  -52.364403526372989        86.570623254749989       -28.267592315642798     
  -52.108537772472800        86.583010446096566       -28.271597358397855     
  -51.840548781466254        86.596262786269122       -28.275865864056623     
  -51.560522321730602        86.610418544159842       -28.280402288860920     
  -51.268576285214777        86.625516122351698       -28.285208127011902     
  -50.964860347579247        86.641593302665271       -28.290280643407254     
  -50.649555595317203        86.658687289043598       -28.295611684060937     
  -50.322874060612435        86.676834564456811       -28.301186760900482     
  -49.985058108610524        86.696069657856569       -28.306984365708011     
  -49.636379802188337        86.716424805447033       -28.312976197050723     
  -49.277140161898082        86.737929186265006       -28.319127906805885     
  -48.907668287941235        86.760607189708210       -28.325400077853260     
  -48.528320498854988        86.784478113072510       -28.331749988035522     
  -48.139479316272080        86.809554590857317       -28.338133032648386     
  -47.741552424899432        86.835841769047349       -28.344504278922344     
  -47.334971589706903        86.863336863217882       -28.350819932847767     
  -46.920191459809445        86.892027952075026       -28.357038281326119     
  -46.497688410340537        86.921894453963674       -28.363120560022718     
  -46.067959259821293        86.952909016935934       -28.369031575145595     
  -45.631520013032628        86.985041923908625       -28.374741046183804     
  -45.188904505938353        87.018255940852612       -28.380221866092757     
  -44.740663039508036        87.052506126172943       -28.385449966806515     
  -44.287360966487995        87.087739726993064       -28.390404175355911     
  -43.829577235227106        87.123896729859467       -28.395066237343773     
  -43.367902921128824        87.160910079031311       -28.399420675713934     
  -42.902939699497431        87.198706322149107       -28.403454734278874     
  -42.435298335225333        87.237206127518135       -28.407158222094555     
  -41.965597094912532        87.276325041144844       -28.410523385458724     
  -41.494460202925509        87.315974189546409       -28.413544713956508     
  -41.022516199454806        87.356061123771156       -28.416218753367449     
  -40.550396376927175        87.396490657121362       -28.418543885588704     
  -40.078733088283776        87.437165715542406       -28.420520155799984     
  -39.608158174856740        87.477988212543991       -28.422149261361120     
  -39.139301229122943        87.518859774158329       -28.423434548820719     
  -38.672788029161595        87.559682652588705       -28.424381066627799     
  -38.209238773157686        87.600360327770261       -28.424995510067546     
  -37.749266533564430        87.640798442436378       -28.425286270647007     
  -37.293475482431425        87.680905231589165       -28.425263318791977     
  -36.842459376042534        87.720592435234536       -28.424938243816470     
  -36.396799796478781        87.759775532094693       -28.424324074847753     
  -35.957064675538675        87.798374581556018       -28.423435303683654     
  -35.523806586533148        87.836314274350357       -28.422287655868850     
  -35.097561309230699        87.873524631013396       -28.420898080567369     
  -34.678846219498219        87.909940947057009       -28.419284504155947     
  -34.268158884704086        87.945504230980092       -28.417465756274538     
  -33.865975612731681        87.980161202878321       -28.415461363884145     
  -33.472750056803861        88.013864266770184       -28.413291349942387     
  -33.088911978855975        88.046571756518972       -28.410976116382805     
  -32.714865884457076        88.078247456922611       -28.408536102160387     
  -32.350989988802866        88.108861092970400       -28.405991778319258     
  -31.997634984369988        88.138387604114783       -28.403363278613540     
  -31.655123073781340        88.166807214506932       -28.400670315494466     
  -31.323747042352199        88.194105272169111       -28.397932046588231     
  -31.003769313039232        88.220271607557379       -28.395166813129649     
  -30.695421266719691        88.245300729472817       -28.392392171675787     
  -30.398902516678891        88.269191310713396       -28.389624718588149     
  -30.114380283412078        88.291945716821360       -28.386879949467289     
  -29.841988964134728        88.313570085589618       -28.384172313185214     
  -29.581829705162953        88.334073873206080       -28.381515109457400     
  -29.333970070097685        88.353469407019446       -28.378920402287079     
  -29.098443860958870        88.371771791440167       -28.376399057464241     
  -28.875251027985481        88.388998771373210       -28.373960774376936     
  -28.664357627548927        88.405170284113154       -28.371614024142808     
  -28.465695910870792        88.420308254522567       -28.369366070879821     
  -28.279164517437987        88.434436468313393       -28.367223023962609     
  -28.104628767026988        88.447580488962657       -28.365189905794363     
  -27.941921019607829        88.459767387796191       -28.363270656927362     
  -27.790841141426771        88.471025596263914       -28.361468176512727     
  -27.651157066395111        88.481384807872701       -28.359784374010029     
  -27.522605446280778        88.490875892991610       -28.358220219986890     
  -27.404892389221402        88.499530840782384       -28.356775800426718     
  -27.297694281531975        88.507382702114938       -28.355450366206224     
  -27.200658686944095        88.514465501450985       -28.354242367893708     
  -27.113405328982779        88.520814195623018       -28.353149501375864     
  -27.035527149918309        88.526464644771949       -28.352168753948071     
  -26.966591442506694        88.531453588422821       -28.351296449556550     
  -26.906141051127982        88.535818664004296       -28.350528305940117     
  -26.853695640298739        88.539614608766811       -28.349864595072695     
  -26.808753021015846        88.542885643510161       -28.349301484110640     
  -26.770790537567915        88.545661683178864       -28.348829892860689     
  -26.739266510492662        88.547975976434159       -28.348441109963940     
  -26.713621727687123        88.549864723298370       -28.348126726401230     
  -26.693280981096386        88.551366698465060       -28.347878572239551     
  -26.677654644552550        88.552522884724624       -28.347688657940378     
  -26.666140288239454        88.553376120722163       -28.347549121422848     
  -26.658124325177837        88.553970766975652       -28.347452181954917     
  -26.652983685059240        88.554352393745802       -28.347390101827298     
  -26.650087510707063        88.554567493970083       -28.347355156640671     
  -26.648798872408840        88.554663224056469       -28.347339614906147     
  -20.552476495346063        89.007545517402363       -28.273814387475305     
  -19.028476495346062        89.120760103569253       -28.255434052631760     
  -17.504476495346061        89.233974689736144       -28.237053717788214     
  -15.980476495346062        89.347189275903034       -28.218673382944669     
