     -29.1606860682728701       51.5616172046087300      -13.1256938479337659
     -29.1570402987311752       51.5579166677604519      -13.1383674268292978
     -29.1533912620747344       51.5533887811192528      -13.1542690682747203
     -29.1502426919500799       51.5479595235422892      -13.1739314423696570
     -29.1484035278089557       51.5418451380201432      -13.1969017472720260
     -29.1486504856890321       51.5352366752640947      -13.2228097593444680
     -29.1517526831461389       51.5283248063537229      -13.2512840198973354
     -29.1584862073833833       51.5213152725162189      -13.2819001508448089
     -29.1696449214902209       51.5144408962255227      -13.3141412870436060
     -29.1860512810475292       51.5079737147301131      -13.3473586413359584
     -29.2085701650450176       51.5022400879430364      -13.3807226663855481
     -29.2381296423723569       51.4976425195400580      -13.4131523657146268
     -29.2757557759092322       51.4946949723570455      -13.4432002002185307
     -29.3226370767501834       51.4940865833393815      -13.4688429898628499
     -29.3785409074341608       51.4951598332870759      -13.4925057825367194
     -29.4423085630099095       51.4963785842596380      -13.5194830107592026
     -29.5143643939506077       51.4977436883678124      -13.5499678999459228
     -29.5951150632840445       51.4992584843443097      -13.5841326146840089
     -29.6849448603061568       51.5009251711289124      -13.6221396138174278
     -29.7842148327839702       51.5027447950510862      -13.6641411205931824
     -29.8932620026535751       51.5047172643745910      -13.7102785698663272
     -30.0123986679963650       51.5068413957669051      -13.7606820237856073
     -30.1419117938434553       51.5091149969292488      -13.8154695488410635
     -30.2820624941841672       51.5115349891512864      -13.8747465491637278
     -30.4330856072093923       51.5140975729862802      -13.9386050531885051
     -30.5951893651812661       51.5167984396060845      -14.0071229530243997
     -30.7685551593893898       51.5196330296972818      -14.0803631980592456
     -30.9533373995057879       51.5225968409940620      -14.1583729464762094
     -31.1496634653408044       51.5256857847013165      -14.2411826804947150
     -31.3576337303719690       51.5288965888131827      -14.3288052898358576
     -31.5773215854048281       51.5322272364669161      -14.4212351381938788
     -31.8087735507390761       51.5356774334341310      -14.5184471798677386
     -32.0520094877441579       51.5392491069741467      -14.6203961248165939
     -32.3070228618013786       51.5429469304209462      -14.7270156490195241
     -32.5737810455617520       51.5467788660591921      -14.8382176686867222
     -32.8522256555444798       51.5507566884913402      -14.9538916899323091
     -33.1422731034759508       51.5548947675621250      -15.0739037537652276
     -33.4438151303325952       51.5592090726009289      -15.1980955496416446
     -33.7567189464954254       51.5637196343653130      -15.3262846849343664
     -34.0808275612713913       51.5684511580182487      -15.4582646031475424
     -34.4159601102047858       51.5734333914070078      -15.5938046294352954
     -34.7619121477297668       51.5787014410994402      -15.7326502209128076
     -35.1184558970620770       51.5842960229764955      -15.8745234383793186
     -35.4853404508892467       51.5902636339965710      -16.0191236538758730
     -35.8622919184087863       51.5966566318699833      -16.1661285059312796
     -36.2490135175386570       51.6035332099018049      -16.3151951117003158
     -36.6451857463000508       51.6109572665104253      -16.4659615643580253
     -37.0504669560548692       51.6189982202723812      -16.6180486661122444
     -37.4644937825044124       51.6277307648799493      -16.7710616529137617
     -37.8868814233241622       51.6372345227813767      -16.9245920171148114
     -38.3172239139578039       51.6475935913599784      -17.0782194919691861
     -38.7550944111536495       51.6588959789953037      -17.2315141901004765
     -39.2000454916501226       51.6712329299837450      -17.3840388853106376
     -39.6516094746054506       51.6846981392056719      -17.5353514256338556
     -40.1092987774843976       51.6993868595040666      -17.6850072641147591
     -40.5726063161338217       51.7153949069542449      -17.8325620924034070
     -41.0410059606657640       51.7328175715211742      -17.9775745609029443
     -41.5139530594856367       51.7517484429754688      -18.1196090678743857
     -41.9908850443190786       51.7722781643243124      -18.2582385985889353
     -42.4712221293627579       51.7944931273546203      -18.3930475943166307
     -42.9543681176761893       51.8184741271243965      -18.5236348296507636
     -43.4397110220412941       51.8442949656933507      -18.6496162305464459
     -43.9266206087556554       51.8720206619825817      -18.7706275674568310
     -44.4144440280840556       51.9017073538628608      -18.8863293544807931
     -44.9025052014347708       51.9334011911163529      -18.9964125510500317
     -45.3901081179564088       51.9671326070838830      -19.1006024674659898
     -45.8765384258258706       52.0029137493405926      -19.1986634938007299
     -46.3610651735322179       52.0407364294683816      -19.2904036052994137
     -46.8429428942107364       52.0805703246168576      -19.3756784466063046
     -47.3214139773346645       52.1223614728655065      -19.4543949213285039
     -47.7957112350701010       52.1660310904624964      -19.5265142290171667
     -48.2650605204871610       52.2114747190160102      -19.5920543149765045
     -48.7286831812691048       52.2585616821227887      -19.6510917323939616
     -49.1858015135106612       52.3071540388441321      -19.7037132545448124
     -49.6356561133791416       52.3572250246705195      -19.7497092168818256
     -50.0774771076236433       52.4087640072338843      -19.7888158826494944
     -50.5104853453564502       52.4617082705508935      -19.8208960743751703
     -50.9339273131810799       52.5159480146202142      -19.8459389441907064
     -51.3470982740589150       52.5713334636888945      -19.8640502938816681
     -51.7493621163882480       52.6276833765890828      -19.8754386010698951
     -52.1401692318484251       52.6847947051461887      -19.8803977905050324
     -52.5190690297750038       52.7424524501195933      -19.8792877119827551
     -52.8857133845542151       52.8004384337768897      -19.8725140167037360
     -53.2398490075811637       52.8585377643524126      -19.8605096729307675
     -53.5813003714823779       52.9165423789199920      -19.8437202582821257
     -53.9099482689320553       52.9742519612631639      -19.8225942201515828
     -54.2257083498030141       53.0314729630495449      -19.7975779241856671
     -54.5285085786145842       53.0880157413276450      -19.7691150800576878
     -54.8182843241423541       53.1436930686799727      -19.7376495012853965
     -55.0949852996939029       53.1983208345899286      -19.7036266647616429
     -55.3585813642344888       53.2517193842531782      -19.6674929903277516
     -55.6090650432271048       53.3037149927301002      -19.6296934464668666
     -55.8464545147158802       53.3541416725870192      -19.5906681613289706
     -56.0707961218272715       53.4028430657237010      -19.5508484064325216
     -56.2821663008892941       53.4496742929253301      -19.5106522650177752
     -56.4806730124102145       53.4945036829926934      -19.4704802396235763
     -56.6664567414002960       53.5372143231907316      -19.4307110015470741
     -56.8396911214418665       53.5777053897715732      -19.3916974422891322
     -57.0005832293135626       53.6158932318661172      -19.3537631507820436
     -57.1493735915304200       53.6517121943459543      -19.3171994083659087
     -57.2863359396460865       53.6851151755155840      -19.2822627651391088
     -57.4117767470035503       53.7160739238717326      -19.2491732359388159
     -57.5260345756138065       53.7445790848273219      -19.2181131315569367
     -57.6294792579846700       53.7706400134258331      -19.1892265207676083
     -57.7225109351010914       53.7942843728535181      -19.1626193012984736
     -57.8055589684753812       53.8155575411846101      -19.1383598430120081
     -57.8790807413293322       53.8345218504559639      -19.1164801542554059
     -57.9435603616865578       53.8518497086300556      -19.0953023467875873
     -57.9995072775895011       53.8682850191813571      -19.0729475104142203
     -58.0474548148610694       53.8837600893628235      -19.0498317775812041
     -58.0879586447129626       53.8982226888643012      -19.0263397340436455
     -58.1215951887292661       53.9116362543760843      -19.0028229052032209
     -58.1489599685740615       53.9239773059800029      -18.9796060592352589
     -58.1706659069334506       53.9352329381003130      -18.9569932860287302
     -58.1873415860814163       53.9453981302392833      -18.9352745906801125
     -58.1996294703401489       53.9544725328613168      -18.9147339973300355
     -58.2081840985947210       53.9624561551119797      -18.8956608138646480
     -58.2136702529107524       53.9693428348505293      -18.8783672724869227
     -58.2167611091885817       53.9751090253855637      -18.8632196174694720
     -58.2181363756620485       53.9796928421862603      -18.8506971350118739
     -58.2184804249117889       53.9832988477025069      -18.8405178927828274
     -58.2181363756620485       53.9868096769617694      -18.8303054334290216
     -58.2167611091885817       53.9910130534329440      -18.8176501748538350
     -58.2136702529107524       53.9959242620879749      -18.8022041256709329
     -58.2081840985947210       54.0012935258749494      -18.7843809963836748
     -58.1996294703403549       54.0069113925905242      -18.7644821490474065
     -58.1873415860833632       54.0125884082410863      -18.7427558458315602
     -58.1706659069468088       54.0181445517330374      -18.7194285629121637
     -58.1489599686456273       54.0234033704343091      -18.6947228633143219
     -58.1215951890457987       54.0281883468621515      -18.6688688985662949
     -58.0879586459127708       54.0323203724720429      -18.6421127525792869
     -58.0474548188674788       54.0356157504081196      -18.6147232765384594
     -57.9995072896181156       54.0378843774912738      -18.5869984086963065
     -57.9435603946674433       54.0389278453914841      -18.5592717157027067
     -57.8790808249204005       54.0385402234875301      -18.5319110789876191
     -57.8055591676648106       54.0373082631825739      -18.5029827293240423
     -57.7225113869143058       54.0357496143429117      -18.4707547406048995
     -57.6294802383638327       54.0337956000476538      -18.4352133433671312
     -57.5260366189957821       54.0313682231844794      -18.3963837396627312
     -57.4117808520529636       54.0283800613983374      -18.3543314536687987
     -57.2863439118016800       54.0247343720775390      -18.3091631437045201
     -57.1493885962321428       54.0203254269434581      -18.2610268085667151
     -57.0006106604981611       54.0150390924412989      -18.2101113258189891
     -56.8397399293847556       54.0087536686922007      -18.1566452650846273
     -56.6665414133950094       54.0013409964994651      -18.1008949252067914
     -56.4808164601345197       53.9926678390773986      -18.0431615499887279
     -56.2824039805517415       53.9825975430863920      -17.9837776826668687
     -56.0711817983841954       53.9709919825469484      -17.9231026237564777
     -55.8470681812310588       53.9577137896546262      -17.8615169597703627
     -55.6100236238289583       53.9426288789020418      -17.7994161306951710
     -55.3600529699317079       53.9256092758640690      -17.7372030009003403
     -55.0972079815669957       53.9065362704161828      -17.6752793898214939
     -54.8215904984552367       53.8853039274136876      -17.6140365031107820
     -54.5333566058324166       53.8618230318985454      -17.5538441863991999
     -54.2327232208566272       53.8360256738771170      -17.4950389129750903
     -53.9199741766867930       53.8078702446697292      -17.4379101931244946
     -53.5954677504089005       53.7773471613404723      -17.3826851668447055
     -53.2596338531177196       53.7444834736309360      -17.3295116266730282
     -52.9129524077757409       53.7093438418691207      -17.2784435105069285
     -52.5559309296620540       53.6720296903636864      -17.2294317669767487
     -52.1890801657641603       53.6326763756823297      -17.1823207008695782
     -51.8128920500426773       53.5914489321129821      -17.1368501076893516
     -51.4278253960139295       53.5485374610779914      -17.0926624035177319
     -51.0343016194185850       53.5041530321933791      -17.0493130519879550
     -50.6327091958155506       53.4585244537840723      -17.0062824670724524
     -50.2234136858440152       53.4118958220713509      -16.9629880858659199
     -49.8067702286996123       53.3645245488045532      -16.9187959997483297
     -49.3831400144742716       53.3166800481312038      -16.8730321744037148
     -48.9529202066690132       53.2686445928115617      -16.8249927921041049
     -48.5165420029889205       53.2206548352836748      -16.7741276541989599
     -48.0744388850643887       53.1728202723897780      -16.7202851916715645
     -47.6270608615186219       53.1252252642667955      -16.6633977852011910
     -47.1748767761996675       53.0779457238270140      -16.6034302042311523
     -46.7183736550571638       53.0310493548659423      -16.5403787303049512
     -46.2580563023593996       52.9845959991482474      -16.4742701256517350
     -45.7944469561589642       52.9386380903766280      -16.4051603589997157
     -45.3280848741209894       52.8932212099646648      -16.3331330345607988
     -44.8595257620643935       52.8483847365607033      -16.2582974951414165
     -44.3893409879407272       52.8041625783991506      -16.1807865905596131
     -43.9181165477996700       52.7605839748610350      -16.1007541199678847
     -43.4464515630971562       52.7176746554252915      -16.0183720645475844
     -42.9749543151051583       52.6754608153801485      -15.9338283575743134
     -42.5042380907263890       52.6339683424941853      -15.8473229523833297
     -42.0349175851785333       52.5932207696949803      -15.7590647973823117
     -41.5676068429504966       52.5532393720584707      -15.6692705451474410
     -41.1029174251955070       52.5140433141340282      -15.5781633109585869
     -40.6414565414749447       52.4756497958070867      -15.4859713944390389
     -40.1838251603391043       52.4380741953372649      -15.3929269735163032
     -39.7306161131366906       52.4013302083129417      -15.2992647802890644
     -39.2824122050914255       52.3654299813682016      -15.2052207686548311
     -38.8397843471103741       52.3303842396150571      -15.1110307837235815
     -38.4032897210307311       52.2962024068527427      -15.0169292431146140
     -37.9734699901081640       52.2628927177236378      -14.9231478402081787
     -37.5508495655349677       52.2304623210932419      -14.8299142793011480
     -37.1359339386845519       52.1989173740359647      -14.7374510523974358
     -36.7292080876393001       52.1682631259109897      -14.6459742670498709
     -36.3311349688722913       52.1385039923472533      -14.5556925351275783
     -35.9421542554416291       52.1096436340773650      -14.4668059529024955
     -35.5626813487498410       52.0816850722695150      -14.3795050748789102
     -35.1931060982763313       52.0546307903331780      -14.2939697813887463
     -34.8337915083734018       52.0284827981885556      -14.2103682692163282
     -34.4850725642688900       52.0032426631224567      -14.1288562239337470
     -34.1472551806853275       51.9789115100943633      -14.0495761730469866
     -33.8206152740246182       51.9554899948171638      -13.9726570152070568
     -33.5053979577619998       51.9329782532973852      -13.8982137175807434
     -33.2018168595847243       51.9113758317449410      -13.8263471707355290
     -32.9100535579006248       51.8906816008601197      -13.7571441881169338
     -32.6302571422294392       51.8708935902963830      -13.6906776174141349
     -32.3625440711400572       51.8520071569127623      -13.6270061304369854
     -32.1069979030694697       51.8340152616879450      -13.5661746742388392
     -31.8636689232872037       51.8169106168103752      -13.5082154862608164
     -31.6325741214261029       51.8006855926502396      -13.4531485757985543
     -31.4136972791360414       51.7853320058345332      -13.4009822206346296
     -31.2069891486602202       51.7708409144854897      -13.3517134956044838
     -31.0123676764984424       51.7572024207572667      -13.3053288134924479
     -30.8297182794781577       51.7444054786203864      -13.2618044934238988
     -30.6588942718192783       51.7324377203497292      -13.2211073575414577
     -30.4997173816323652       51.7212853075213346      -13.1831953032678637
     -30.3519783376561101       51.7109328073177181      -13.1480178385390829
     -30.2154375240888093       51.7013630946001896      -13.1155165769160487
     -30.0898257017995654       51.6925572796964445      -13.0856256913052889
     -29.9748447944796617       51.6844946613627840      -13.0582723267549188
     -29.8701687383528451       51.6771527039032463      -13.0333769744489416
     -29.7754443938277511       51.6705070369508732      -13.0108538105884115
     -29.6902925169586034       51.6645314759501417      -12.9906110052839789
     -29.6143087879526945       51.6591980609648687      -12.9725510078032116
     -29.5470648935358398       51.6544771111471519      -12.9565708153700232
     -29.4881059203656619       51.6503338219136481      -12.9425741450959073
     -29.4353512304605225       51.6452442186590233      -12.9355693902483679
     -29.3876069069614339       51.6385252894618105      -12.9376707592657993
     -29.3450634060435824       51.6307914992055359      -12.9465163396319731
     -29.3077138612462456       51.6224879389408358      -12.9603113506869736
     -29.2754211910339031       51.6139531240077147      -12.9776194941433136
     -29.2479556496250801       51.6054534320688489      -12.9972483575373339
     -29.2250184274887523       51.5972041010075912      -13.0181792743917075
     -29.2062583972070371       51.5893835817758699      -13.0395190903194980
     -29.1912859193811833       51.5821449980335061      -13.0604613896648960
     -29.1796867056478071       51.5756275762823932      -13.0802476483708237
     -29.1710395038712065       51.5699716179654217      -13.0981163301732000
     -29.1649438929214284       51.5653429465234368      -13.1132199144383943
     -29.1606860682728701       51.5616172046087300      -13.1256938479337659
