  -60.808531123604958        45.833700005583175        142.22552392700743     
  -59.284531123604957        45.808830050414763        142.14835052832495     
  -57.760531123604963        45.783960095246350        142.07117712964248     
  -56.236531123604962        45.759090140077937        141.99400373096000     
  -50.127356570956650        45.659395325615748        141.68464299383905     
  -50.116410362500069        45.659216695882428        141.68408869193007     
  -50.100686848045349        45.658960256106788        141.68329293942818     
  -50.079348055145168        45.658612517978234        141.68221388105985     
  -50.051571194075620        45.658160352366806        141.68081077611518     
  -50.016550889838683        45.657591059230072        141.67904421536943     
  -49.973501368688133        45.656892439627669        141.67687634453196     
  -49.921658593088921        45.656052868978080        141.67427109151382     
  -49.860282339143389        45.655061370620288        141.67119439455197     
  -49.788658210656806        45.653907688692946        141.66761442800677     
  -49.706099584227864        45.652582349436059        141.66350179179176     
  -49.611949480050086        45.651073900158430        141.65882094199719     
  -49.505582352711770        45.649371097703202        141.65353697852504     
  -49.386405797156293        45.647465101641750        141.64762244441107     
  -49.253862165011149        45.645347812849160        141.64105215884439     
  -49.107430086669503        45.643011934416052        141.63380338627275     
  -48.946625894827235        45.640451035829187        141.62585600216454     
  -48.771004945135530        45.637659623521003        141.61719265768224     
  -48.580162823201206        45.634633268304874        141.60779908952219     
  -48.373736445209744        45.631368718307307        141.59766433876709     
  -48.151405053359227        45.627863972130513        141.58678078039205     
  -47.912891091509046        45.624118401115950        141.57514421246347     
  -47.657960961651803        45.620132914445271        141.56275395032915     
  -47.386425659142752        45.615910182833964        141.54961292875078     
  -47.098141293279589        45.611454856979428        141.53572755460576     
  -46.793009483602539        45.606773888461170        141.52110756833716     
  -46.470977621458488        45.601877057341362        141.50576614037485     
  -46.132039028276111        45.596777504516368        141.48971945112297     
  -45.776232989164598        45.591492483099607        141.47298625839312     
  -45.403644628125498        45.586044646075280        141.45558822588814     
  -45.014404736538090        45.580463210463051        141.43754868407055     
  -44.608689535960458        45.574785308226019        141.41889040046601     
  -44.186720303832423        45.569058168223094        141.39963384007993     
  -43.748762810337382        45.563342263763943        141.37979692972615     
  -43.295126641138580        45.557713401701520        141.35939439833334     
  -42.826164362172058        45.552263225086818        141.33843712139526     
  -42.342270472702900        45.547098497805031        141.31693289976906     
  -41.843880251776405        45.542338289582467        141.29488623293844     
  -41.331468405595771        45.538110135350614        141.27229945640394     
  -40.805547598576098        45.534545302133843        141.24917373124811     
  -40.266666859942681        45.531774033973548        141.22551051555428     
  -39.715409917427053        45.529921004384583        141.20131268419567     
  -39.152393454525665        45.529101356009100        141.17658564224647     
  -38.578265299010333        45.529417478981365        141.15133837014440     
  -37.993702603118862        45.530957246913545        141.12558373021727     
  -37.399410001306428        45.533795023897994        141.09934152290020     
  -36.796117702353733        45.537993270877806        141.07264263200327     
  -36.184579514860090        45.543600921413876        141.04552330253847     
  -35.565570807476668        45.550653270206475        141.01802400800955     
  -34.939886423944209        45.559172193140512        140.99018904611407     
  -34.308338550220284        45.569166507287427        140.96206616217100     
  -33.671754538951845        45.580632476965427        140.93370617046196     
  -33.030974706156599        45.593554427328115        140.90516244262767     
  -32.386850088023188        45.607905602576075        140.87649070199248     
  -31.740240183165405        45.623649079432134        140.84774855857373     
  -31.092010743333873        45.640738253492515        140.81899336290547     
  -30.443031486328781        45.659118010501317        140.79028187217733     
  -29.794173793072481        45.678726046207487        140.76167014519604     
  -29.146308391727022        45.699494137648770        140.73321366095212     
  -28.500303068139765        45.721348707804530        140.70496654984771     
  -27.857020372487547        45.744211322831077        140.67698110596902     
  -27.217315337664289        45.767999233925842        140.64930741062986     
  -26.582033219667888        45.792625942269332        140.62199299657846     
  -25.952007265742310        45.818001764189418        140.59508250117139     
  -25.328056512871598        45.844034415542701        140.56861738683125     
  -24.710983606657489        45.870629789351113        140.54263626714601     
  -24.101572676201798        45.897692592871280        140.51717483419728     
  -23.500587261880117        45.925126922545680        140.49226564509516     
  -22.908768303157995        45.952836757996593        140.46793772085951     
  -22.326832168062168        45.980726635131518        140.44421677059324     
  -21.755468751307379        46.008702245148626        140.42112527162564     
  -21.195339639360384        46.036671034053683        140.39868264377714     
  -20.647076347564337        46.064542770711689        140.37690543592115     
  -20.111278644118929        46.092230008027869        140.35580727434998     
  -19.588512935973800        46.119648814834100        140.33539962173396     
  -19.079310760099197        46.146719277325808        140.31569188619946     
  -18.584167398616223        46.173365447960641        140.29669005602250     
  -18.103540547406222        46.199515783176764        140.27839705539725     
  -17.637849100577998        46.225103319561228        140.26081250439367     
  -17.187471996658832        46.250066254851099        140.24393393033122     
  -16.752747190002474        46.274348326879689        140.22775754359705     
  -16.333970725726797        46.297898968231941        140.21227852385019     
  -15.931395955731334        46.320673128578541        140.19749046569120     
  -15.545232833892040        46.342631401958975        140.18338590877232     
  -15.175647347077488        46.363739883875006        140.16995617319554     
  -14.822761063827071        46.383970008534995        140.15719126499255     
  -14.486650758639181        46.403298842782839        140.14508124873470     
  -14.167348205218847        46.421708943236453        140.13361637761153     
  -13.864840072366770        46.439188060806849        140.12278682430230     
  -13.579067947246832        46.455728869877845        140.11258253144075     
  -13.309928489282484        46.471328752224508        140.10299326098843     
  -13.057273693778118        46.485989436475343        140.09400825106715     
  -12.820911279534632        46.499716690197793        140.08561604219082     
  -12.600605199010808        46.512520100484295        140.07780454450295     
  -12.396076265613194        46.524412808369931        140.07056093008245     
  -12.207002896571034        46.535411203875405        140.06387136885260     
  -12.033021971195678        46.545534709976209        140.05772098984656     
  -11.873729801038262        46.554805597334699        140.05209389181420     
  -11.728683208627114        46.563248843720018        140.04697324571052     
  -11.597400715893508        46.570891917391037        140.04234112872933     
  -11.479363835105719        46.577764601984867        140.03817844984033     
  -11.374018458571273        46.583898868975020        140.03446498992136     
  -11.280776344583904        46.589328757934702        140.03117944488338     
  -11.199016695602907        46.594090276146403        140.02829951488118     
  -11.128087823129574        46.598227405313033        140.02582046509823     
  -11.067308899476524        46.601781578184983        140.02372367254424     
  -11.015971786449319        46.604790140873384        140.02197237962062     
  -10.973342936184983        46.607292900155237        140.02053191027451     
  -10.938665362144317        46.609331871587194        140.01936932350577     
  -10.911160673682623        46.610951027958819        140.01845308076076     
  -10.890031168731291        46.612196050817481        140.01775273497634     
  -10.874461978987346        46.613114087547245        140.01723864782306     
  -10.863623261889995        46.613753516070815        140.01688174023101     
  -10.856672433532157        46.614163719111218        140.01665328077127     
  -10.852756436538632        46.614394869779623        140.01652471590918     
  -10.851014036840537        46.614497730059796        140.01646754554056     
  -4.7545781431901197        46.974392824600940        139.81643566554635     
  -3.2305781431901188        47.064360165133785        139.76643127110520     
  -1.7065781431901197        47.154327505666629        139.71642687666406     
 -0.18257814319011878        47.244294846199473        139.66642248222291     
