     -20.3222679896756020       31.7598379803104578       98.1821981104939425
     -20.3224959658793694       31.7755341301778600       98.1771077672279802
     -20.3238397264592798       31.7948790738865235       98.1707762530044050
     -20.3270598099960793       31.8182845191519164       98.1630290326964570
     -20.3329238227572127       31.8449333192609316       98.1540888800345499
     -20.3421910863964648       31.8741135794418469       98.1441452439377144
     -20.3556116337746218       31.9051146036111604       98.1333881415582994
     -20.3739248270898869       31.9371629422674168       98.1220291382686867
     -20.3978578528602199       31.9693735591614576       98.1103174797415534
     -20.4281242483290129       32.0007011601073472       98.0985562027498617
     -20.4654225832922485       32.0298797873680527       98.0871220626448661
     -20.5104354574073291       32.0553351544533314       98.0764942873390027
     -20.5638290985138781       32.0750415924832595       98.0673012387849781
     -20.6262541834809880       32.0862617440853768       98.0604049604459362
     -20.6982815148522015       32.0918220413115876       98.0548492804218199
     -20.7804200459166353       32.0981399929940281       98.0485021085230954
     -20.8732146091163244       32.1052696939995457       98.0413095437463369
     -20.9771811055180670       32.1132474947088369       98.0332233496070415
     -21.0928049286884622       32.1221066020155845       98.0241961039301373
     -21.2205396184648265       32.1318768459058859       98.0141811970683392
     -21.3608056006786562       32.1425844499963560       98.0031328740346908
     -21.5139890163138467       32.1542517872669436       97.9910062662367807
     -21.6804406434734993       32.1668971154731764       97.9777573978527130
     -21.8604749155145619       32.1805343112322646       97.9633432251393543
     -22.0543690382677617       32.1951725970323679       97.9477216897669365
     -22.2623622100105720       32.2108162758003118       97.9308518274848723
     -22.4846549492920431       32.2274645127788943       97.9126940475181158
     -22.7214085235076730       32.2451110347985690       97.8932101801823507
     -22.9727444864804653       32.2637438408798971       97.8723635694765193
     -23.2387443304024757       32.2833449648409783       97.8501193220412944
     -23.5194492594356497       32.3038903519964720       97.8264448828745543
     -23.8148600518455780       32.3253495707860168       97.8013100724440960
     -24.1249370435975372       32.3476855916520734       97.7746872759968255
     -24.4496002633797502       32.3708548016119195       97.7465522746430366
     -24.7887296395236767       32.3948068435773209       97.7168844535477916
     -25.1421653203908342       32.4194844820995201       97.6856669777947673
     -25.5097081843928990       32.4448238395525337       97.6528879497816007
     -25.8911203553246949       32.4707542753137020       97.6185403314327260
     -26.2861259144097374       32.4971985995976382       97.5826226961810619
     -26.6944117183878475       32.5240733647900839       97.5451400120564642
     -27.1156282462169891       32.5512889568053012       97.5061036049120275
     -27.5493907166326899       32.5787502276256973       97.4655325087542366
     -27.9952800919623392       32.6063566358911743       97.4234530891734067
     -28.4528444356398644       32.6340030577165550       97.3799004110298085
     -28.9216000984955421       32.6615800884357697       97.3349178116122147
     -29.4010332771020195       32.6889749753024361       97.2885580835400390
     -29.8906013741301528       32.7160720707946950       97.2408829535998080
     -30.3897347598522494       32.7427538744308109       97.1919640635175597
     -30.8978382881071632       32.7689015908372809       97.1418822770607591
     -31.4142931889956358       32.7943962340299748       97.0907283767230922
     -31.9384587284323693       32.8191193048962901       97.0386022736233826
     -32.4696741577327828       32.8429538540196617       96.9856131629715463
     -33.0072605606536413       32.8657853210891915       96.9318788458390372
     -33.5505227614173904       32.8875024468752528       96.8775251247627551
     -34.0987513707900902       32.9079982767383257       96.8226853598889647
     -34.6512246332511964       32.9271709041344778       96.7674991857459474
     -35.2072105467692964       32.9449244514102730       96.7121118921260461
     -35.7659687681577907       32.9611697864914035       96.6566730321681149
     -36.3267526302147630       32.9758253162935304       96.6013353018720835
     -36.8888111840675279       32.9888177106449376       96.5462533015714968
     -37.4513910805822618       33.0000824646760549       96.4915819515833562
     -38.0137386226955201       33.0095645262899211       96.4374752637496186
     -38.5751015261318031       33.0172187473195464       96.3840847398428053
     -39.1347307113036749       33.0230103732778915       96.3315579627790726
     -39.6918822376577438       33.0269154418352286       96.2800371396136399
     -40.2458191061474153       33.0289210805441229       96.2296576712032277
     -40.7958131754148852       33.0290257324561054       96.1805468680285713
     -41.3411469616375911       33.0272392496298792       96.1328226656737712
     -41.8811154463129327       33.0235829564559040       96.0865926597065112
     -42.4150278757133918       33.0180895086071544       96.0419529694463279
     -42.9422094769459406       33.0108028059943308       95.9989876924908287
     -43.4620031893771426       33.0017776613214693       95.9577680836396638
     -43.9737713006378002       32.9910795057015847       95.9183522702585520
     -44.4768971854977053       32.9787270361327316       95.8808045859172893
     -44.9707874056302614       32.9643409088935968       95.8453159442908316
     -45.4548721020550204       32.9474231670470488       95.8121080266189580
     -45.9286063893914829       32.9275617183712015       95.7813623524732947
     -46.3914729661618139       32.9044326741475288       95.7532201131340486
     -46.8429841307708443       32.8777997952022645       95.7277817796032053
     -47.2826836993427904       32.8475130973421656       95.7051087743197826
     -47.7101486735366791       32.8135056836309431       95.6852242017597376
     -48.1249907427832468       32.7757899737568508       95.6681156632460556
     -48.5268572754286254       32.7344524574985130       95.6537370987956308
     -48.9154319188204525       32.6896480520003223       95.6420121855828000
     -49.2904347434828125       32.6415936134408113       95.6328373492774375
     -49.6516221679671759       32.5905609735625177       95.6260849191356641
     -49.9987868867053962       32.5368699231477194       95.6216072437050713
     -50.3317575941598605       32.4808804685112875       95.6192393576096293
     -50.6503993892759539       32.4229854530958761       95.6188031733867518
     -50.9546144316818896       32.3636027146100034       95.6201108088176994
     -51.2443424256687692       32.3031670682205245       95.6229675139271222
     -51.5195610220754432       32.2421227364685734       95.6271755394580794
     -51.7802860319252360       32.1809157435850395       95.6325370784602313
     -52.0265714916430966       32.1199865577291988       95.6388567133031984
     -52.2585096535456941       32.0597634603842678       95.6459444412570150
     -52.4762308326054949       32.0006563278507130       95.6536180466833912
     -52.6799031235407469       31.9430509589655180       95.6617049676924722
     -52.8697320055281423       31.8873040891079462       95.6700438803375448
     -53.0459598522368339       31.8337392194582307       95.6784862489163856
     -53.2088653240817777       31.7826431376502470       95.6868973879439579
     -53.3587626548288085       31.7342631954944743       95.6951571996989685
     -53.4960008361021693       31.6888053428826879       95.7031606034767890
     -53.6209627025344346       31.6464328982216685       95.7108176638191424
     -53.7340639335678674       31.6072661063436691       95.7180536825588462
     -53.8357519582465898       31.5713823332472430       95.7248089498814068
     -53.9265047704718015       31.5388168710327044       95.7310382564105282
     -54.0068296606071030       31.5095643065653164       95.7367102373327299
     -54.0772618670692324       31.4817302212498191       95.7424149598795395
     -54.1383631516444837       31.4531994889937216       95.7488130042159753
     -54.1907203024708366       31.4243916037317028       95.7557308586543741
     -54.2349435686970764       31.3956898426893396       95.7630077153829546
     -54.2716650310153241       31.3674397945151107       95.7704958012176775
     -54.3015369124212839       31.3399564969573845       95.7780578793923638
     -54.3252298336712087       31.3135313046583761       95.7855648508079014
     -54.3434310181432210       31.2884393063892396       95.7928931933628434
     -54.3568424507681698       31.2649483924007860       95.7999218819783636
     -54.3661789959167479       31.2433317946607865       95.8065281991027433
     -54.3721664792811552       31.2238876477599803       95.8125812848545308
     -54.3755397388431447       31.2069733699417462       95.8179308909935514
     -54.3770406501106791       31.1930708494009608       95.8223861389460438
     -54.3774161308846615       31.1818224498766021       95.8260292031288117
     -54.3770406501106791       31.1705841540165594       95.8297033172616892
     -54.3755397388431447       31.1567220255242567       95.8342826955348102
     -54.3721664792811552       31.1398985547608902       95.8399113642432070
     -54.3661789959167479       31.1206156808918664       95.8464600642035123
     -54.3568424507681769       31.0992507979404849       95.8538399354946904
     -54.3434310181432778       31.0761219589362625       95.8619813303373292
     -54.3252298336716919       31.0515222913300875       95.8708226727359119
     -54.3015369124238703       31.0257396077636258       95.8803041618592147
     -54.2716650310267994       30.9990690103913593       95.8903637794876289
     -54.2349435687405759       30.9718220344133428       95.9009344441599723
     -54.1907203026160857       30.9443341518720345       95.9119417165332777
     -54.1383631520806432       30.9169717359287546       95.9233016971709134
     -54.0772618682653317       30.8901393018572499       95.9349188459237752
     -54.0068296636392091       30.8642781223271463       95.9466865807032008
     -53.9265047776985043       30.8372893617257517       95.9593155458479856
     -53.8357519746424984       30.8072941232715003       95.9734435120946614
     -53.7340639691543913       30.7743064864212990       95.9890990239625665
     -53.6209627767283692       30.7383815866157200       96.0062978651630772
     -53.4960009852021159       30.6996171063514716       96.0250427837295746
     -53.3587629444887028       30.6581542106363401       96.0453234133023557
     -53.2088658694715377       30.6141778469216241       96.0671163606107541
     -53.0459608497184121       30.5679163271703906       96.0903853925173053
     -52.8697337811287298       30.5196402485508713       96.1150820579362914
     -52.6799062053285994       30.4696606366158065       96.1411465008342105
     -52.4762360563064476       30.4183262888204133       96.1685084704216422
     -52.2585183134191098       30.3660203055568445       96.1970885165822409
     -52.0265855518043878       30.3131557619474279       96.2267992001171137
     -51.7803084170179204       30.2601706832858177       96.2575467590525449
     -51.5195960105729895       30.2075222764871612       96.2892329554257458
     -51.2443961743319392       30.1556803923179189       96.3217568414656427
     -50.9546956661919737       30.1051202305581533       96.3550162487331505
     -50.6505203045332166       30.0563147463573834       96.3889101842880507
     -50.3319350195288706       30.0097264981903429       96.4233409882738073
     -49.9990437888895727       29.9657988912513886       96.4582157411501697
     -49.6519895915023639       29.9249474967461566       96.4934487202790763
     -49.2909542847429165       29.8875511221600618       96.5289634696393222
     -48.9161579180089916       29.8539426524565243       96.5646939762339542
     -48.5278573851329256       29.8244007233146604       96.6005873186950481
     -48.1263448775260585       29.7991414878797762       96.6366046264160730
     -47.7119462681661659       29.7783113698251292       96.6727226804989641
     -47.2850195275496645       29.7619806867152903       96.7089352427446869
     -46.8459533234795629       29.7501380451971329       96.7452534279186835
     -46.3951660163004291       29.7426861557340061       96.7817070126403678
     -45.9331048013686498       29.7394382919803135       96.8183440107234219
     -45.4602450868861396       29.7401163902366932       96.8552315791691854
     -44.9770897753189800       29.7443498873236365       96.8924551142777801
     -44.4841687015254266       29.7516762813919406       96.9301185579434446
     -43.9820383868436267       29.7615434863955706       96.9683428183415117
     -43.4712805944650285       29.7735169050445414       97.0072028023803199
     -42.9524996816585158       29.7875617363214111       97.0466406447494592
     -42.4263216380299184       29.8036880424776776       97.0865750467769573
     -41.8933926079073160       29.8218929384447335       97.1269193416882501
     -41.3543772985532527       29.8421604581685642       97.1675819200086721
     -40.8099573122914876       29.8644616643465319       97.2084670764045029
     -40.2608295017922160       29.8887547662444035       97.2494755179867525
     -39.7077042335141712       29.9149855065054027       97.2905053907749817
     -39.1513036413717117       29.9430875754379571       97.3314530468794601
     -38.5923598635263687       29.9729832115155013       97.3722140805087975
     -38.0316131539511204       30.0045838756777954       97.4126842812599705
     -37.4698100877580629       30.0377910514911726       97.4527606912463256
     -36.9077015837111801       30.0724971194588981       97.4923426156822046
     -36.3460408533270325       30.1085863177083404       97.5313325829953044
     -35.7855813668187537       30.1459358690511507       97.5696374276314202
     -35.2270747649234650       30.1844170650116901       97.6071689573280281
     -34.6712689592965120       30.2238965079953843       97.6438449650482312
     -34.1189060466495846       30.2642372609973123       97.6795898164391900
     -33.5707202727691723       30.3053000070925869       97.7143349848380183
     -33.0274360737638943       30.3469442812376720       97.7480197752641544
     -32.4897659169071389       30.3890294749642749       97.7805913115463738
     -31.9584084130262553       30.4314160478431752       97.8120052242050093
     -31.4340462059082917       30.4739664326348461       97.8422254223317367
     -30.9173440331052731       30.5165460043613450       97.8712241770974885
     -30.4089468076043623       30.5590239930029099       97.8989821595873337
     -29.9094776339854462       30.6012741374095718       97.9254878126152590
     -29.4195360865297637       30.6431755543278683       97.9507375998402665
     -28.9396962744938087       30.6846131094206171       97.9747348678050543
     -28.4705052907902143       30.7254781611515142       97.9974901275668486
     -28.0124814298251046       30.7656687065285261       98.0190196769734143
     -27.5661127842766405       30.8050899523809036       98.0393458328510832
     -27.1318556308044556       30.8436542710930723       98.0584954355153542
     -26.7101332012006161       30.8812816246844264       98.0765000777336411
     -26.3013342851839838       30.9178993537377274       98.0933945404987071
     -25.9058121914299129       30.9534424613570884       98.1092170235421861
     -25.5238836097464805       30.9878533152721047       98.1240077382799285
     -25.1558277368176846       31.0210817060224500       98.1378088294145385
     -24.8018854529142594       31.0530846443234552       98.1506636523720317
     -24.4622585951095886       31.0838260797940684       98.1626159704466374
     -24.1371094423427905       31.1132768798325827       98.1737101241895971
     -23.8265602076112231       31.1414143721737489       98.1839899540138816
     -23.5306927200979814       31.1682221558058110       98.1934986853310505
     -23.2495482299491378       31.1936899043196725       98.2022788844005987
     -22.9831272841875034       31.2178129339598947       98.2103717509487666
     -22.7313897557062710       31.2405919575286362       98.2178170582463679
     -22.4942549937426897       31.2620328879150158       98.2246532929373473
     -22.2716020612239376       31.2821464595379837       98.2309172489108136
     -22.0632700994819615       31.3009479440218605       98.2366439344118305
     -21.8690588087319320       31.3184569154864754       98.2418666428744984
     -21.6887290372334256       31.3346970351328515       98.2466170821468978
     -21.5220034701818577       31.3496957619068510       98.2509252615309947
     -21.3685674252640005       31.3634841190478895       98.2548195374152158
     -21.2280697500412181       31.3760964856104927       98.2583267151571391
     -21.1001238173261498       31.3875703986349208       98.2614721587423361
     -20.9843086156271603       31.3979463722670893       98.2642799258348134
     -20.8801699313125191       31.4072677178846824       98.2667728774275560
     -20.7872216190572452       31.4155803657686690       98.2689727640330943
     -20.7049469570815106       31.4229327082359084       98.2709003518296953
     -20.6327999352944751       31.4293903097475642       98.2725708045695825
     -20.5701434639198162       31.4413950049870152       98.2719626960711281
     -20.5163502664814068       31.4617877618893722       98.2682017874316927
     -20.4708242069868511       31.4878329377713904       98.2621938158781632
     -20.4329393968825599       31.5175083650230832       98.2546177871140145
     -20.4020445641819350       31.5492448157583816       98.2460097003150850
     -20.3774663083683869       31.5817827233391490       98.2368083978248876
     -20.3585118523527804       31.6140843004790710       98.2273835297829407
     -20.3444715665206566       31.6452729285446068       98.2180547256797354
     -20.3346214142066195       31.6745842960520108       98.2091069927946592
     -20.3282254316776267       31.7013173926297789       98.2008061886202768
     -20.3245383861235283       31.7247704042921548       98.1934194019592894
     -20.3228088550046913       31.7441365297595546       98.1872483147446076
     -20.3222679896756020       31.7598379803104578       98.1821981104939425
