     -21.1103622699061404       28.3694071591310681       88.8784933665438075
     -21.1101851496346065       28.3851827018603302       88.8734657313186744
     -21.1110324905469007       28.4046499440212017       88.8672010161072592
     -21.1136562275774153       28.4282400244574021       88.8595188794905795
     -21.1188471458054927       28.4551495784699995       88.8506311437857761
     -21.1273850038543038       28.4846807990921214       88.8407168595248180
     -21.1400402167769172       28.5161368791999053       88.8299558144886134
     -21.1575741237233927       28.5487577398673622       88.8185493103563601
     -21.1807387413320463       28.5816709509162514       88.8067361664225245
     -21.2102765444085506       28.6138428206461946       88.7948087140628530
     -21.2469207057060601       28.6440177059835435       88.7831325705055860
     -21.2913963565586783       28.6706299502419490       88.7721751381930488
     -21.3444238816406475       28.6916601972319896       88.7625517965384319
     -21.4067264697490458       28.7043739481747409       88.7551095141222959
     -21.4788032283850683       28.7116243022232496       88.7488986316796087
     -21.5609982917789296       28.7198703266018356       88.7418071673829587
     -21.6538563911763831       28.7291793026781832       88.7337775143219147
     -21.7578936842646655       28.7396000773572950       88.7247581676873835
     -21.8735958000348489       28.7511776927523677       88.7146989586250214
     -22.0014164997343400       28.7639531140384079       88.7035510753621139
     -22.1417764256921252       28.7779629469651290       88.6912670910080294
     -22.2950619403426700       28.7932391544750139       88.6778010326187456
     -22.4616240620551828       28.8098087466688746       88.6631084159745484
     -22.6417774997310488       28.8276934541401921       88.6471462789510127
     -22.8357997882562813       28.8469093925802298       88.6298732373869882
     -23.0439305281450970       28.8674667172716966       88.6112495561967819
     -23.2663707334821694       28.8893693215130476       88.5912373958341135
     -23.5032822878571395       28.9126145118114444       88.5698010188340703
     -23.7547875080570172       28.9371926074881394       88.5469067852761640
     -24.0209688184258177       28.9630865894162213       88.5225233053829612
     -24.3018685333035371       28.9902718662873689       88.4966219294644247
     -24.5974887487296137       29.0187159815835543       88.4691770016644909
     -24.9077913452907680       29.0483782580470802       88.4401658572827785
     -25.2326981275409672       29.0792096886748546       88.4095694851232565
     -25.5720910686716252       29.1111528365151742       88.3773731003311411
     -25.9258126310894355       29.1441415418225027       88.3435659899647305
     -26.2936662616723815       29.1781010643088194       88.3081425105489330
     -26.6754169445989291       29.2129480566322215       88.2711023721013817
     -27.0707918620288304       29.2485905886698809       88.2324508506372354
     -27.4794812327356865       29.2849285864656430       88.1921999992365926
     -27.9011391181917894       29.3218538406352742       88.1503682798239652
     -28.3353845005785807       29.3592506936578168       88.1069819415184412
     -28.7818022761707759       29.3969962815789785       88.0620747364586691
     -29.2399445177657320       29.4349613441394418       88.0156890102418288
     -29.7093316625544084       29.4730107432402519       87.9678755715084435
     -30.1894539433399416       29.5110044162249068       87.9186945142466527
     -30.6797727558235458       29.5487980958271557       87.8682149986471615
     -31.1797223458118360       29.5862444375526721       87.8165159686449073
     -31.6887113299461731       29.6231938021632892       87.7636856131406091
     -32.2061245158969740       29.6594955294981624       87.7098220260199355
     -32.7313244926255535       29.6949987699719102       87.6550323001929854
     -33.2636535714307513       29.7295538329095166       87.5994329260163624
     -33.8024355129118419       29.7630131598932124       87.5431488831469409
     -34.3469774769286005       29.7952325944118570       87.4863134457651341
     -34.8965719211339547       29.8260724466523470       87.4290672595724772
     -35.4504984599923390       29.8553985334726448       87.3715572654211883
     -36.0080259451603695       29.8830834204320226       87.3139361758174743
     -36.5684142924496385       29.9090072986561566       87.2563608870707270
     -37.1309165349309964       29.9330590626578115       87.1989915327654472
     -37.6947807734092848       29.9551371839196534       87.1419900385966599
     -38.2592520758560468       29.9751504975240515       87.0855185698795253
     -38.8235744952472217       29.9930190284148388       87.0297382782234052
     -39.3869924540887979       30.0086746368833381       86.9748075482388430
     -39.9487522376122755       30.0220618808993081       86.9208805628270937
     -40.5081038400634768       30.0331387703837862       86.8681056384965586
     -41.0643027800516194       30.0418774079128106       86.8166236240514451
     -41.6166120573107392       30.0482645259862728       86.7665664560785501
     -42.1643039667535149       30.0523018486476126       86.7180557076312368
     -42.7066619957710429       30.0540063671936544       86.6712014256696222
     -43.2429826827101209       30.0534104013623704       86.6261009113387246
     -43.7725774123421658       30.0505616376104605       86.5828380086635860
     -44.2947742240307321       30.0455228830453294       86.5414821448730152
     -44.8089194805535698       30.0383718580346653       86.5020880311777063
     -45.3143799383654056       30.0291437729233905       86.4647149533179800
     -45.8105463110299240       30.0174798397004778       86.4295484978471791
     -46.2968307200383151       30.0029070093624348       86.3968036911957427
     -46.7726680200438309       29.9850426474062672       86.3666534561078549
     -47.2375214644661199       29.9635961657284433       86.3392281838377187
     -47.6908866346857536       29.9383674234846531       86.3146157582217342
     -48.1322949174083945       29.9092439676427979       86.2928634232389982
     -48.5613165692254753       29.8761964728623184       86.2739791786368357
     -48.9775630649038760       29.8392733824235350       86.2579349509006192
     -49.3806881191975577       29.7985943152717461       86.2446693000405276
     -49.7703872539013332       29.7543431748546894       86.2340911253973559
     -50.1463961117512866       29.7067610615885052       86.2260834667726499
     -50.5084881790467293       29.6561390256112460       86.2205066875600465
     -50.8564726163416125       29.6028114009860666       86.2172028804966004
     -51.1901918677888403       29.5471487911867641       86.2159984690569274
     -51.5095216638345477       29.4895515946218083       86.2167079872074851
     -51.8143723646862995       29.4304430316404471       86.2191373719512342
     -52.1046899919372350       29.3702616760713262       86.2230865632957801
     -52.3804570534213170       29.3094543264277654       86.2283532049274868
     -52.6416931012405200       29.2484687797622875       86.2347356077635254
     -52.8884550623457130       29.1877467030990019       86.2420350566530658
     -53.1208374362634927       29.1277171720631500       86.2500587235904277
     -53.3389723153409037       29.0687906218090610       86.2586220937464816
     -53.5430292370337355       29.0113532862310350       86.2675508406880596
     -53.7332148906142990       28.9557622718560737       86.2766823593493939
     -53.9097727024181239       28.9023414138697738       86.2858672338813335
     -54.0729822884935345       28.8513778321785139       86.2949702949973982
     -54.2231587852707477       28.8031192270459790       86.3038713376119375
     -54.3606520668249971       28.7577719277808903       86.3124655465368136
     -54.4858458508817876       28.7154996539671998       86.3206635665469690
     -54.5991567144845433       28.6764230665694342       86.3283915527313042
     -54.7010330118215791       28.6406199808458197       86.3355909622193280
     -54.7919536955573534       28.6081261656572963       86.3422180390965650
     -54.8724270517689376       28.5789367061336108       86.3482431312381351
     -54.9429893530140134       28.5511558980144393       86.3542622006187628
     -55.0042034337942525       28.5226670907483957       86.3609421045615733
     -55.0566571928575428       28.4938907400668917       86.3681102523189139
     -55.1009620265316258       28.4652111155875431       86.3756070293854208
     -55.1377511974665637       28.4369748212266060       86.3832861123429012
     -55.1676781432914041       28.4094979333129949       86.3910119361158735
     -55.1914147297294164       28.3830728687651543       86.3986572620789133
     -55.2096494528379367       28.3579758030440168       86.4061005824928827
     -55.2230855951722646       28.3344757405899621       86.4132230043779259
     -55.2324393407953664       28.3128470626767914       86.4199040198568724
     -55.2384378540917851       28.2933891036646799       86.4260150037573425
     -55.2418173275298798       28.2764605639473210       86.4314078898001696
     -55.2433210035717295       28.2625447622193100       86.4358937973169503
     -55.2436971760002464       28.2512845881336467       86.4395584250641775
     -55.2433210035717295       28.2400336074283160       86.4432511815053175
     -55.2418173275298798       28.2261545593850194       86.4478495431042262
     -55.2384378540917851       28.2093086514569933       86.4534952550091731
     -55.2324393407953664       28.1899974608635802       86.4600553015801978
     -55.2230855951722930       28.1685978963011330       86.4674373279035535
     -55.2096494528381925       28.1454274777903848       86.4755683508951876
     -55.1914147297311501       28.1207787948212804       86.4843835737789703
     -55.1676781433007193       28.0949391441652168       86.4938200720410606
     -55.1377511975077681       28.0682031536797538       86.5038127961618528
     -55.1009620266878031       28.0408819422788582       86.5142917294464695
     -55.0566571933790740       28.0133106389390747       86.5251796016968342
     -55.0042034353603029       27.9858553613629297       86.5363897954954382
     -54.9429893573085835       27.9589204719813864       86.5478241744651626
     -54.8724270626557171       27.9329471978048325       86.5593737030513637
     -54.7919537215049672       27.9058336121099302       86.5717502932152598
     -54.7010330706914871       27.8756979548769408       86.5855925818258783
     -54.5991568422590063       27.8425537653469597       86.6009274013796500
     -54.4858461172777808       27.8064557366721772       86.6177689401200439
     -54.3606526021749019       27.7675012137419195       86.6361184896706362
     -54.2231598253099421       27.7258311335509653       86.6559643904942192
     -54.0729842467499893       27.6816303056358137       86.6772820772522294
     -53.9097762839505350       27.6351269973950551       86.7000343080806175
     -53.7332212660650370       27.5865918581600198       86.7241718470440333
     -53.5430403025114359       27.5363360407383908       86.7496342841590860
     -53.3389910716672517       27.4847085182529689       86.7763510698363660
     -53.1208685307453194       27.4320925695731184       86.8042427192882542
     -52.8885055476133630       27.3789014112137536       86.8332221090808787
     -52.6417734790455754       27.3255730976449307       86.8631961964891843
     -52.3805826870096425       27.2725646251105580       86.8940678554993298
     -52.1048829894677610       27.2203452081266342       86.9257375809102655
     -51.8146640594857928       27.1693887941160028       86.9581050739772081
     -51.5099558477524653       27.1201662134626851       86.9910717527104111
     -51.1908289762849478       27.0731366227431351       87.0245428453950183
     -50.8573951264231212       27.0287382753601513       87.0584289030232554
     -50.5098075794637253       26.9873792484939301       87.0926484930307936
     -50.1482617901746863       26.9494276076084454       87.1271301827839011
     -49.7729943728466750       26.9152013372024861       87.1618141067989143
     -49.3842796639843158       26.8849593534730147       87.1966548826182759
     -48.9824260785833516       26.8588930184309831       87.2316225380358503
     -48.5677723148094813       26.8371192661041462       87.2667044024968419
     -48.1406838680573372       26.8196749363686777       87.3019060220959631
     -47.7015505878143173       26.8065124590903316       87.3372515135622507
     -47.2507856035214644       26.7974970343448575       87.3727842532665164
     -46.7888252870404742       26.7924046156812885       87.4085661646979304
     -46.3161299402283575       26.7909213320640838       87.4446780008295832
     -45.8331846211490799       26.7926435652640222       87.4812181225380670
     -45.3405004362835058       26.7970794508071677       87.5183022497201222
     -44.8386173680189515       26.8036517609532368       87.5560616267438405
     -44.3281027688539027       26.8119053687231350       87.5945799602066018
     -43.8095458109536082       26.8217902084222537       87.6338071021770304
     -43.2835580095180390       26.8333055265513671       87.6736681192941205
     -42.7507720929371544       26.8464419287800808       87.7140814501344437
     -42.2118404939685021       26.8611811582778692       87.7549593230652079
     -41.6674337685048215       26.8774960953139228       87.7962086538391446
     -41.1182390625326377       26.8953507286171210       87.8377316336278398
     -40.5649584751272911       26.9147003268683029       87.8794267682099104
     -40.0083073863681236       26.9354916159472992       87.9211897410575460
     -39.4490127776078481       26.9576630969896520       87.9629145450435175
     -38.8878113676307606       26.9811453876008756       88.0044944997515728
     -38.3254478388229174       27.0058616763484913       88.0458234486324045
     -37.7626728257623228       27.0317282114124673       88.0867968705674116
     -37.2002404940392708       27.0586548984942930       88.1273129299567017
     -36.6389061841081087       27.0865462121701661       88.1672737080345001
     -36.0794242472915272       27.1153020656928803       88.2065858413198640
     -35.5225460996435132       27.1448188582182866       88.2451615844043999
     -34.9690181058028173       27.1749904284050352       88.2829194609590360
     -34.4195794519681257       27.2057089724004690       88.3197847273691963
     -33.8749601494392181       27.2368661067465929       88.3556902698749553
     -33.3358787856175596       27.2683536074399626       88.3905764470854649
     -32.8030405412694819       27.3000643832419598       88.4243917235093733
     -32.2771350461302191       27.3318932503592862       88.4570927195685215
     -31.7588343187568292       27.3637376452551138       88.4886441518499822
     -31.2487907972255421       27.3954983580050460       88.5190189561303953
     -30.7476352464439557       27.4270799404149486       88.5481974982184425
     -30.2559749790561234       27.4583914431786908       88.5761680074486151
     -29.7743918464460151       27.4893465922800146       88.6029253731901605
     -29.3034406247913566       27.5198643844223838       88.6284714904036122
     -28.8436472240557720       27.5498690847601786       88.6528139339669110
     -28.3955071913413128       27.5792906259519022       88.6759661642272476
     -27.9594840557620188       27.6080644680401832       88.6979461640985676
     -27.5360080094741662       27.6361318956059243       88.7187766398409252
     -27.1254744794314426       27.6634397437699064       88.7384835388346573
     -26.7282430315558770       27.6899406402590138       88.7570963732929101
     -26.3446361971326724       27.7155926354042528       88.7746467202092191
     -25.9749385858219242       27.7403593334341885       88.7911684624852171
     -25.6193960167099100       27.7642095958214981       88.8066967809726151
     -25.2782148087039609       27.7871173854432563       88.8212677114636335
     -24.9515612322450870       27.8090617177181549       88.8349181449937078
     -24.6395610146344275       27.8300262686968374       88.8476848216735959
     -24.3422990348382839       27.8499993285678791       88.8596045076778438
     -24.0598191191702995       27.8689735944399075       88.8707137251303010
     -23.7921239393372765       27.8869458351026758       88.8810481300434105
     -23.5391750571710361       27.9039167685864093       88.8906426147098330
     -23.3008930779389800       27.9198909013038765       88.8995313190996654
     -23.0771579053454481       27.9348762459660520       88.9077472676722067
     -22.8678091283886822       27.9488841477316043       88.9153223626767755
     -22.6726465227807239       27.9619291558100187       88.9222875378879962
     -22.4914306586573716       27.9740288512269366       88.9286727822502172
     -22.3238836121399586       27.9852036295055839       88.9345070232640325
     -22.1696897818957090       27.9954765459210080       88.9398182068136407
     -22.0284968061523934       28.0048731684165091       88.9446333938843736
     -21.8999165768819637       28.0134214373901820       88.9489788678160664
     -21.7835263481788992       28.0211515323990952       88.9528802491512636
     -21.6788699378934133       28.0280957280108503       88.9563625591896852
     -21.5854590155887536       28.0342882651289926       88.9594503138874302
     -21.5027744739842994       28.0397652305411356       88.9621676235765619
     -21.4302673484048256       28.0445793676774855       88.9645336103707365
     -21.3671326799761552       28.0551881336494766       88.9645603621217731
     -21.3126682574271911       28.0744313032766719       88.9613911409275744
     -21.2663470396909879       28.0995460943178408       88.9559240007393299
     -21.2275937180371272       28.1284859011984842       88.9488338608038873
     -21.1957958292779445       28.1596586642954456       88.9406551138820589
     -21.1703107215707043       28.1917830041431046       88.9318268272496937
     -21.1504705843419742       28.2237999913687325       88.9227202789594600
     -21.1355865449854541       28.2548123050351911       88.9136578097155166
     -21.1249523832462316       28.2840351901194644       88.9049279491263320
     -21.1178482840817701       28.3107472684877770       88.8968006161554740
     -21.1135451593946293       28.3342261830438105       88.8895471673770317
     -21.1113104283041189       28.3536439832401541       88.8834732609770839
     -21.1103622699061404       28.3694071591310681       88.8784933665438075
