  -62.035403251379840        95.944386443232020       -71.590228217290885     
  -60.511403251379839        95.975734757323679       -71.613619194527374     
  -58.987403251379845        96.007083071415337       -71.637010171763862     
  -57.463403251379845        96.038431385506996       -71.660401149000350     
  -51.357769052867354        96.164022815023884       -71.754112927577623     
  -51.349764343782873        96.164187469967843       -71.754235787136665     
  -51.338266039087429        96.164424311534404       -71.754412509740604     
  -51.322661271534471        96.164746349444783       -71.754652802772384     
  -51.302348230189018        96.165166608157236       -71.754966384611606     
  -51.276737778416269        96.165698167781528       -71.755363015163695     
  -51.245255037192408        96.166354213172042       -71.755852532493421     
  -51.207340929508099        96.167148090145702       -71.756444894778951     
  -51.162453681741020        96.168093367681280       -71.757150226738773     
  -51.110070277991028        96.169203904878941       -71.757978869634670     
  -51.049687863498960        96.170493904496837       -71.758941421308535     
  -50.980825093408669        96.171973084291650       -71.760045133401917     
  -50.903023423279855        96.173650428794460       -71.761296711174651     
  -50.815848337917807        96.175537957136115       -71.762705125637055     
  -50.718890515255126        96.177647819043472       -71.764279447986894     
  -50.611766922196750        96.179992379606318       -71.766028915117005     
  -50.494121839063425        96.182584300393330       -71.767962993930283     
  -50.365627809723755        96.185436609067636       -71.770091439439383     
  -50.225986517000798        96.188562807036035       -71.772424384805021     
  -50.074929579202518        96.191976963199707       -71.774972426225830     
  -49.912219265997869        96.195693795662436       -71.777746706332138     
  -49.737649131944544        96.199728738672292       -71.780758997092519     
  -49.551044565264952        96.204097967372604       -71.784021765783322     
  -49.352263246913282        96.208818281751562       -71.787548155674401     
  -49.141195529468717        96.213907109216464       -71.791352081760365     
  -48.917764728966795        96.219382464534547       -71.795448329885104     
  -48.681927327048832        96.225262806356568       -71.799852625007730     
  -48.433673077869521        96.231566653499314       -71.804581580766765     
  -48.173025030326521        96.238312207679840       -71.809652732828411     
  -47.900039472386453        96.245517128245297       -71.815084788727290     
  -47.614805779455189        96.253197990857430       -71.820897777147280     
  -47.317446163623615        96.261369314779657       -71.827113054677625     
  -47.008115361158517        96.270042991055462       -71.833753850509709     
  -46.687000230420722        96.279227482352013       -71.840845813523970     
  -46.354319238181844        96.288926626902366       -71.848416942659370     
  -46.010321884510326        96.299139385706141       -71.856497662466410     
  -45.655288031208400        96.309859697375529       -71.865120386726559     
  -45.289527120712918        96.321076120049483       -71.874318295355465     
  -44.913377349127217        96.332772665656378       -71.884124480682289     
  -44.527204727295448        96.344928995536947       -71.894570314841559     
  -44.131402081748028        96.357521041388168       -71.905684066662516     
  -43.726387998343462        96.370521877816273       -71.917489815685485     
  -43.312605674761492        96.383901854277923       -71.930006017121173     
  -42.890521745733125        96.397629608446252       -71.943244989900293     
  -42.460625023783138        96.411671847570332       -71.957212080992335     
  -42.023425215522771        96.425995560104042       -71.971907314470528     
  -41.579451570852584        96.440570055163022       -71.987327005429691     
  -41.129251488035358        96.455364164848277       -72.003461734068566     
  -40.673389075407236        96.470345567624022       -72.020295917520698     
  -40.212443662002499        96.485480999236202       -72.037808077582596     
  -39.747008283913146        96.500736220165024       -72.055970973993212     
  -39.277688117119048        96.516076229436408       -72.074751972558275     
  -38.805098902984724        96.531465313208159       -72.094113344896769     
  -38.329865316459113        96.546867285369999       -72.114012763210440     
  -37.852619346997933        96.562245579111476       -72.134403733952766     
  -37.373998613160246        96.577563512050233       -72.155236204366233     
  -36.894644716484358        96.592784412298315       -72.176457103417334     
  -36.415201513362632        96.607871884501265       -72.198011014375339     
  -35.936313457558640        96.622790001578267       -72.219840750810704     
  -35.458623840082893        96.637503645710112       -72.241887896449668     
  -34.982773133090859        96.651978841508381       -72.264093284931107     
  -34.509397216828319        96.666183061379130       -72.286397463061860     
  -34.039125740805048        96.680085577521268       -72.308741194060758     
  -33.572580358530786        96.693657668691870       -72.331065855026225     
  -33.110373119829326        96.706872963419926       -72.353313937715228     
  -32.653104734022570        96.719707535476317       -72.375429362915639     
  -32.201363011050368        96.732140227545173       -72.397357963151464     
  -31.755721171105879        96.744152607797474       -72.419047685897382     
  -31.316736354073065        96.755729257254373       -72.440449038422472     
  -30.884947995410382        96.766857592331760       -72.461515176604010     
  -30.460876423059705        96.777528125182201       -72.482202312198226     
  -30.045021324089298        96.787734156202632       -72.502469684122872     
  -29.637860435952739        96.797471974103544       -72.522279897361486     
  -29.239848144173987        96.806740499003993       -72.541598834821059     
  -28.851414257170592        96.815541311027417       -72.560395858748322     
  -28.472962787773664        96.823878399788669       -72.578643796823712     
  -28.104870797209813        96.831757889646056       -72.596318884863109     
  -27.747487390826780        96.839188048064230       -72.613400896328955     
  -27.401132666507781        96.846178757755851       -72.629872843519138     
  -27.066096872518788        96.852741565144385       -72.645721085717895     
  -26.742639569157252        96.858889339215395       -72.660935121844091     
  -26.430988874707090        96.864635934680095       -72.675507363256486     
  -26.131340873058132        96.869996236434332       -72.689433172308227     
  -25.843859027194075        96.874985754191073       -72.702710544874535     
  -25.568673713432197        96.879620394427462       -72.715339909003575     
  -25.305881887866711        96.883916479786166       -72.727324095195755     
  -25.055546794425499        96.887890457283788       -72.738668061216359     
  -24.817697776797413        96.891558684802220       -72.749378665637764     
  -24.592330208027107        96.894937389293332       -72.759464562796822     
  -24.379405510734440        96.898042614399756       -72.768936084524199     
  -24.178851247670632        96.900890009859097       -72.777804998569891     
  -23.990561321970159        96.903494758110725       -72.786084364679411     
  -23.814396272946425        96.905871538346020       -72.793788417530919     
  -23.650183667154973        96.908034535700196       -72.800932486467090     
  -23.497718569000909        96.909997366668321       -72.807532856293790     
  -23.356764102544030        96.911773036215436       -72.813606656397795     
  -23.227052104158982        96.913373937868016       -72.819171787116943     
  -23.108283860225054        96.914811861608882       -72.824246857049502     
  -23.000130927693935        96.916098008846291       -72.828851130648360     
  -22.902236035712598        96.917243019679674       -72.833004489685649     
  -22.814214064639941        96.918256999732279       -72.836727398480747     
  -22.735653099086058        96.919149539314446       -72.840040866669938     
  -22.666115554454024        96.919929751293722       -72.842966428456450     
  -22.605139372629903        96.920606339153238       -72.845526146093491     
  -22.552239283743592        96.921198202300928       -72.847750563791351     
  -22.506908128962372        96.921716514855419       -72.849665139724365     
  -22.468618242372891        96.922162320391479       -72.851288382730786     
  -22.436822888047789        96.922538078286664       -72.852640514016130     
  -22.410957747326407        96.922847478095193       -72.853743276472372     
  -22.390442452664651        96.923095259028827       -72.854619746453594     
  -22.374682163826240        96.923287037136475       -72.855294150018310     
  -22.363069182075861        96.923429142599943       -72.855791685571461     
  -22.354984597936781        96.923528469373323       -72.856138354724138     
  -22.349799967989206        96.923592339184466       -72.856360803046201     
  -22.346879016113885        96.923628381685575       -72.856486172219519     
  -22.345579354527448        96.923644432290658       -72.856541964912353     
  -16.249254219911879        96.998933036813540       -73.118248857844932     
  -14.725254219911879        97.017754184104618       -73.183672091682084     
  -13.201254219911879        97.036575331395696       -73.249095325519235     
  -11.677254219911879        97.055396478686774       -73.314518559356387     
