     -25.7974790367134688       83.2596382562038997      -60.4384258029585197
     -25.7976696619827628       83.2515150637452166      -60.4495938272036639
     -25.7987932648082499       83.2414464617685752      -60.4633350096266895
     -25.8014857789137153       83.2291789100654569      -60.4799259567370342
     -25.8063890465774755       83.2150935957061364      -60.4987684100879974
     -25.8141379804920845       83.1995179518409316      -60.5193392560086849
     -25.8253597226498570       83.1827796005615454      -60.5411165102414088
     -25.8406724871116289       83.1652396206887801      -60.5635338634935465
     -25.8606842995453583       83.1473180342925531      -60.5859459989643341
     -25.8859917628417016       83.1295192300053714      -60.6075940317033002
     -25.9171789525616454       83.1124634612732649      -60.6275625986801145
     -25.9548165761343732       83.0969324306555279      -60.6447175450122700
     -25.9994616346422589       83.0839434775169394      -60.6576041780909350
     -26.0516581069598097       83.0748843015226157      -60.6642620420433119
     -26.1118831644730456       83.0682561906588006      -60.6666886744162213
     -26.1805622424018516       83.0606960008609008      -60.6694358855035887
     -26.2581507538198089       83.0521417929586221      -60.6725290681958782
     -26.3450798985574792       83.0425412389009381      -60.6759813276967179
     -26.4417553462634700       83.0318440351640845      -60.6798038852263701
     -26.5485561126617640       83.0200020161929189      -60.6840059318733438
     -26.6658335086721401       83.0069692779318018      -60.6885944797635588
     -26.7939101668787849       82.9927023219831455      -60.6935742173198420
     -26.9330791510355461       82.9771602398545411      -60.6989473823133352
     -27.0836031408140130       82.9603048693114573      -60.7047136029316334
     -27.2457137018914999       82.9421009732632086      -60.7108697441852314
     -27.4196106436407341       82.9225164412935385      -60.7174097608085290
     -27.6054614654267283       82.9015225068741728      -60.7243245532767588
     -27.8034009006227194       82.8790940205401938      -60.7316018588314677
     -28.0135305641207069       82.8552098016395036      -60.7392261972492662
     -28.2359186635150401       82.8298528408987380      -60.7471787083142232
     -28.4705998099603690       82.8030105590708985      -60.7554370367272725
     -28.7175749348648033       82.7746751247431973      -60.7639752728673841
     -28.9768113393833495       82.7448439526705499      -60.7727640434630771
     -29.2482427795723865       82.7135199137453441      -60.7817704140126551
     -29.5317696483538938       82.6807115502321182      -60.7909578247377453
     -29.8272593137501154       82.6464335558217016      -60.8002862579487910
     -30.1345465368768650       82.6107071825886976      -60.8097123959751258
     -30.4534338959608029       82.5735602583639832      -60.8191895435294825
     -30.7836924135049657       82.5350276289288161      -60.8286679205375833
     -31.1250622641107775       82.4951515379099192      -60.8380949742710726
     -31.4772534407363906       82.4539814743341566      -60.8474153700533975
     -31.8399466935632240       82.4115746481955824      -60.8565715212823335
     -32.2127944267791335       82.3679959934244721      -60.8655038525135197
     -32.5954216501815850       82.3233180108938001      -60.8741510291393482
     -32.9874271803539827       82.2776211141484879      -60.8824506463315487
     -33.3883846466557657       82.2309930811435521      -60.8903393464904141
     -33.7978438394388405       82.1835292193940887      -60.8977535527835840
     -34.2153319226414325       82.1353318638083607      -60.9046297908481833
     -34.6403548111298605       82.0865100542649486      -60.9109052193630518
     -35.0723985842013235       82.0371791383645075      -60.9165181817953325
     -35.5109308685467937       81.9874600619212544      -60.9214085984635219
     -35.9554024102430958       81.9374789413322020      -60.9255186329887124
     -36.4052484863288015       81.8873660813033553      -60.9287930038041665
     -36.8598905743057230       81.8372554031434589      -60.9311796483005850
     -37.3187378071019467       81.7872833141420585      -60.9326300084843027
     -37.7811886943576170       81.7375879563053189      -60.9330996244967622
     -38.2466326210497698       81.6883080015725795      -60.9325484038947351
     -38.7144515885968374       81.6395817355341364      -60.9309411063096178
     -39.1840217501674175       81.5915458405547724      -60.9282475912211794
     -39.6547151487089877       81.5443343615456513      -60.9244431754836953
     -40.1259012791316962       81.4980775345451036      -60.9195088484212803
     -40.5969487970520930       81.4529007017967075      -60.9134314986949335
     -41.0672269903962288       81.4089232366217033      -60.9062041031760373
     -41.5361073538271484       81.3662574558121747      -60.8978258824001983
     -42.0029651512016358       81.3250076516898446      -60.8883024741973813
     -42.4671810597338180       81.2852690942944918      -60.8776459786240451
     -42.9281427394189379       81.2471272679763814      -60.8658750593559219
     -43.3852464403579461       81.2106570469765785      -60.8530148702599689
     -43.8378985527838836       81.1759221939991136      -60.8390970864202956
     -44.2855171641530347       81.1429747376311781      -60.8241597006912684
     -44.7275335705353783       81.1118548013354541      -60.8082470110274400
     -45.1633937590831351       81.0825901613883673      -60.7914092558015469
     -45.5925598570715280       81.0551964901171971      -60.7737026158293006
     -46.0145116053225181       81.0297073046228036      -60.7551482579334703
     -46.4287482066666826       81.0063612244199476      -60.7354835315801580
     -46.8347886344819884       80.9854529080200223      -60.7143596561658825
     -47.2321729075891170       80.9672248627129676      -60.6914874302507457
     -47.6204642267053941       80.9518656780507513      -60.6666383360381758
     -47.9992507664176244       80.9395108264366741      -60.6396447741552862
     -48.3681472393539877       80.9302435405297160      -60.6103988138454355
     -48.7267963446102144       80.9240965798889391      -60.5788501658662781
     -49.0748700307328960       80.9210552717377993      -60.5450037950998876
     -49.4120703178563403       80.9210600369951294      -60.5089160083024566
     -49.7381298188761320       80.9240106155801016      -60.4706908846287732
     -50.0528118618234998       80.9297700156262039      -60.4304757857790307
     -50.3559104062832361       80.9381684567268138      -60.3884563360780717
     -50.6472499840963479       80.9490084018097491      -60.3448518331774721
     -50.9266854974940912       80.9620689551573207      -60.2999099499172218
     -51.1941024889897491       80.9771101851210489      -60.2539012241206962
     -51.4494177232261123       80.9938781675631958      -60.2071139153082626
     -51.6925796100855663       81.0121095742108821      -60.1598484814753505
     -51.9235684795494734       81.0315358761787650      -60.1124118959143203
     -52.1423967736698302       81.0518878392497868      -60.0651124573389197
     -52.3491091267023734       81.0728997459556382      -60.0182548066103720
     -52.5437823261584427       81.0943131200094172      -59.9721351015917605
     -52.7265251675532411       81.1158800294752211      -59.9270365077538401
     -52.8974782202572200       81.1373661436154094      -59.8832252163609411
     -53.0568135015313658       81.1585534329965697      -59.8409469722755958
     -53.2047340512462128       81.1792423459079089      -59.8004240340950162
     -53.3414734166656928       81.1992535528672335      -59.7618526625724726
     -53.4672950494425763       81.2184292517247144      -59.7254011421958850
     -53.5824916157829065       81.2366340142994119      -59.6912083156135225
     -53.6873842329113415       81.2537553608448491      -59.6593827458615280
     -53.7823216234443890       81.2697039027311945      -59.6300023525085194
     -53.8676791912529183       81.2844130935088032      -59.6031145023905609
     -53.9438580242193950       81.2978386617381688      -59.5787365488168419
     -54.0112838268611952       81.3099577614641476      -59.5568567762792114
     -54.0704057858824427       81.3217336402838384      -59.5361165691705096
     -54.1216953718034830       81.3342432111087703      -59.5149994312699349
     -54.1656450799828306       81.3472397872525192      -59.4937957757225533
     -54.2027671144059653       81.3604960177082432      -59.4727702530459439
     -54.2335920177696877       81.3738045593709955      -59.4521606778612721
     -54.2586672515262052       81.3869742563831693      -59.4321830951618182
     -54.2785557296575689       81.3998264678255339      -59.4130366568931407
     -54.2938343100725334       81.4121911206801059      -59.3949088936311043
     -54.3050922476281386       81.4239019179584460      -59.3779821677973629
     -54.3129296128942158       81.4347897570698080      -59.3624426097853686
     -54.3179556808470849       81.4446725166082075      -59.3484940687858327
     -54.3207872937843632       81.4533371604762522      -59.3363826446986664
     -54.3220472028281947       81.4605058545794378      -59.3264432089954639
     -54.3223623924420949       81.4663368838625246      -59.3184114788033412
     -54.3220472028281947       81.4721903245344521      -59.3103960671058843
     -54.3207872937843632       81.4794486123104633      -59.3005218676039760
     -54.3179556808470849       81.4883146653486250      -59.2885570963857020
     -54.3129296128942158       81.4985550924331221      -59.2748689852948232
     -54.3050922476281457       81.5100010907023176      -59.2597358419549849
     -54.2938343100725902       81.5225145752605158      -59.2433935800382514
     -54.2785557296579739       81.5359703268999709      -59.2260602829220701
     -54.2586672515283794       81.5502458509608203      -59.2079502069936652
     -54.2335920177793298       81.5652148936415387      -59.1892827890905835
     -54.2027671144424801       81.5807427717682430      -59.1702891882856434
     -54.1656450801047669       81.5966825676365630      -59.1512176608678502
     -54.1216953721696044       81.6128716155179887      -59.1323385525502303
     -54.0704057868864822       81.6291278531941060      -59.1139494900875562
     -54.0112838294063806       81.6452506370114435      -59.0963744119464778
     -53.9438580302855826       81.6623525615837025      -59.0781228025532812
     -53.8676792050157829       81.6814308664925903      -59.0578607961099635
     -53.7823216533158757       81.7025037166360022      -59.0356065366040639
     -53.6873842951896947       81.7255681913313055      -59.0114074824546080
     -53.5824917409365682       81.7505996466943827      -58.9853415039659126
     -53.4672952925797986       81.7775513776671090      -58.9575175868189234
     -53.3414738744561348       81.8063546098042025      -58.9280760938593886
     -53.2047348885072964       81.8369188044479614      -58.8971885128882491
     -53.0568149919120060       81.8691322838195390      -58.8650566454958337
     -52.8974808069814486       81.9028633721267312      -58.8319113405022804
     -52.7265295520597590       81.9379618869503759      -58.7980106285411779
     -52.5437895947203302       81.9742610072333520      -58.7636372677682957
     -52.3491209277682543       82.0115795170325441      -58.7290957068118828
     -52.1424155617865424       82.0497243074891003      -58.6947084038600408
     -51.9235978453923508       82.0884932643021443      -58.6608116328735321
     -51.6926247205181895       82.1276785949390273      -58.6277508712108784
     -51.4494859007579635       82.1670703444078043      -58.5958756604193027
     -51.1942039671144613       82.2064599316287854      -58.5655339072158654
     -50.9268343982263687       82.2456438281422351      -58.5370658116568876
     -50.6474655786294647       82.2844278349591889      -58.5107978568825544
     -50.3562187426596353       82.3226311410661822      -58.4870363961449016
     -50.0532478398684049       82.3600899513089502      -58.4660608104064679
     -49.7387390278779549       82.3966617711261051      -58.4481171825575885
     -49.4129095114929839       82.4322294241329416      -58.4334121539188374
     -49.0760062429191066       82.4667040299844842      -58.4221066541955736
     -48.7283045862183712       82.5000285453140521      -58.4143108101688853
     -48.3701069868088638       82.5321806031218728      -58.4100793006036625
     -48.0017417797801116       82.5631741983062142      -58.4094069486606315
     -47.6235623564131316       82.5930620916302018      -58.4122259409459232
     -47.2359464442874568       82.6219365624450290      -58.4184030417647264
     -46.8392955356070431       82.6499301975162552      -58.4277380485886582
     -46.4340343317491246       82.6772162901430363      -58.4399632489605168
     -46.0206101705427812       82.7040078841889112      -58.4547432508734417
     -45.5994928744744144       82.7305569288085110      -58.4716772239709996
     -45.1711734334264605       82.7570488276323886      -58.4904466062480779
     -44.7361618048504113       82.7834602285519452      -58.5110177188146494
     -44.2949860213631936       82.8097382762529293      -58.5333870953539233
     -43.8481909354915018       82.8358303711773374      -58.5575403395127481
     -43.3963368095381767       82.8616841418027548      -58.5834518569549445
     -42.9399978858648623       82.8872479336234420      -58.6110850654464457
     -42.4797609347631564       82.9124709518727911      -58.6403924706895339
     -42.0162237528149305       82.9373036840450339      -58.6713160479540292
     -41.5499936592543619       82.9616981338205477      -58.7037875952325194
     -41.0816859248551438       82.9856082189463109      -58.7377293033570993
     -40.6119222204187267       83.0089900460871206      -58.7730543353790011
     -40.1413289797698809       83.0318022849049129      -58.8096675668554170
     -39.6705358025707824       83.0540064573996801      -58.8474663511738783
     -39.2001736574129609       83.0755672560970169      -58.8863414032514996
     -38.7308731837286899       83.0964528010530046      -58.9261777636768471
     -38.2632629545176002       83.1166348215382840      -58.9668557906246136
     -37.7979678872238836       83.1360888848503379      -59.0082522335061128
     -37.3356074862102005       83.1547944497370963      -59.0502412177147917
     -36.8767942702878671       83.1727350794215852      -59.0926953660618040
     -36.4221320045979766       83.1898983482068815      -59.1354867140816722
     -35.9722141568176070       83.2062760288727929      -59.1784878243555994
     -35.5276221447458553       83.2218638532573181      -59.2215725857481630
     -35.0889238299211925       83.2366616548630702      -59.2646172616082367
     -34.6566718168381982       83.2506730149029863      -59.3075011521065676
     -34.2314019853416696       83.2639053218823477      -59.3501075089880814
     -33.8136318906258566       83.2763693792169164      -59.3923240785496418
     -33.4038593223160589       83.2880792872857967      -59.4340437829846806
     -33.0025608673139956       83.2990521529547436      -59.4751652159517334
     -32.6101904885339664       83.3093077082405671      -59.5155930047250550
     -32.2271783104915670       83.3188682634174143      -59.5552383349009986
     -31.8539292247322727       83.3277580009684158      -59.5940189284376700
     -31.4908218411738332       83.3360030918597374      -59.6318595381669354
     -31.1382072561624135       83.3436310031918595      -59.6686917942608019
     -30.7964080574248946       83.3506703311750243      -59.7044543571979034
     -30.4657174113332587       83.3571506180095980      -59.7390929927015648
     -30.1463980975077561       83.3631017043622649      -59.7725602500718836
     -29.8386818234658691       83.3685537882680308      -59.8048155863294610
     -29.5427685131966058       83.3735370461828040      -59.8358251209039338
     -29.2588256683646506       83.3780811971042795      -59.8655612980526328
     -28.9869879405902608       83.3822155584502553      -59.8940028561382931
     -28.7273567201218682       83.3859687805925347      -59.9211345258592374
     -28.4799997993610994       83.3893685100637612      -59.9469466419033523
     -28.2449511966976452       83.3924413558319344      -59.9714349425905979
     -28.0222110834969165       83.3952129059974823      -59.9946003816569515
     -27.8117457460316153       83.3977074623825700      -60.0164487180414881
     -27.6134876775706779       83.3999479665681491      -60.0369902291967747
     -27.4273357759773226       83.4019559981970815      -60.0562394678313396
     -27.2531556471916829       83.4037518392227639      -60.0742150608306886
     -27.0907799737017676       83.4053543923102580      -60.0909394003956692
     -26.9400089842904507       83.4067811673372006      -60.1064383844094436
     -26.8006110216020623       83.4080483244585906      -60.1207412004295989
     -26.6723231974972350       83.4091707265314284      -60.1338801214338119
     -26.5548521349682396       83.4101620052536816      -60.1458903180585835
     -26.4478747948520301       83.4110346432978673      -60.1568096901007010
     -26.3510393768088740       83.4118000184052022      -60.1666786790024659
     -26.2639663020597354       83.4124684757323109      -60.1755401094135678
     -26.1862492727510023       83.4130494129879594      -60.1834390486654840
     -26.1174564032128238       83.4135513669245086      -60.1904226755975529
     -26.0571312960900165       83.4139744676818111      -60.1965507474106118
     -26.0047413755567227       83.4110435882821406      -60.2064276780521226
     -25.9597622486289303       83.4033318493113001      -60.2220913750197298
     -25.9216955399966018       83.3922768341338525      -60.2416053790758923
     -25.8900179783978750       83.3789507585457272      -60.2635421628376520
     -25.8641850516866718       83.3641946299101448      -60.2867975320046767
     -25.8436337305152151       83.3486918786286850      -60.3104885130791288
     -25.8277847716120945       83.3330134005309731      -60.3338906844373426
     -25.8160448305104779       83.3176485333864321      -60.3563949266510278
     -25.8078085084966204       83.3030299841261979      -60.3774725413656199
     -25.8024604282500931       83.2895588499451236      -60.3966402711406829
     -25.7993774580953179       83.2776374558595762      -60.4134145732631396
     -25.7979312882908083       83.2677229064800599      -60.4272373613365019
     -25.7974790367134688       83.2596382562038997      -60.4384258029585197
