  -66.791329877800024       -63.543537500955310       -49.860039815156689     
  -65.267329877800023       -63.782354433883107       -49.589837240023996     
  -63.743329877800022       -64.021171366810904       -49.319634664891304     
  -62.219329877800021       -64.259988299738708       -49.049432089758611     
  -56.113919987783220       -65.216730599083107       -47.966953431935011     
  -56.106101645678983       -65.217955764753654       -47.965567253345881     
  -56.094871041851555       -65.219716028613291       -47.963576356402505     
  -56.079629572192481       -65.222105670746231       -47.960874945035741     
  -56.059789427994673       -65.225217565898404       -47.957359338571379     
  -56.034775175142691       -65.229143023920940       -47.952928313309357     
  -56.004025299268655       -65.233971644384440       -47.947483444081122     
  -55.966993712743715       -65.239791184965625       -47.940929444256952     
  -55.923151219461147       -65.246687442675750       -47.933174502344123     
  -55.871986933480088       -65.254744147044121       -47.924130613443054     
  -55.813009647684808       -65.264042840960556       -47.913713887226024     
  -55.745749140397351       -65.274656050603014       -47.901840034013368     
  -55.669757439185176       -65.286652262825370       -47.888428307062476     
  -55.584610024250225       -65.300100936343043       -47.873405443099955     
  -55.489906956357586       -65.315068340438401       -47.856703018161184     
  -55.385273942521586       -65.331617510275080       -47.838257746131063     
  -55.270363331222931       -65.349808217197449       -47.818011784029018     
  -55.144855033110666       -65.369696921874350       -47.795913028631759     
  -55.008457363309368       -65.391336680254653       -47.771915394610723     
  -54.860907805607880       -65.414777087833912       -47.745979156155080     
  -54.701973691686391       -65.440064146791400       -47.718071291271116     
  -54.531452795945995       -65.467240153005264       -47.688165931662923     
  -54.349173838123008       -65.496343465113185       -47.656244862840673     
  -54.154996889852363       -65.527408141721551       -47.622298121935231     
  -53.948813680729543       -65.560463420790001       -47.586324749335454     
  -53.730547798055724       -65.595532994459433       -47.548333756906771     
  -53.500154772829958       -65.632634012579246       -47.508345387223137     
  -53.257622040598015       -65.671775668193021       -47.466392714535537     
  -53.002968766073096       -65.712957272325738       -47.422523725953759     
  -52.736245525346078       -65.756165905623448       -47.376804222366545     
  -52.457533817337136       -65.801373233933205       -47.329321589729290     
  -52.166945383307770       -65.848531396346416       -47.280189857476692     
  -51.864621303165301       -65.897567746341011       -47.229556560955572     
  -51.550730898638228       -65.948378605888422       -47.177610794781323     
  -51.225470743944371       -66.000824796395491       -47.124588969036040     
  -50.889063936130860       -66.054730332095332       -47.070776664164342     
  -50.541759629362566       -66.109883945978268       -47.016505977119031     
  -50.183832870234681       -66.166043941516293       -46.962148288118293     
  -49.815584677337341       -66.222945891103180       -46.908103327031320     
  -49.437342216604399       -66.280311380280182       -46.854785632105276     
  -49.049458962467710       -66.337857395204907       -46.802610686002303     
  -48.652314721788457       -66.395304864423579       -46.751981655148029     
  -48.246315476111306       -66.452386143690404       -46.703277569562168     
  -47.831893008226643       -66.508851254245883       -46.656843530929457     
  -47.409504115703029       -66.564470940689631       -46.612985175477100     
  -46.979629375285697       -66.619039117439712       -46.571969964290204     
  -46.542771799339988       -66.672375905437434       -46.534029839105948     
  -46.099455454744955       -66.724322768418375       -46.499358244111718     
  -45.650224028933977       -66.774741408523354       -46.468109838646214     
  -45.195639348205162       -66.823513227378058       -46.440400924590918     
  -44.736279815259486       -66.870538744836296       -46.416310350048505     
  -44.272738806110041       -66.915736822978545       -46.395880811271219     
  -43.805622972768795       -66.959043726578898       -46.379120627041502     
  -43.335550517128489       -67.000411911021288       -46.366005873612949     
  -42.863149372603750       -67.039808759845656       -46.356483018881143     
  -42.389055393760003       -67.077215204072118       -46.350471936355937     
  -41.913910433880666       -67.112624169719126       -46.347869205697748     
  -41.438360473570874       -67.146038977693209       -46.348551672182104     
  -40.963053657606253       -67.177471904658290       -46.352379661301796     
  -40.488638531385909       -67.206943617761411       -46.359199183085089     
  -40.015762161403522       -67.234482736260972       -46.368843624472802     
  -39.545068414851769       -67.260125614041186       -46.381135641636540     
  -39.077196052226583       -67.283915745502014       -46.395888847295851     
  -38.612777025510638       -67.305903539283932       -46.412909787829435     
  -38.152434568035375       -67.326145548899873       -46.431999562630494     
  -37.696781527370142       -67.344704237003100       -46.452955809666207     
  -37.246418482617983       -67.361647041656539       -46.475574189864624     
  -36.801932127704767       -67.377046122457742       -46.499650302225362     
  -36.363893450072155       -67.390977301273409       -46.524980989272436     
  -35.932856177575218       -67.403519774923069       -46.551366102761754     
  -35.509355059066650       -67.414755009121862       -46.578609619501975     
  -35.093904379051189       -67.424766355887172       -46.606521153012437     
  -34.686996390948686       -67.433638058424265       -46.634916931354851     
  -34.289099892609251       -67.441454645803560       -46.663620946291864     
  -33.900658853006092       -67.448300166506129       -46.692466034349195     
  -33.522091035684944       -67.454257079961437       -46.721294660770347     
  -33.153786846177255       -67.459405884654132       -46.749959974789121     
  -32.796108097896621       -67.463824051689613       -46.778326119047250     
  -32.449387039035557       -67.467585991612097       -46.806268995431552     
  -32.113925364194877       -67.470762357980533       -46.833676325065689     
  -31.789993323543168       -67.473419460029703       -46.860447543216559     
  -31.477829022265333       -67.475619375284310       -46.886493962558305     
  -31.177637714511334       -67.477419450445026       -46.911738311513545     
  -30.889591252145838       -67.478872267752962       -46.936114415681786     
  -30.613827666363839       -67.480025916803427       -46.959566938509333     
  -30.350450782539564       -67.480923792981585       -46.982050661994577     
  -30.099529968108651       -67.481604720787516       -47.003529886903024     
  -29.861100006265193       -67.482103362583715       -47.023977951674510     
  -29.635161037037737       -67.482450355178244       -47.043376506099804     
  -29.421678594553327       -67.482672462046253       -47.061714761360122     
  -29.220583756616616       -67.482792905341242       -47.078988843600698     
  -29.031773396823002       -67.482831798343369       -47.095201184929593     
  -28.855110517949019       -67.482806431335888       -47.110359824112450     
  -28.690424674057482       -67.482731526634282       -47.124477742008885     
  -28.537512487373942       -67.482619556345739       -47.137572309493592     
  -28.396138251334609       -67.482481034923993       -47.149664792659792     
  -28.266034618529137       -67.482324796835741       -47.160779926016311     
  -28.146903370017636       -67.482158233125958       -47.170945536422657     
  -28.038416261806809       -67.481987451768461       -47.180192191251031     
  -27.940215951118816       -67.481817446014119       -47.188552925385558     
  -27.851916998286782       -67.481652241577294       -47.196063019903782     
  -27.773106941447999       -67.481495018951534       -47.202759820762296     
  -27.703347441514275       -67.481348215130126       -47.208682589803878     
  -27.642175494750724       -67.481213647008190       -47.213872406700375     
  -27.589104715087192       -67.481108297821166       -47.218383208895325     
  -27.543626664338433       -67.481037648038821       -47.222262725693554     
  -27.505212248021952       -67.480992086632327       -47.225549790807726     
  -27.473313172228021       -67.480964077475761       -47.228286386903648     
  -27.447363445332783       -67.480947868301840       -47.230517304850409     
  -27.426780926015098       -67.480939207669053       -47.232289806395798     
  -27.410968913272974       -67.480935075700557       -47.233653293731003     
  -27.399317773974150       -67.480933433049117       -47.234658989056442     
  -27.391206603362232       -67.480932991856648       -47.235359627066863     
  -27.386004913871698       -67.480933012359628       -47.235809163326550     
  -27.383074347543207       -67.480933128340837       -47.236062501236411     
  -27.381770407286254       -67.480933204141195       -47.236175239963423     
  -21.285444202207003       -67.481287594387453       -47.763263848619815     
  -19.761444202207002       -67.481376187208298       -47.895028949857846     
  -18.237444202207001       -67.481464780029143       -48.026794051095877     
  -16.713444202207000       -67.481553372849987       -48.158559152333908     
