     -14.2966634046434127     -123.5213613910025998      -90.6165561753221311
     -14.2982007543201366     -123.5313065292167067      -90.6030524537800517
     -14.3011841438460170     -123.5435406805117964      -90.5864749730831136
     -14.3064268341249932     -123.5583085790132429      -90.5665159787465512
     -14.3146472641316951     -123.5750759948230666      -90.5439265625295917
     -14.3265641543469595     -123.5933758706706698      -90.5193668798112014
     -14.3428868471618696     -123.6127424919664719      -90.4934958509225993
     -14.3643085936262711     -123.6326710979014933      -90.4670263400798547
     -14.3915009716723290     -123.6525870854322591      -90.4407673408725969
     -14.4251083511533302     -123.6718153135317095      -90.4156660567692398
     -14.4657415435891714     -123.6895419523191748      -90.3928601281509003
     -14.5139695095249390     -123.7047590147994640      -90.3737533856388211
     -14.5703070772795460     -123.7161737045231007      -90.3601393744000632
     -14.6351941679207052     -123.7220432919117172      -90.3544259750744487
     -14.7094519123147229     -123.7241476106828770      -90.3542103698662231
     -14.7941371884719839     -123.7265409456405933      -90.3539822330574935
     -14.8898147595949375     -123.7292501988123519      -90.3537286107791857
     -14.9970186327467925     -123.7322923201496252      -90.3534497691938014
     -15.1162516563307321     -123.7356836666663469      -90.3531464092505985
     -15.2479841064450383     -123.7394399810559094      -90.3528196818610070
     -15.3926523472831462     -123.7435763800146731      -90.3524711829856528
     -15.5506575691209488     -123.7481073555796200      -90.3521029229209347
     -15.7223646070934766     -123.7530467923930217      -90.3517172647294586
     -15.9081008434973779     -123.7584080032166440      -90.3513168276941769
     -16.1081551960093954     -123.7642037843547769      -90.3509043527535454
     -16.3227771941188884     -123.7704464919753775      -90.3504825279814980
     -16.5521761462367465     -123.7771481396700324      -90.3500537732981286
     -16.7965204002974282     -123.7843205169439216      -90.3496199847337778
     -17.0559367011633576     -123.7919753276751038      -90.3491822397404718
     -17.3305096641932117     -123.8001243454696549      -90.3487404688367661
     -17.6202814271708377     -123.8087795689296655      -90.3482931199456090
     -17.9252513958835920     -123.8179533637435412      -90.3478368310457256
     -18.2453760746430120     -123.8276585994750434      -90.3473661011414606
     -18.5805690242705630     -123.8379087792675080      -90.3468729650857938
     -18.9307009544225409     -123.8487181586745578      -90.3463466827614212
     -19.2955999069791204     -123.8601025707099694      -90.3457739795685910
     -19.6750515377611848     -123.8720809261062641      -90.3451398294562722
     -20.0687997241258635     -123.8846740957831685      -90.3444263928302433
     -20.4765472639099784     -123.8979047078870224      -90.3436127003349867
     -20.8979567169592499     -123.9117971555638604      -90.3426745819746202
     -21.3326514098218070     -123.9263775507977101      -90.3415846604269603
     -21.7802166054379924     -123.9416736193974913      -90.3403124153266788
     -22.2402008381852276     -123.9577145332598604      -90.3388243240845981
     -22.7121174129385039     -123.9745306772604607      -90.3370840833683104
     -23.1954460649065375     -123.9921533494996311      -90.3350529137334348
     -23.6896347740576587     -124.0106143951547466      -90.3326899480158545
     -24.1941016092105734     -124.0299457852731280      -90.3299526835809559
     -24.7082363259402520     -124.0501792164623822      -90.3267973821363341
     -25.2314022112366736     -124.0713457651115021      -90.3231793950777018
     -25.7629381778203879     -124.0934754765294912      -90.3190534406267318
     -26.3021610991415891     -124.1165962417898783      -90.3143733745032904
     -26.8483680133793499     -124.1407336427437826      -90.3090926718648745
     -27.4008383216240965     -124.1659111261271988      -90.3031651493970600
     -27.9588361438178907     -124.1921496832371474      -90.2965453236664217
     -28.5216127143984330     -124.2194675289604362      -90.2891887612866384
     -29.0884088016522924     -124.2478797924801626      -90.2810524264887846
     -29.6584571364848451     -124.2773982218234323      -90.2720950249138667
     -30.2309848360948656     -124.3080309040667260      -90.2622773427822835
     -30.8052158080145517     -124.3397820026826111      -90.2515625808816822
     -31.3803731201570955     -124.3726515131971695      -90.2399166830469994
     -31.9556813229172825     -124.4066350380461046      -90.2273086589669617
     -32.5303689239773064     -124.4417243856693318      -90.2137115021699856
     -33.1036733628826241     -124.4779095608265038      -90.1991046052850578
     -33.6748463822652369     -124.5151753526456559      -90.1834735873978559
     -34.2431566209128704     -124.5534992673801042      -90.1668115505210324
     -34.8078916568944621     -124.5928503253597484      -90.1491208023468573
     -35.3683597950822133     -124.6331879797681523      -90.1304144390528990
     -35.9238916099273737     -124.6744611733415553      -90.1107177660520904
     -36.4738412707537876     -124.7166075440371458      -90.0900695419249899
     -37.0175876968367845     -124.7595527849875054      -90.0685230395277046
     -37.5545356151759222     -124.8032101574791000      -90.0461469288860172
     -38.0841166292690829     -124.8474801478401588      -90.0230259999660518
     -38.6057904622709671     -124.8922502460186479      -89.9992617594458864
     -39.1190527281590263     -124.9373579976803512      -89.9750235512363759
     -39.6234782556329606     -124.9823669199224554      -89.9508627707590023
     -40.1187047203252263     -125.0267469211547393      -89.9274645080285921
     -40.6044028977380549     -125.0700046104609839      -89.9054649934217167
     -41.0802506800083194     -125.1116851363371296      -89.8854469443311075
     -41.5459178775621822     -125.1513757368416435      -89.8679331647829827
     -42.0010541283830250     -125.1887096996417483      -89.8533796856555256
     -42.4452787168206314     -125.2233705430095938      -89.8421686612080492
     -42.8781750145336957     -125.2550965092098920      -89.8346011710347767
     -43.2992924239617949     -125.2836851469837569      -89.8308905554163601
     -43.7081572173532180     -125.3089973017241618      -89.8311574450396932
     -44.1042906411273208     -125.3309594731804566      -89.8354278843948606
     -44.4872298927552805     -125.3495635646657149      -89.8436355839677958
     -44.8565483508524636     -125.3648637207427186      -89.8556284131519334
     -45.2118759126865726     -125.3769706948628055      -89.8711789786625701
     -45.5529037434508339     -125.3860457636690171      -89.8900010472446382
     -45.8793803165649337     -125.3922894685970135      -89.9117625988358924
     -46.1911086907694752     -125.3959293536860002      -89.9360958472121581
     -46.4879442821065112     -125.3972122204347812      -89.9626084992197690
     -46.7697932637561564     -125.3963973439098680      -89.9908939715245424
     -47.0366113988340615     -125.3937504258676938      -90.0205405681448383
     -47.2884031604376744     -125.3895382223348065      -90.0511396756756000
     -47.5252210327805429     -125.3840238043013073      -90.0822930116471383
     -47.7471649119990360     -125.3774624228473016      -90.1136189503048399
     -47.9543815418310047     -125.3700979570134137      -90.1447579457001638
     -48.1470639315858264     -125.3621599258327848      -90.1753770721164614
     -48.3254507137104596     -125.3538610463742771      -90.2051737049689137
     -48.4898254068864958     -125.3453953182204970      -90.2338783703721248
     -48.6405155584751085     -125.3369366121364408      -90.2612567977689224
     -48.7778917474379767     -125.3286377372250655      -90.2871112167746617
     -48.9023664356081369     -125.3206299570027227      -90.3112809462320456
     -49.0143926612964549     -125.3130229208489368      -90.3336423300379323
     -49.1144625746130856     -125.3059049734644219      -90.3541080802620939
     -49.2031058184962404     -125.2993438015152634      -90.3726260932157999
     -49.2811754714811983     -125.2922131377832358      -90.3908361874000548
     -49.3495870246332942     -125.2832508321938434      -90.4105741233715463
     -49.4088883267784453     -125.2728075665582423      -90.4314022113301235
     -49.4596577156354797     -125.2612152835474859      -90.4529141554615848
     -49.5025025055265644     -125.2487859627685083      -90.4747364684000956
     -49.5380560745566783     -125.2358158389047560      -90.4965221509040134
     -49.5669749371418007     -125.2225894323798627      -90.5179446041370710
     -49.5899356798377937     -125.2093839171816967      -90.5386910474121720
     -49.6076315946930038     -125.1964745298483024      -90.5584544606097808
     -49.6207687324042155     -125.1841421819037947      -90.5769224244516522
     -49.6300608296756991     -125.1726855341233318      -90.5937596882365739
     -49.6362219045796849     -125.1624424936834998      -90.6085774900894165
     -49.6399540418694230     -125.1538312985308323      -90.6208753309738029
     -49.6420950745334366     -125.1467373521823134      -90.6309034933931201
     -49.6434480224369565     -125.1395363804644489      -90.6409924760593242
     -49.6440299458695975     -125.1304973820192714      -90.6535334404312465
     -49.6431110046620532     -125.1192929217321819      -90.6688976934191686
     -49.6398362128953181     -125.1061299631574286      -90.6867050267239421
     -49.6333773256788291     -125.0911373863515621      -90.7066859871313653
     -49.6229247921897496     -125.0744077844758664      -90.7286234283507724
     -49.6076844699317192     -125.0560196981625722      -90.7523216343937520
     -49.5868766109506396     -125.0360504470462644      -90.7775887143209417
     -49.5597359027437250     -125.0145845138887495      -90.8042252914895727
     -49.5255120073839947     -124.9917197333823395      -90.8320163145050685
     -49.4834703104769602     -124.9675724410123792      -90.8607243601806545
     -49.4328927037564583     -124.9422822785445959      -90.8900834443817018
     -49.3730782691278023     -124.9160171729262174      -90.9197926098175770
     -49.3033452402265908     -124.8889728114542379      -90.9495172263442839
     -49.2234324842226485     -124.8597303221202566      -90.9811857509435953
     -49.1330726397141646     -124.8270142617861609      -91.0165262387215961
     -49.0317341355241254     -124.7907599505505516      -91.0555762888465381
     -48.9189100290839036     -124.7509337960475619      -91.0983348069236314
     -48.7941191102464558     -124.7075345001231028      -91.1447606991069250
     -48.6569069844920605     -124.6605939010151900      -91.1947720765484888
     -48.5068471321280228     -124.6101774086797604      -91.2482460204892050
     -48.3435419357985978     -124.5563839966078206      -91.3050189479491081
     -48.1666236635250442     -124.4993457207605303      -91.3648876055200674
     -47.9757553886381913     -124.4392267452368799      -91.4276107042179973
     -47.7706318214201815     -124.3762218650710309      -91.4929111917438718
     -47.5509800200905985     -124.3105545292632002      -91.5604791398666578
     -47.3165599409318745     -124.2424743818920376      -91.6299752039411146
     -47.0671647786452780     -124.1722543560752001      -91.7010345887529894
     -46.8026210379225702     -124.1001873748521547      -91.7732714296916043
     -46.5227882645761426     -124.0265827350582981      -91.8462834702156812
     -46.2275583472530229     -123.9517622754664927      -91.9196568848136479
     -45.9168542749029953     -123.8760564597942277      -91.9929710595632031
     -45.5906281938992635     -123.7998005401748287      -92.0658030971952144
     -45.2488585396211391     -123.7233310101570112      -92.1377317553938013
     -44.8915458889371877     -123.6469826746786254      -92.2083404931480857
     -44.5187071128499738     -123.5710898354534919      -92.2772214250840079
     -44.1303786650729890     -123.4959889098038985      -92.3439767961139211
     -43.7266357703770296     -123.4220157932426361      -92.4082165230902461
     -43.3076110668533687     -123.3495039719228856      -92.4695611121097301
     -42.8735139882496128     -123.2787805041101166      -92.5276479583668561
     -42.4246473299317444     -123.2101589171448097      -92.5821412979975804
     -41.9614165661827556     -123.1439290077046707      -92.6327454705882474
     -41.4843302052258096     -123.0803444780856779      -92.6792201694293851
     -40.9939924858751041     -123.0196098706081500      -92.7213959318176535
     -40.4910912320935736     -122.9618681983389763      -92.7591883347110553
     -39.9763835477889842     -122.9071902490853745      -92.7926098961836630
     -39.4506781373994215     -122.8555659438517580      -92.8217791592870469
     -38.9148064485004426     -122.8068994719032929      -92.8469241872189173
     -38.3695897006626367     -122.7611430183215049      -92.8682028945039519
     -37.8158197807534151     -122.7184815697153795      -92.8854566460289703
     -37.2542991418311260     -122.6791013510718074      -92.8985182314486480
     -36.6858441969585201     -122.6431532474942685      -92.9072622396534484
     -36.1112826766212009     -122.6107532014168555      -92.9116044312351903
     -35.5314507717006975     -122.5819828175301325      -92.9115006120689202
     -34.9471901612321929     -122.5568903577206186      -92.9069450874911098
     -34.3593450433484620     -122.5354921313247729      -92.8979686961046838
     -33.7687592537742063     -122.5177742650324433      -92.8846364440320542
     -33.1762735316268191     -122.5036948214413144      -92.8670447760448781
     -32.5827229730652093     -122.4931862240728151      -92.8453185311221318
     -31.9889346975155924     -122.4861579388157651      -92.8196076376057562
     -31.3957259493677157     -122.4825000626063058      -92.7900841644345604
     -30.8039047805864215     -122.4820887984036659      -92.7569411704998998
     -30.2142709808168561     -122.4847860782131477      -92.7203886082070881
     -29.6276143781720265     -122.4904402140946189      -92.6806505687525117
     -29.0447129064701208     -122.4988876102678574      -92.6379632699662920
     -28.4663307569421775     -122.5099545099223093      -92.5925730157622269
     -27.8932166119729672     -122.5234587564971775      -92.5447341462978130
     -27.3261019578614146     -122.5392115503030936      -92.4947069973967047
     -26.7656994732178468     -122.5570191824487551      -92.4427558869733303
     -26.2127014894301240     -122.5766847292774031      -92.3891471452757003
     -25.6677785196104793     -122.5980096918937932      -92.3341472047355722
     -25.1315778602630822     -122.6207955311448359      -92.2780207372497898
     -24.6047223884254045     -122.6448445016220603      -92.2210284133623190
     -24.0878092445351690     -122.6699611958848948      -92.1634253666181706
     -23.5814084578438710     -122.6959545167076868      -92.1054601655316532
     -23.0860617627639186     -122.7226388954702685      -92.0473734189159387
     -22.6022813351808516     -122.7498353830374498      -91.9893964619667912
     -22.1305484350026056     -122.7773726947136339      -91.9317500677851740
     -21.6713124589476926     -122.8050881647601074      -91.8746432669586426
     -21.2249901416893891     -122.8328285360395853      -91.8182723636555806
     -20.7919647879327485     -122.8604505801091875      -91.7628201517779161
     -20.3725855353035072     -122.8878215540179895      -91.7084553258137873
     -19.9671666502488776     -122.9148195022374779      -91.6553320783267651
     -19.5759868604291611     -122.9413334140004253      -91.6035898735825356
     -19.1992887281587485     -122.9672632478495871      -91.5533533847118264
     -18.8372780702769695     -122.9925198370029733      -91.5047325805040543
     -18.4901233918357626     -123.0170252574426542      -91.4578233684040214
     -18.1579553614396083     -123.0407133601276399      -91.4127085423994430
     -17.8408665216562454     -123.0635277374715884      -91.3694569801506589
     -17.5389109766977072     -123.0854210210783179      -91.3281239610313662
     -17.2521041359066061     -123.1063544660119220      -91.2887517972699953
     -16.9804225416482488     -123.1262975013819982      -91.2513705126129082
     -16.7238037883967152     -123.1452272589613983      -91.2159985516539820
     -16.4821465751833607     -123.1631280857773874      -91.1826435120906353
     -16.2553108825710702     -123.1799910384117709      -91.1513029013054563
     -16.0431181866995232     -123.1958133807866034      -91.1219648834077987
     -15.8453517692344796     -123.2105981040288185      -91.0946089928279292
     -15.6617571398580466     -123.2243534739751993      -91.0692068066204854
     -15.4920425715035606     -123.2370926097629393      -91.0457225700701969
     -15.3358797475689013     -123.2488330956689566      -91.0241137721234708
     -15.1929045195186472     -123.2595966271002510      -91.0043316690892254
     -15.0627177726610100     -123.2694086904043331      -90.9863217569414928
     -14.9448863975309418     -123.2782982749574074      -90.9700241944208727
     -14.8389443642208896     -123.2862976148251590      -90.9553741809252045
     -14.7443938970362023     -123.2934419562704846      -90.9423022947646018
     -14.6607067467585832     -123.2997693466272580      -90.9307347985493379
     -14.5873266389713301     -123.3053298851785655      -90.9205811477256276
     -14.5241336388650009     -123.3142274351796601      -90.9062680989986660
     -14.4707194522480087     -123.3282760738830461      -90.8853141044506430
     -14.4262452640912304     -123.3457461650578750      -90.8600285181966427
     -14.3899012868650704     -123.3653633219601744      -90.8321064031798073
     -14.3608895438563415     -123.3861426082003305      -90.8028529575690158
     -14.3384152610964311     -123.4072972261666195      -90.7733068634858000
     -14.3216823529537347     -123.4281824145642759      -90.7443158911195553
     -14.3098909450782905     -123.4482566970560811      -90.7165890092523313
     -14.3022357972468281     -123.4670506279419868      -90.6907383874399216
     -14.2979047534051951     -123.4841354870093966      -90.6673215460905482
     -14.2960761234474241     -123.4990824376097578      -90.6468965469082661
     -14.2959131708833826     -123.5113963055281516      -90.6301117559318925
     -14.2966634046434127     -123.5213613910025998      -90.6165561753221311
