  -60.310095074533436      -0.33219611209900163        155.20729852154474     
  -58.786095074533435      -0.33198509777790575        155.10870928003214     
  -57.262095074533434      -0.33177408345680987        155.01012003851955     
  -55.738095074533433      -0.33156306913571398        154.91153079700695     
  -49.630249831073854      -0.33071737174896382        154.51640754908760     
  -49.620408080941715      -0.33071600905196741        154.51577087541261     
  -49.606271030637409      -0.33071405303182666        154.51485699177525     
  -49.587085235504858      -0.33071140111362379        154.51361797351311     
  -49.562110888283144      -0.33070795365387379        154.51200726596056     
  -49.530623821945667      -0.33070361453063996        154.50997996044930     
  -49.491917471373846      -0.33069829174897752        154.50749307997154     
  -49.445304788511329      -0.33069189805057891        154.50450587072081     
  -49.390120105768588      -0.33068435150027281        154.50098009535856     
  -49.325720942588070      -0.33067557600831987        154.49688032354388     
  -49.251489750233539      -0.33066550165858488        154.49217419022085     
  -49.166835590036378      -0.33065404942207050        154.48682547567651     
  -49.071195740513417      -0.33064114230734054        154.48079975743710     
  -48.964037228967342      -0.33062671566821650        154.47407006308566     
  -48.844858283390629      -0.33061070505756807        154.46661271048026     
  -48.713189700717926      -0.33059304101776865        154.45840750691167     
  -48.568596127710748      -0.33057364001679451        154.44943793185311     
  -48.410677251012537      -0.33055238943526388        154.43969129796707     
  -48.239068893182711      -0.33052912361617598        154.42915888439251     
  -48.053444011807180      -0.33050358682531705        154.41783603580990     
  -47.853513599090654      -0.33047537745441297        154.40572222044662     
  -47.639027479666424      -0.33044386588767627        154.39282104009598     
  -47.409775004713445      -0.33040807603151484        154.37914018545149     
  -47.165585640853287      -0.33036651748953594        154.36469133064469     
  -46.906329452716029      -0.33031695158970553        154.34948996186560     
  -46.631917478520755      -0.33025606973465316        154.33355513634743     
  -46.342301998526167      -0.33017905652936536        154.31690916981321     
  -46.037476696785667      -0.33007900237379778        154.29957725266985     
  -45.717476717319137      -0.32994611991168238        154.28158699774178     
  -45.382378616634789      -0.32976670466177166        154.26296792507102     
  -45.032300215578928      -0.32952176019788132        154.24375089216630     
  -44.667400185399096      -0.32918518218409409        154.22396902087468     
  -44.287877056631451      -0.32872136030980659        154.20366301926416     
  -43.893969157054663      -0.32808233732707848        154.18287718065352     
  -43.485954201027653      -0.32720578204432488        154.16165727591786     
  -43.064148543889878      -0.32601436009227425        154.14005004643900     
  -42.628906278505433      -0.32441658065870033        154.11810269635450     
  -42.180618173495297      -0.32230920282414921        154.09586239715088     
  -41.719710466202002      -0.31958092918611242        154.07337581831385     
  -41.246643533862084      -0.31611684170936133        154.05068869738554     
  -40.761910468259970      -0.31180299402711492        154.02784546075941     
  -40.266035573901085      -0.30653072206589410        154.00488890309015     
  -39.759572802407703      -0.30020043803397478        153.98185992896435     
  -39.243104132903952      -0.29272475657084357        153.95879735658363     
  -38.717237933208544      -0.28403013232710217        153.93573779469097     
  -38.182607339941299      -0.27405684673393205        153.91271804749817     
  -37.639868981008370      -0.26275877621866789        153.88977740125836     
  -37.089701178985848      -0.25010319406314879        153.86695306071044     
  -36.532801784147260      -0.23607054981913583        153.84428015841982     
  -35.969886283893011      -0.22065416423959938        153.82179166788293     
  -35.401685881076332      -0.20385980954612395        153.79951831654557     
  -34.828945535478880      -0.18570516101509674        153.77748852878187     
  -34.252421973954235      -0.16621911618951393        153.75572839816294     
  -33.672881674555754      -0.14544098540442629        153.73426168783135     
  -33.091098829817227      -0.12341956285478743        153.71310985734107     
  -32.507853294241912      -0.10021209166165453        153.69229211391504     
  -31.923928520856187       -7.5883139622778581E-002   153.67182548810047     
  -31.340109434732209       -5.0503415151778523E-002   153.65172614549061     
  -30.757180227016146       -2.4148680628934365E-002   153.63201226666195     
  -30.175922415187568        3.1009681429931273E-003   153.61270100965140     
  -29.597112805569385        3.1161676415116184E-002   153.59380764218159     
  -29.021521426783991        5.9946415493018719E-002   153.57534560479218     
  -28.449909482623280        8.9365576580942019E-002   153.55732658334836     
  -27.883027329538631       0.11932756869173669        153.53976058896185     
  -27.321612483884817       0.14973941596960358        153.52265604355756     
  -26.766387663976264       0.18050734992957282        153.50601986939256     
  -26.218058871928150       0.21153739228477805        153.48985758092525     
  -25.677313520159061       0.24273592422510323        153.47417337755326     
  -25.144818615417670       0.27401023838545346        153.45897018892964     
  -24.621219121476823       0.30526906865692655        153.44424899596402     
  -24.107136225764631       0.33642309322479597        153.43000904627004     
  -23.603165547190784       0.36738541517013640        153.41624877251604     
  -23.109875546066821       0.39807201051083074        153.40296592425648     
  -22.627806013695682       0.42840214992928422        153.39015764805757     
  -22.157466639222886       0.45829882429254776        153.37782055903065     
  -21.699335656752581       0.48768915259173751        153.36595080349159     
  -21.253858574779855       0.51650473091777593        153.35454411285238     
  -20.821446991136309       0.54468191770426910        153.34359584895668     
  -20.402477496641996       0.57216205643832363        153.33310104117390     
  -19.997290670458860       0.59889163800832812        153.32305441568511     
  -19.606190169930855       0.62482240571100134        153.31345041748168     
  -19.229441917473839       0.64991140667991998        153.30428322567184     
  -18.867273386781271       0.67412099411465887        153.29554676392337     
  -18.519872958688509       0.69741878686456271        153.28723528772113     
  -18.187389348811436       0.71977759558125154        153.27934454391774     
  -17.869931308520592       0.74117530013359234        153.27186984275414     
  -17.567567354138109       0.76159470265369289        153.26480555303530     
  -17.280325571855730       0.78102336158209640        153.25814517024514     
  -17.008193530469708       0.79945340847166835        153.25188138399989     
  -16.751118302460405       0.81688135259301209        153.24600614357615     
  -16.509006593535105       0.83330787580603582        153.24051072070884     
  -16.281724980273889       0.84873761523758140        153.23538576898309     
  -16.069100255679928       0.86317894359884628        153.23062137920815     
  -15.870919882147215       0.87664375715958576        153.22620713026402     
  -15.686932550788592       0.88914727396732618        153.22213213507243     
  -15.516848845731094       0.90070784369591383        153.21838508148738     
  -15.360342011676526       0.91134676992840957        153.21495426803105     
  -15.217048822721361       0.92108814511061454        153.21182763453433     
  -15.086570550131933       0.92995869785117835        153.20899278786578     
  -14.968474026479338       0.93798765168921727        153.20643702305040     
  -14.862292803255436       0.94520659391007811        153.20414734018010     
  -14.767528398818202       0.95164935252178751        153.20211045761536     
  -14.683651633256208       0.95735187916253961        153.20031282204948     
  -14.610104046517373       0.96235213570363121        153.19874065251696     
  -14.546299394693541       0.96669003431756229        153.19739514085791     
  -14.491625224987811       0.97040723735068402        153.19626660114579     
  -14.445444519879326       0.97354702821802830        153.19533094550485     
  -14.407097406283887       0.97615425033721592        153.19456623397269     
  -14.375902928119125       0.97827518567716221        153.19395234531476     
  -14.351160876128217       0.97995742964299859        153.19347066001009     
  -14.332153670059370       0.98124976245655671        153.19310376115124     
  -14.318148288160838       0.98220201731942414        153.19283515862597     
  -14.308398238825571       0.98286494571303762        153.19264904150683     
  -14.302145569105068       0.98329008021885578        153.19253006307414     
  -14.298622904710959       0.98352959525702921        153.19246316234529     
  -14.297055516034929       0.98363616613910099        153.19243342538428     
  -8.2006634046434126        1.3981459139140775        153.07677087320670     
  -6.6766634046434117        1.5017666856863963        153.04785709497560     
  -5.1526634046434125        1.6053874574587148        153.01894331674450     
  -3.6286634046434116        1.7090082292310336        152.99002953851340     
