  -64.194637484716580       -104.63332242097360       -34.005617237350499     
  -62.670637484716579       -104.68869939760756       -34.023614642290688     
  -61.146637484716578       -104.74407637424153       -34.041612047230878     
  -59.622637484716577       -104.79945335087550       -34.059609452171067     
  -53.522718189064413       -105.02110367128522       -34.131645356151587     
  -53.519461789230924       -105.02122199777963       -34.131683812021961     
  -53.514784161113482       -105.02139204599762       -34.131739077347319     
  -53.508435987795416       -105.02162297364349       -34.131814128363125     
  -53.500172452553969       -105.02192383394531       -34.131911907350002     
  -53.489753897816193       -105.02230356975429       -34.132035320716483     
  -53.476946470094219       -105.02277100993247       -34.132187237824432     
  -53.461522749173781       -105.02333486779455       -34.132370490482707     
  -53.443262359872996       -105.02400374134639       -34.132587873023382     
  -53.421952564736593       -105.02478611503933       -34.132842142869549     
  -53.397388836082257       -105.02569035913349       -34.133136020322716     
  -53.369375405872532       -105.02672368679940       -34.133471849611325     
  -53.337725791935220       -105.02789294398494       -34.133851855571983     
  -53.302263299128185       -105.02920540280964       -34.134278401457024     
  -53.262821494146650       -105.03066813095664       -34.134753783907129     
  -53.219244652678562       -105.03228799958721       -34.135280235383632     
  -53.171388177723671       -105.03407169336238       -34.135859927190722     
  -53.119118987966239       -105.03602572212824       -34.136494972890574     
  -53.062315875169901       -105.03815643363855       -34.137187431836331     
  -53.000869829646504       -105.04047002655479       -34.137939312469946     
  -52.934684332936847       -105.04297256285085       -34.138752574962886     
  -52.863675616928809       -105.04566997866762       -34.139629132698964     
  -52.787772888728774       -105.04856809262184       -34.140570852028887     
  -52.706918520694245       -105.05167261058770       -34.141579549650451     
  -52.621068205128580       -105.05498912603819       -34.142656986901514     
  -52.530191073234143       -105.05852311517515       -34.143804860175784     
  -52.434269778011512       -105.06227992619505       -34.145024786561251     
  -52.333300540236998       -105.06626474762490       -34.146318278923246     
  -52.227293157685253       -105.07048256211866       -34.147686711365893     
  -52.116270979829615       -105.07493813678605       -34.149131290179923     
  -52.000270845477459       -105.07963599195921       -34.150653009399306     
  -51.879342984128954       -105.08458036359796       -34.152252593178929     
  -51.753550881489730       -105.08977516488790       -34.153930423114332     
  -51.622971109493307       -105.09522394720248       -34.155686454682389     
  -51.487693121187561       -105.10092985246341       -34.157520150871342     
  -51.347819009510381       -105.10689552325985       -34.159430436761738     
  -51.203463232478114       -105.11312301134190       -34.161415690341769     
  -51.054752308086258       -105.11961373940751       -34.163473789580060     
  -50.901824475212521       -105.12636842494537       -34.165602179408467     
  -50.744829322910249       -105.13338700184846       -34.167797956694685     
  -50.583927389276717       -105.14066854861157       -34.170057961474726     
  -50.419289728663877       -105.14821118105601       -34.172378849829926     
  -50.251097449568036       -105.15601193487674       -34.174757150738550     
  -50.079541233162743       -105.16406681161450       -34.177189359521847     
  -49.904820822911816       -105.17237077958585       -34.179671979642947     
  -49.727144489273577       -105.18091815335376       -34.182201645971432     
  -49.546728470492511       -105.18970309251245       -34.184775281169252     
  -49.363796386638860       -105.19871882505954       -34.187389839159373     
  -49.178578643685491       -105.20795760394557       -34.190042286026696     
  -48.991311818719524       -105.21741076418085       -34.192729611432355     
  -48.802238025622451       -105.22706873245413       -34.195448821717797     
  -48.611604264406367       -105.23692101861846       -34.198196923873894     
  -48.419661751365190       -105.24695610820525       -34.200970874011887     
  -48.226665249940034       -105.25716157851950       -34.203767595244251     
  -48.032872390267819       -105.26752419279261       -34.206583985385777     
  -47.838542977618644       -105.27802994374959       -34.209416905518175     
  -47.643938291933132       -105.28866405443665       -34.212263152369523     
  -47.449320379831455       -105.29941092771719       -34.215119412362313     
  -47.254951357498527       -105.31025432941283       -34.217982294198642     
  -47.061092707738233       -105.32117748167728       -34.220848341426183     
  -46.868004576531682       -105.33216312759512       -34.223714039066138     
  -46.675945068473439       -105.34319352432151       -34.226575796788467     
  -46.485169549563359       -105.35425047864635       -34.229429945631281     
  -46.295929965648888       -105.36531553583035       -34.232272784366693     
  -46.108474163779597       -105.37637006899932       -34.235100593534085     
  -45.923045223379290       -105.38739535632176       -34.237909645598705     
  -45.739880795854276       -105.39837258801339       -34.240696192515891     
  -45.559212462759511       -105.40928295227889       -34.243456479263841     
  -45.381265114205057       -105.42010779862794       -34.246186782910506     
  -45.206256340540563       -105.43082872271950       -34.248883426694810     
  -45.034395843032051       -105.44142764481518       -34.251542792629216     
  -44.865884863257925       -105.45188684408529       -34.254161320439394     
  -44.700915636330734       -105.46218901763605       -34.256735515298224     
  -44.539670872306523       -105.47231741974400       -34.259261982246443     
  -44.382323259841463       -105.48225593654328       -34.261737439539097     
  -44.229034996307568       -105.49198915104344       -34.264158729284532     
  -44.079957345869538       -105.50150240113067       -34.266522827279402     
  -43.935230225606766       -105.51078180285612       -34.268826843170032     
  -43.794981824254073       -105.51981431946180       -34.271068037046341     
  -43.659328253008127       -105.52858783723231       -34.273243839769513     
  -43.528373227687801       -105.53709120753915       -34.275351863769835     
  -43.402207784352470       -105.54531428321766       -34.277389913360160     
  -43.280910029229382       -105.55324794995205       -34.279355994678284     
  -43.164544923622366       -105.56088415072188       -34.281248324502968     
  -43.053164104161418       -105.56821589367635       -34.283065334688175     
  -42.946805739990076       -105.57523728157496       -34.284805684464494     
  -42.845494426490511       -105.58194353329380       -34.286468270887880     
  -42.749241115685521       -105.58833099087701       -34.288052235182235     
  -42.658043083815038       -105.59439712215463       -34.289556968096491     
  -42.571883936204308       -105.60014051917757       -34.290982114229628     
  -42.490733649431739       -105.60556089263116       -34.292327575313614     
  -42.414548650697284       -105.61065906235851       -34.293593512557671     
  -42.343271934185495       -105.61543694421918       -34.294780347879048     
  -42.276833214109459       -105.61989753310533       -34.295888763708504     
  -42.215149114011275       -105.62404488117271       -34.296919700997393     
  -42.158123391829520       -105.62788407752157       -34.297874357415850     
  -42.105647200076298       -105.63142122343957       -34.298754183807141     
  -42.057599380399068       -105.63466340346983       -34.299560878977346     
  -42.013846791711501       -105.63761865391056       -34.300296383348311     
  -41.974244670974556       -105.64029592890508       -34.300962871546780     
  -41.938637025616785       -105.64270506427135       -34.301562744012493     
  -41.906857056493585       -105.64485673921827       -34.302098617719366     
  -41.878727610200428       -105.64676243609311       -34.302573316112465     
  -41.854061659473402       -105.64843440371767       -34.302989860118934     
  -41.832662810336465       -105.64988786951069       -34.303352187603913     
  -41.814325834567235       -105.65113715581352       -34.303663898143625     
  -41.798837226009788       -105.65219510919515       -34.303928071084393     
  -41.785975779185954       -105.65307550899239       -34.304148048763970     
  -41.775513188590253       -105.65379296886218       -34.304327407688298     
  -41.767214667011388       -105.65436283904135       -34.304469930024908     
  -41.760839581171005       -105.65480111026706       -34.304579575716353     
  -41.756142102926589       -105.65512432026290       -34.304660455502670     
  -41.752871874247354       -105.65534946364244       -34.304716805119078     
  -41.750774684138371       -105.65549390601439       -34.304752960913760     
  -41.749593155660456       -105.65557530300019       -34.304773337107804     
  -41.749067441170311       -105.65561152479331       -34.304782404889458     
  -35.652935923888336       -106.07563573720354       -34.409931474530289     
  -34.128935923888335       -106.18063952491687       -34.436218174821832     
  -32.604935923888341       -106.28564331263020       -34.462504875113375     
  -31.080935923888340       -106.39064710034353       -34.488791575404917     
