  -68.514382439271373       -59.469852037502690       -18.931952357134804     
  -66.990382439271372       -59.332278628900859       -18.888156498761230     
  -65.466382439271371       -59.194705220299028       -18.844360640387656     
  -63.942382439271370       -59.057131811697197       -18.800564782014082     
  -57.842164987028298       -58.506457462538748       -18.625260149739507     
  -57.838660881788620       -58.506141142524363       -18.625159450725857     
  -57.833627474314369       -58.505686851255035       -18.625014829201326     
  -57.826796526317857       -58.505070475043645       -18.624818608685189     
  -57.817904668087927       -58.504268400149748       -18.624563271853081     
  -57.806694115498011       -58.503257596117116       -18.624241487068577     
  -57.792913372677894       -58.502015699760761       -18.623846135126044     
  -57.776317918347374       -58.500521099370268       -18.623370336074025     
  -57.756670873844705       -58.498753018681086       -18.622807475994314     
  -57.733743650925284       -58.496691600150406       -18.622151233628045     
  -57.707316577457021       -58.494317979577168       -18.621395604391818     
  -57.677179499200257       -58.491612196720354       -18.620534235784252     
  -57.643132355932764       -58.488554902653192       -18.619560972013236     
  -57.604985730267046       -58.485129071259280       -18.618470400922703     
  -57.562561367610961       -58.481318754523329       -18.617257461508910     
  -57.515692665845982       -58.477109158645632       -18.615917474694321     
  -57.464225133445865       -58.472486721116631       -18.614446178838904     
  -57.408016814936119       -58.467439187258591       -18.612839771934205     
  -57.346938682806496       -58.461955684121399       -18.611094963257475     
  -57.280874995242840       -58.456026788917008       -18.609209038395701     
  -57.209723619346960       -58.449644588395778       -18.607179943048397     
  -57.133396319872439       -58.442802724705423       -18.605006392969386     
  -57.051819013932239       -58.435496422325883       -18.602688019905212     
  -56.964931992678963       -58.427722489174883       -18.600225566412682     
  -56.872690116073798       -58.419479228692033       -18.597621128894254     
  -56.775062980618209       -58.410766283649004       -18.594878480398158     
  -56.672035049537094       -58.401584568766182       -18.592003555099094     
  -56.563605766119316       -58.391936079155556       -18.589005067564067     
  -56.449789652050271       -58.381823607283550       -18.585895330034930     
  -56.330616397603087       -58.371250359331732       -18.582691333932271     
  -56.206130954083605       -58.360219445749991       -18.579416179768316     
  -56.076393642841303       -58.348733211904474       -18.576100971010465     
  -55.941480299868218       -58.336792359729941       -18.572787326361293     
  -55.801482434195222       -58.324394907327651       -18.569530327957246     
  -55.656507245730083       -58.311535428057361       -18.566400615522792     
  -55.506677425560405       -58.298204732649502       -18.563485002088221     
  -55.352130728896569       -58.284390020219476       -18.560885525744112     
  -55.193019311284580       -58.270075533068876       -18.558716853240735     
  -55.029508865088403       -58.255243615348483       -18.557102321520677     
  -54.861777636723133       -58.239875871488209       -18.556169154101472     
  -54.690015378129658       -58.223954566161581       -18.556043577050698     
  -54.514422298276273       -58.207464014966789       -18.556846263543864     
  -54.335208058384758       -58.190391724690208       -18.558688301984514     
  -54.152590825490073       -58.172729327343355       -18.561667877041163     
  -53.966796497751595       -58.154472955449080       -18.565868503127692     
  -53.778058116299853       -58.135623887119834       -18.571359257630725     
  -53.586615268434265       -58.116189588602978       -18.578195388667012     
  -53.392713470603837       -58.096182239862706       -18.586418081521479     
  -53.196603537904352       -58.075618352216090       -18.596054604591675     
  -52.998540957322014       -58.054518449775813       -18.607118574123387     
  -52.798785250646787       -58.032906839834560       -18.619610379110835     
  -52.597599326784326       -58.010811517158103       -18.633517799883506     
  -52.395248849205466       -57.988263903396245       -18.648816727214850     
  -52.192001614636681       -57.965298493615116       -18.665472000599035     
  -51.988126946625457       -57.941952379330630       -18.683438343928557     
  -51.783895078332705       -57.918264958794516       -18.702661482248555     
  -51.579576542562556       -57.894277622321276       -18.723079354431633     
  -51.375441575218858       -57.870033332591909       -18.744623364633672     
  -51.171759512728450       -57.845576153882263       -18.767219491365772     
  -50.968798139571014       -57.820950954412126       -18.790789023885399     
  -50.766823007778100       -57.796203312312279       -18.815249206273613     
  -50.566096770738788       -57.771379338435118       -18.840513862854340     
  -50.366878531270537       -57.746525440520145       -18.866494013608698     
  -50.169423205369277       -57.721688031126021       -18.893098474407779     
  -49.973980884762938       -57.696913360298623       -18.920234495119757     
  -49.780796208635273       -57.672247382924915       -18.947808403419366     
  -49.590107756041867       -57.647735560464866       -18.975726214778899     
  -49.402147457793703       -57.623422625865260       -19.003894213653520     
  -49.217140025695890       -57.599352343071814       -19.032219510859651     
  -49.035302388169434       -57.575567370203551       -19.060610609509634     
  -48.856843145689474       -57.552109117856943       -19.088977940569421     
  -48.681962050372626       -57.529017575388828       -19.117234354503449     
  -48.510849508790848       -57.506331126626471       -19.145295573139766     
  -48.343686109190045       -57.484086360426097       -19.173080608708126     
  -48.180642168844784       -57.462317939881459       -19.200512206078496     
  -48.021877307773295       -57.441058476830570       -19.227517266357864     
  -47.867540048606124       -57.420338395849797       -19.254027198146012     
  -47.717767439671896       -57.400185816936187       -19.279978200920926     
  -47.572684704076948       -57.380626446588302       -19.305311478682487     
  -47.432404913491858       -57.361683493934059       -19.329973391854843     
  -47.297028683908465       -57.343377637928306       -19.353915560125273     
  -47.166643900923617       -57.325727002721393       -19.377094906295788     
  -47.041325475819249       -57.308747140058109       -19.399473645759887     
  -46.921135132045009       -57.292451028219077       -19.421019230571265     
  -46.806121223290333       -57.276849086032435       -19.441704253721035     
  -46.696318584924363       -57.261949196888068       -19.461506318264949     
  -46.591748419062860       -57.247756745148877       -19.480407878497495     
  -46.492418212422280       -57.234274672517827       -19.498396062177022     
  -46.398321690243819       -57.221503539799350       -19.515462475076010     
  -46.309438807251119       -57.209441591021950       -19.531602992642046     
  -46.225735775126054       -57.198084823241707       -19.546817542782556     
  -46.147165126036306       -57.187427063010993       -19.561109877263743     
  -46.073665813250507       -57.177460046114135       -19.574487341977669     
  -46.005163349805471       -57.168173497037628       -19.586960656483399     
  -45.941569985147957       -57.159555207211497       -19.598543705479752     
  -45.882784919432616       -57.151591111454344       -19.609253343601818     
  -45.828694555063450       -57.144265361975329       -19.619109214229145     
  -45.779172784664716       -57.137560400440989       -19.628133582725305     
  -45.734081314634075       -57.131457028304567       -19.636351183772607     
  -45.693270023464464       -57.125934475025360       -19.643789081620735     
  -45.656577353788052       -57.120970464317431       -19.650476541613571     
  -45.623830736766109       -57.116541279476813       -19.656444911125007     
  -45.594847047426100       -57.112621828550516       -19.661727507540846     
  -45.569433089427498       -57.109185720582495       -19.666359514033893     
  -45.547386094691177       -57.106209690621753       -19.670379231985155     
  -45.528494284711101       -57.103666253156511       -19.673825666635615     
  -45.512537437360862       -57.101522762402354       -19.676738103487132     
  -45.499287459587599       -57.099746231920236       -19.679157477476402     
  -45.488508996194319       -57.098303315585632       -19.681126231649070     
  -45.479960058539440       -57.097160294476566       -19.682688173479008     
  -45.473392671497280       -57.096283071054707       -19.683888329370021     
  -45.468553536986079       -57.095637171872120       -19.684772797985161     
  -45.465184712328451       -57.095187759897556       -19.685388603089308     
  -45.463024301667872       -57.094899657415816       -19.685783546587803     
  -45.461807158624303       -57.094737380304302       -19.686006062418347     
  -45.461265598335743       -57.094665184333074       -19.686105071913968     
  -39.365130116999552       -56.281982956501622       -20.800616811405547     
  -37.841130116999551       -56.078816914833588       -21.079238554013681     
  -36.317130116999550       -55.875650873165554       -21.357860296621816     
  -34.793130116999549       -55.672484831497520       -21.636482039229950     
