  -61.680908396620062       -43.259967633843551        132.34212773002548     
  -60.156908396620061       -43.247815824400838        132.30495256773756     
  -58.632908396620067       -43.235664014958125        132.26777740544964     
  -57.108908396620066       -43.223512205515412        132.23060224316171     
  -51.002338645896778       -43.174820688481667        132.08164376448352     
  -50.993556646970113       -43.174750664086993        132.08142954385667     
  -50.980941852720051       -43.174650146243287        132.08112203680022     
  -50.963821937024349       -43.174513858466518        132.08070510134391     
  -50.941536735524977       -43.174336671988790        132.08016304741571     
  -50.913440030472934       -43.174113635597998        132.07948072813210     
  -50.878901298499009       -43.173840006799608        132.07864363514119     
  -50.837307416515230       -43.173511284042632        132.07763799724478     
  -50.788064321056972       -43.173123239731190        132.07645088148740     
  -50.730598616493971       -43.172671953723203        132.07507029587279     
  -50.664359127671226       -43.172153840180854        132.07348527204707     
  -50.588818392652456       -43.171563708426653        132.07167993415064     
  -50.503474091373114       -43.170896276624923        132.06963813178444     
  -50.407850406450564       -43.170147690627850        132.06734809079984     
  -50.301499312238562       -43.169314356520239        132.06479884955530     
  -50.184001788562284       -43.168392974787032        132.06198037694799     
  -50.054968955799133       -43.167380575768263        132.05888370353674     
  -49.914043128188915       -43.166274554291839        132.05550106429786     
  -49.760898782505308       -43.165072700438778        132.05182605082740     
  -49.595243439186781       -43.163773223244270        132.04785377314292     
  -49.416818452701811       -43.162374764773190        132.04358103679533     
  -49.225399712109777       -43.160876387744963        132.03900650197940     
  -49.020798248163146       -43.159277534110423        132.03413084064729     
  -48.802860745373124       -43.157577944086249        132.02895689073935     
  -48.571469958093850       -43.155777511811017        132.02348977489692     
  -48.326545029885487       -43.153876056855886        132.01773697180690     
  -48.068041717549029       -43.151873036337200        132.01170848202563     
  -47.795952518597701       -43.149767126760729        132.00541695630994     
  -47.510306703154967       -43.147555616289381        131.99887771460664     
  -47.211170251882947       -43.145233614522979        131.99210882079242     
  -46.898645702162653       -43.142793063779457        131.98513135557980     
  -46.572871905664520       -43.140221356891082        131.97796955343981     
  -46.234023701532671       -43.137499518599391        131.97065102549635     
  -45.882311502011000       -43.134600163152534        131.96320731726192     
  -45.517980760666731       -43.131485968913289        131.95567411318441     
  -45.141311317351885       -43.128109139017958        131.94809111492094     
  -44.752616622920229       -43.124411858081544        131.94050142641080     
  -44.352242840700761       -43.120327729486554        131.93295019382364     
  -43.940567817363053       -43.115784439582193        131.92548390377226     
  -43.517999955751577       -43.110706821868860        131.91814911635964     
  -43.084977004126962       -43.105020067874477        131.91099126264481     
  -42.641964773703393       -43.098652723748948        131.90405345556951     
  -42.189455792619889       -43.091539344500838        131.89737548693111     
  -41.727967906213074       -43.083622657574800        131.89099292207425     
  -41.258042842102370       -43.074854699653805        131.88493662044635     
  -40.780244748959170       -43.065197518921735        131.87923491321834     
  -40.295158680822652       -43.054623944860083        131.87391651821537     
  -39.803389024181747       -43.043116197342286        131.86900671947461     
  -39.305557873381915       -43.030665498651359        131.86452668872244     
  -38.802303361888676       -43.017271823604631        131.86049343720782     
  -38.294277950998946       -43.002943593623044        131.85691987073685     
  -37.782146687573402       -42.987697238360127        131.85381475121358     
  -37.266585425440276       -42.971556733044956        131.85118290224327     
  -36.748279027282052       -42.954552987418822        131.84902527196707     
  -36.227919538708555       -42.936723216724104        131.84733923023799     
  -35.706204351682082       -42.918110187296321        131.84611873763328     
  -35.183834351440204       -42.898761441388892        131.84535466937299     
  -34.661512057571720       -42.878728461245380        131.84503510795375     
  -34.139939759108550       -42.858065916080506        131.84514563573853     
  -33.619817637869112       -42.836831189087107        131.84566960134717     
  -33.101841900816524       -42.815083970711271        131.84658826084924     
  -32.586702914180485       -42.792885909566166        131.84788111553436     
  -32.075083361529657       -42.770300222235740        131.84952614706413     
  -31.567656417649484       -42.747391267839760        131.85149995561403     
  -31.065083951642933       -42.724224134573745        131.85377793231675     
  -30.568014756370832       -42.700864277629755        131.85633458137630     
  -30.077082812472781       -42.677377143957820        131.85914377858339     
  -29.592905594501918       -42.653827810039637        131.86217903956415     
  -29.116082415572130       -42.630280621112632        131.86541375040304     
  -28.647192828130290       -42.606798818461748        131.86882131108453     
  -28.186795067036481       -42.583444220861438        131.87237538656962     
  -27.735424559769726       -42.560276895679884        131.87605005954495     
  -27.293592485608563       -42.537354877052671        131.87982005414256     
  -26.861784410973954       -42.514733871388380        131.88366085797867     
  -26.440458982080354       -42.492466983857327        131.88754891817041     
  -26.030046700388475       -42.470604423952466        131.89146173034015     
  -25.630948763193697       -42.449193281747981        131.89537800250315     
  -25.243535987280566       -42.428277335104205        131.89927776042958     
  -24.868147811996437       -42.407896895497878        131.90314241948244     
  -24.505091381022609       -42.388088702800800        131.90695486148519     
  -24.154640719742762       -42.368885837104060        131.91069942371368     
  -23.817035988157052       -42.350317697494837        131.91436196492009     
  -23.492482834646772       -42.332409984387738        131.91792982186402     
  -23.181151838185070       -42.315184725431187        131.92139179200387     
  -22.883178039626880       -42.298660342891992        131.92473814960297     
  -22.598660577210318       -42.282851714936250        131.92796055966392     
  -22.327662412809680       -42.267770273260140        131.93105203530791     
  -22.070210153409629       -42.253424122083459        131.93400690591275     
  -21.826293975785312       -42.239818151780632        131.93682072533466     
  -21.595867648474158       -42.226954163718020        131.93949018416345     
  -21.378848647332070       -42.214831016893953        131.94201306558739     
  -21.175118371997986       -42.203444772812304        131.94438816516734     
  -20.984522460838953       -42.192788838199391        131.94661519745674     
  -20.806871202308752       -42.182854103921521        131.94869470892789     
  -20.641940039337953       -42.173629087348672        131.95062802648576     
  -20.489470169796228       -42.165100060338482        131.95241718925504     
  -20.349169239938611       -42.157251168104587        131.95406488210563     
  -20.220712128647687       -42.150064540151092        131.95557437527779     
  -20.103741820623842       -42.143520393008863        131.95694946854553     
  -19.997870365287710       -42.137597127000042        131.95819444476047     
  -19.902679919251632       -42.132271417129836        131.95931402967483     
  -19.817723870083920       -42.127518298353259        131.96031335418189     
  -19.742528037852555       -42.123311247561688        131.96119792086705     
  -19.676591951147262       -42.119622273808908        131.96197360510286     
  -19.619390193846126       -42.116426115850878        131.96265949859000     
  -19.570373819929756       -42.113693316733588        131.96326598516495     
  -19.528971831429526       -42.111389352220499        131.96379172811126     
  -19.494592715560330       -42.109479200260317        131.96423766246676     
  -19.466626037529529       -42.107927338799527        131.96460669056313     
  -19.444444084450605       -42.106697749414280        131.96490338683850     
  -19.427403555944949       -42.105753927985383        131.96513371608364     
  -19.414847296890930       -42.105058903470940        131.96530476906466     
  -19.406106067665768       -42.104575265686286        131.96542451918529     
  -19.400500347123852       -42.104265202868994        131.96550160352371     
  -19.397342163465037       -42.104090549676869        131.96554513120108     
  -19.395936948069355       -42.104012846128100        131.96556452162790     
  -13.299585407310676       -41.766905701761438        132.04968746729824     
  -11.775585407310675       -41.682633775416640        132.07071699099689     
  -10.251585407310676       -41.598361849071843        132.09174651469553     
  -8.7275854073106753       -41.514089922727045        132.11277603839417     
