  -64.618218897513898       -32.500741280236710        100.02744510414473     
  -63.094218897513898       -32.520399348932131        100.08794668998151     
  -61.570218897513897       -32.540057417627551        100.14844827581828     
  -60.046218897513896       -32.559715486322972        100.20894986165506     
  -53.940773571063986       -32.638469596325272        100.45133117693719     
  -53.932925782436264       -32.638570824913167        100.45164272789341     
  -53.921652874556969       -32.638716398084341        100.45209075805563     
  -53.906353981589454       -32.638914270332783        100.45269974894887     
  -53.886439069482932       -32.639172378894990        100.45349412898531     
  -53.861330519848273       -32.639498660816450        100.45449832598827     
  -53.830464679586939       -32.639901074212446        100.45573683262803     
  -53.793293372159233       -32.640387623192126        100.45723428313035     
  -53.749285366484095       -32.640966385866449        100.45901553947536     
  -53.697927799578878       -32.641645544821245        100.46110578518571     
  -53.638727549174348       -32.642433412283609        100.46353060277950     
  -53.571212552675853       -32.643336397273956        100.46630971728000     
  -53.494933068987962       -32.644360590153731        100.46946187297164     
  -53.409462879874688       -32.645513354079128        100.47300973141159     
  -53.314400427619525       -32.646802103198972        100.47697611108725     
  -53.209369884743843       -32.648234331593635        100.48138407647400     
  -53.094022154837056       -32.649817649319935        100.48625704895771     
  -52.968035802385216       -32.651559828026897        100.49161894720568     
  -52.831117907376381       -32.653468842326838        100.49749431446074     
  -52.683004843112805       -32.655552909780262        100.50390844155214     
  -52.523462975251810       -32.657820527808411        100.51088748042463     
  -52.352289279971671       -32.660280503462481        100.51845853564738     
  -52.169311874251129       -32.662941939333422        100.52664962088667     
  -51.974390466499152       -32.665814234100104        100.53548966036470     
  -51.767416727781630       -32.668907104177471        100.54500855516584     
  -51.548314573963275       -32.672230568696342        100.55523713657094     
  -51.317040358106787       -32.675794897643009        100.56620700584904     
  -51.073582962459739       -32.679610461485630        100.57795007065131     
  -50.817963827826027       -32.683687705707420        100.59049846555881     
  -50.550236893810599       -32.688037093441011        100.60388437410569     
  -50.270488434051721       -32.692668927101970        100.61813947793731     
  -49.978836797924828       -32.697593112624432        100.63329422870356     
  -49.675432108599217       -32.702819137804035        100.64937777809605     
  -49.360455847651693       -32.708355882985458        100.66641739129994     
  -49.034120327921158       -32.714211273220116        100.68443737362998     
  -48.696668151433840       -32.720392271534195        100.70345904889801     
  -48.348371543838169       -32.726904650184061        100.72350005650780     
  -47.989531589317345       -32.733752656031214        100.74457332481781     
  -47.620477467198960       -32.740939071199740        100.76668726283812     
  -47.241565528997150       -32.748464859764667        100.78984467888887     
  -46.853178358175796       -32.756329093383542        100.81404255799734     
  -46.455723766414756       -32.764528916034600        100.83927195928592     
  -46.049633670097634       -32.773059259786208        100.86551714642253     
  -45.635362995609064       -32.781913032706612        100.89275617027532     
  -45.213388429839320       -32.791080837424062        100.92096000503133     
  -44.784207205099470       -32.800551926289330        100.95009548790891     
  -44.348335768093484       -32.810315060429183        100.98012796275206     
  -43.906308444595496       -32.820357333106571        101.01101765849722     
  -43.458676041004239       -32.830663914430943        101.04271890322295     
  -43.006004410395825       -32.841218132674307        101.07518037405602     
  -42.548872990853738       -32.852001539338104        101.10834529690695     
  -42.087873295922606       -32.862994002655348        101.14215173354927     
  -41.623607395182219       -32.874173845577268        101.17653300541899     
  -41.156686346663449       -32.885517976212988        101.21141809401338     
  -40.687728629665642       -32.897002071297706        101.24673220432044     
  -40.217358530742914       -32.908600748873965        101.28239729490379     
  -39.746204542719077       -32.920287779624559        101.31833272681116     
  -39.274897711910668       -32.932036291936953        101.35445589309842     
  -38.804070019532830       -32.943818999794480        101.39068291874204     
  -38.334352696899280       -32.955608420629027        101.42692933016059     
  -37.866374605705701       -32.967377111570578        101.46311078153771     
  -37.400760530310961       -32.979097877394778        101.49914369402589     
  -36.938129571943335       -32.990744007661505        101.53494598476925     
  -36.479093432287456       -33.002289454237761        101.57043761243848     
  -36.024254834116270       -33.013709060069267        101.60554128048541     
  -35.574205817356649       -33.024978692506451        101.64018284664762     
  -35.129526194977487       -33.036075451091179        101.67429196162779     
  -34.690781891277638       -33.046977753646594        101.70780233324024     
  -34.258523435967113       -33.057665503984587        101.74065224177207     
  -33.833284385099212       -33.068120143545364        101.77278469814797     
  -33.415579848997432       -33.078324753848634        101.80414775850959     
  -33.005905045927257       -33.088264104121848        101.83469467010086     
  -32.604733852876052       -33.097924644485985        101.86438384964222     
  -32.212517537887067       -33.107294589545972        101.89317913996936     
  -31.829683348904673       -33.116363790123344        101.92104941464434     
  -31.456633421451759       -33.125123852373335        101.94796894395326     
  -31.093743493650578       -33.133567950533738        101.97391681808780     
  -30.741361891809877       -33.141690860248353        101.99887704927495     
  -30.399808517572207       -33.149488882509630        102.02283833735240     
  -30.069373846250596       -33.156959677103501        102.04579355691175     
  -29.750318183187389       -33.164102315025616        102.06773991844435     
  -29.442870829540706       -33.170917082707071        102.08867836571433     
  -29.147229405003415       -33.177405380777749        102.10861326416268     
  -28.863559338542988       -33.183569733471472        102.12755242988966     
  -28.591993320057156       -33.189413595907730        102.14550653662887     
  -28.332630904103578       -33.194941253660964        102.16248880680178     
  -28.085538263394575       -33.200157815877439        102.17851499052144     
  -27.850747965858762       -33.205069087407416        102.19360297227840     
  -27.628258852318652       -33.209681453714097        102.20777241697938     
  -27.418036042402736       -33.214001827980198        102.22104460742690     
  -27.220011048682629       -33.218037628812183        102.23344237598326     
  -27.034081944313559       -33.221796681749360        102.24498980175007     
  -26.860113637987908       -33.225287152778435        102.25571200625780     
  -26.697938252460656       -33.228517508667039        102.26563503168346     
  -26.547355595654707       -33.231496485455018        102.27478574416156     
  -26.408133725326554       -33.234233070847111        102.28319177986401     
  -26.280009587685903       -33.236736459597829        102.29088140794461     
  -26.162689747635806       -33.239016026761504        102.29788344844609     
  -26.055851206226535       -33.241081313610984        102.30422722918343     
  -25.959142299047997       -33.242942017204790        102.30994255383747     
  -25.872183672859911       -33.244607983201298        102.31505968003012     
  -25.794569337551373       -33.246089201478121        102.31960930602040     
  -25.725867790340008       -33.247395804129226        102.32362256471075     
  -25.665623209225483       -33.248538077005627        102.32713105933065     
  -25.613356711140053       -33.249530967843832        102.33018073780275     
  -25.568567671785715       -33.250386416379868        102.33280828808799     
  -25.530735104003231       -33.251112309090487        102.33503792146679     
  -25.499319090057924       -33.251717389759548        102.33689648545771     
  -25.473762263707911       -33.252211161235330        102.33841316163823     
  -25.453491337818470       -33.252603788731825        102.33961916822766     
  -25.437918673171808       -33.252906005781462        102.34054747082853     
  -25.426443884021310       -33.253129023881073        102.34123250454368     
  -25.418455475853325       -33.253284446808237        102.34170991046632     
  -25.413332510748443       -33.253384190498693        102.34201628929040     
  -25.410446295678621       -33.253440409287087        102.34218897450529     
  -25.409162089036208       -33.253465429209172        102.34226582732674     
  -19.312840820666434       -33.372238746600857        102.70709768107263     
  -17.788840820666433       -33.401930511148123        102.79830083796554     
  -16.264840820666436       -33.431622275695389        102.88950399485846     
  -14.740840820666433       -33.461314040242655        102.98070715175137     
