  -60.310095074533436       -48.405877068189184        147.46622231301254     
  -58.786095074533435       -48.375129196871846        147.37255037270825     
  -57.262095074533434       -48.344381325554508        147.27887843240396     
  -55.738095074533433       -48.313633454237170        147.18520649209967     
  -49.630233819261790       -48.190402659026375        146.80978968442855     
  -49.620378765570685       -48.190203825743751        146.80918394820739     
  -49.606222605595292       -48.189918419950068        146.80831447291308     
  -49.587010876272828       -48.189531475015194        146.80713566341257     
  -49.562002770406373       -48.189028452306175        146.80560322844869     
  -49.530473142222789       -48.188395327423372        146.80367444336056     
  -49.491714471711134       -48.187618679452662        146.80130842200745     
  -49.445038782380358       -48.186685782039227        146.79846639429232     
  -49.389779507199741       -48.185584694967375        146.79511198533606     
  -49.325293297626182       -48.184304354803416        146.79121149206676     
  -49.250961770778154       -48.182834655296972        146.78673412917402     
  -49.166193189986849       -48.181164285678989        146.78164544572573     
  -49.070424074140753       -48.179282494509806        146.77591270291788     
  -48.963120731442622       -48.177180852675306        146.76951025303748     
  -48.843780713415832       -48.174851949953066        146.76241558323176     
  -48.711934185233702       -48.172289449663374        146.75460950741365     
  -48.567145208702541       -48.169488133076207        146.74607634417870     
  -48.409012934506897       -48.166443929122728        146.73680407656769     
  -48.237172700629195       -48.163153923568565        146.72678448928738     
  -48.051297034187073       -48.159616340084369        146.71601327901573     
  -47.851096554295211       -48.155830483528582        146.70449013375935     
  -47.636320773958083       -48.151796633166590        146.69221877799063     
  -47.406758799442727       -48.147515870394137        146.67920698156519     
  -47.162239926073660       -48.142989821677169        146.66546653230813     
  -46.902634129945405       -48.138220292687308        146.65101317475080     
  -46.627852455678209       -48.133208763711217        146.63586652091723     
  -46.337847301070418       -48.127955708943581        146.62004994341999     
  -46.032612600363649       -48.122459692564512        146.60359046661929     
  -45.712183908888306       -48.116716181525156        146.58651867849383     
  -45.376638393190618       -48.110715997012932        146.56886869464654     
  -45.026094732511389       -48.104443300789207        146.55067821733275     
  -44.660712760689513       -48.097873482229325        146.53199029552755     
  -44.280692566269266       -48.090971585840144        146.51285939871394     
  -43.886274545457262       -48.083687241881286        146.49334874449622     
  -43.477739055886978       -48.075951329356862        146.47352925198453     
  -43.055405692999585       -48.067674977501632        146.45347933217414     
  -42.619632354808417       -48.058750538954015        146.43328402982712     
  -42.170814091499565       -48.049054650363075        146.41303349250654     
  -41.709381762758589       -48.038453020815446        146.39282089921329     
  -41.235800546090054       -48.026806223987741        146.37274010053224     
  -40.750568342712199       -48.013975714991375        146.35288323836073     
  -40.254214117032141       -47.999829489134939        146.33333854542806     
  -39.747296190991882       -47.984247070015776        146.31418843176908     
  -39.230400508574746       -47.967123625094345        146.29550792500089     
  -38.704138935123908       -47.948372115846730        146.27736383568791     
  -38.169147640571254       -47.927924020605325        146.25981704243839     
  -37.626085836070260       -47.905729726509023        146.24292475286850     
  -37.075633955899342       -47.881756874794490        146.22673631207434     
  -36.518491507673893       -47.855990060617437        146.21129328287620     
  -35.955375191498021       -47.828430399622917        146.19662949993429     
  -35.387016990895361       -47.799094942734087        146.18277117853162     
  -34.814162231541985       -47.768015928630867        146.16973710938419     
  -34.237567613460079       -47.735239868673908        146.15753894016174     
  -33.657999221858987       -47.700826468722852        146.14618154063561     
  -33.076230521460623       -47.664847399546609        146.13566344547789     
  -32.493040338878998       -47.627384933047544        146.12597736649090     
  -31.909210837089464       -47.588530467946235        146.11711077098849     
  -31.325525424220668       -47.548383390223819        146.10904776230220     
  -30.742766593892735       -47.507050448223829        146.10177210403768     
  -30.161714006123962       -47.464643871100471        146.09526470572089     
  -29.583142466447416       -47.421280345798031        146.08950308921266     
  -29.007819877905138       -47.377080256745735        146.08446171093863     
  -28.436505212790582       -47.332166916350793        146.08011229610358     
  -27.869946509188345       -47.286665791976624        146.07642418061829     
  -27.308878897282025       -47.240703735051021        146.07336465695511     
  -26.754022660331490       -47.194408217782517        146.07089932030561     
  -26.206081335141327       -47.147906582766218        146.06899241160801     
  -25.665739856753163       -47.101325310559346        146.06760715422863     
  -25.133662762454353       -47.054789291097094        146.06670602370787     
  -24.610492570567157       -47.008420906336319        146.06625033533382     
  -24.096848056153000       -46.962339435570300        146.06620070390630     
  -23.593322479983215       -46.916660684545811        146.06651808938375     
  -23.100482012126779       -46.871496426293724        146.06716411499031     
  -22.618864234842000       -46.826953860027430        146.06810132120563     
  -22.148976722965486       -46.783135062075196        146.06929341246990     
  -21.691295704029717       -46.740136457363512        146.07070548710215     
  -21.246264798661812       -46.698048366914492        146.07230423280410     
  -20.814293844292589       -46.656954637866370        146.07405808607757     
  -20.395757805417631       -46.616932354562906        146.07593735654959     
  -19.990995773489239       -46.578051627995450        146.07791431771386     
  -19.600310059338298       -46.540375459760945        146.07996326604061     
  -19.223965380830382       -46.503959675727387        146.08206055077756     
  -18.862188148060532       -46.468852924839837        146.08418458033950     
  -18.515165814684945       -46.435096924728803        146.08631639500831     
  -18.183046307678545       -46.402726884999034        146.08844063160333     
  -17.865937719767814       -46.371771095151324        146.09054369822357     
  -17.563908033215792       -46.342250962662078        146.09261322267906     
  -17.276984918499618       -46.314181254613423        146.09463804078828     
  -17.005155640289765       -46.287570362552088        146.09660817773241     
  -16.748367071473830       -46.262420583266341        146.09851482288900     
  -16.506525815433349       -46.238728411927909        146.10035029843206     
  -16.279498436123681       -46.216484850678412        146.10210801998650     
  -16.067111796115423       -46.195675719302493        146.10378245297218     
  -15.869153502473862       -46.176281954405873        146.10536906842535     
  -15.685372459511889       -46.158279893511768        146.10686429904101     
  -15.515479527072353       -46.141641542146992        146.10826549579366     
  -15.359148282664911       -46.126334822802470        146.10957088537143     
  -15.216015885457551       -46.112323805456896        146.11077952854146     
  -15.085684039804322       -46.099568920141387        146.11189127944061     
  -14.967720055678331       -46.088027152804109        146.11290674566115     
  -14.861658003076238       -46.077652226486258        146.11382724886968     
  -14.766999957169970       -46.068394770480992        146.11465478558586     
  -14.683217330709834       -46.060202480628014        146.11539198767446     
  -14.609752289930942       -46.053020285142836        146.11604211669848     
  -14.546019247563327       -46.046795105507123        146.11662344251488     
  -14.491406437889943       -46.041468165600911        146.11714466455558     
  -14.445277559214938       -46.036974080002828        146.11760151873716     
  -14.406973479730377       -46.033246031905335        146.11799243427907     
  -14.375814008103609       -46.030215834868542        146.11831817112275     
  -14.351099721271630       -46.027814003216136        146.11858146728378     
  -14.332113844536217       -46.025969832624227        146.11878670162289     
  -14.318124178921282       -46.024611492161682        146.11893957722413     
  -14.308385070630214       -46.023666128821908        146.11904683017912     
  -14.302139417327973       -46.023059985385878        146.11911596811871     
  -14.298620705872226       -46.022718532274460        146.11915504231527     
  -14.297055076030176       -46.022566613862018        146.11917245661621     
  -8.2006634046434055       -45.431012902080184        146.18698184321110     
  -6.6766634046434046       -45.283133975437920        146.20393310073212     
  -5.1526634046434054       -45.135255048795656        146.22088435825313     
  -3.6286634046434045       -44.987376122153393        146.23783561577415     
