  -62.521566555790287        127.75455750967618       -20.612467559454672     
  -60.997566555790286        127.75610585373336       -20.612717375916727     
  -59.473566555790285        127.75765419779054       -20.612967192378782     
  -57.949566555790284        127.75920254184773       -20.613217008840838     
  -51.843589550984795        127.76540605445186       -20.614217910135288     
  -51.835300027370458        127.76541447639059       -20.614219268966956     
  -51.823392620269793        127.76542684027277       -20.614221263808677     
  -51.807232677607018        127.76544412213599       -20.614224052138582     
  -51.786197009942775        127.76546748550908       -20.614227821685706     
  -51.759675570000127        127.76549834092945       -20.614232800033534     
  -51.727073096683100        127.76553841182496       -20.614239265252529     
  -51.687810719148992        127.76558980590713       -20.614247557427397     
  -51.641327516601464        127.76565509116408       -20.614258090940815     
  -51.587082029589290        127.76573737549504       -20.614271367377267     
  -51.524553718721286        127.76584036863923       -20.614287985640082     
  -51.453244366793953        127.76596247550009       -20.614307689207237     
  -51.372679420623946        127.76610138428491       -20.614330106927891     
  -51.282409268969225        127.76625867214983       -20.614355497113223     
  -51.182010453024304        127.76643625294106       -20.614384176203174     
  -51.071086806248381        127.76663648386632       -20.614416539112355     
  -50.949270520461745        127.76686228580088       -20.614453083900450     
  -50.816223135355784        127.76711727500303       -20.614494441568194     
  -50.671636448784305        127.76740590298583       -20.614541412109968     
  -50.515233345252852        127.76773359483198       -20.614595007561991     
  -50.346768539539497        127.76810685377413       -20.614656500001693     
  -50.166029236020357        127.76853339860183       -20.614727489455731     
  -49.972835700802499        127.76902228955075       -20.614809990128165     
  -49.767041744813085        127.76958402030935       -20.614906538595179     
  -49.548535116764839        127.77023055655965       -20.615020330172275     
  -49.317237803027233        127.77097519133308       -20.615155374541608     
  -49.073106240386736        127.77183255644185       -20.615316740760143     
  -48.816131438263120        127.77281859792021       -20.615510880396307     
  -48.546339008237155        127.77395036384634       -20.615746029831502     
  -48.263789100554909        127.77524551823058       -20.616032711175862     
  -47.968576258964852        127.77672219854490       -20.616384475982798     
  -47.660829187427723        127.77839867602395       -20.616818865566959     
  -47.340710427240879        127.78029249003848       -20.617358617156945     
  -47.008415955985285        127.78242001900254       -20.618033178634477     
  -46.664174686807804        127.78479610900455       -20.618879784934656     
  -46.308247853965710        127.78743318417254       -20.619943675043974     
  -45.940928301667519        127.79034128410781       -20.621277636366099     
  -45.562539664289964        127.79352784786423       -20.622940637949267     
  -45.173435445463660        127.79699744017020       -20.624995733890774     
  -44.773998013892452        127.80075220112919       -20.627507666058666     
  -44.364637512251392        127.80479132777243       -20.630540219272845     
  -43.945790704153552        127.80911170996521       -20.634153915826950     
  -43.517919753962460        127.81370780337021       -20.638403872326350     
  -43.081510948261425        127.81857192663884       -20.643338093899295     
  -42.637073374255813        127.82369427369611       -20.648996550981785     
  -42.185137558035194        127.82906496164702       -20.655411512081805     
  -41.726254050882282        127.83467699665367       -20.662608151891881     
  -41.260991960182281        127.84052228071535       -20.670604000174166     
  -40.789937433180810        127.84659109823100       -20.679408972033428     
  -40.313692095708404        127.85287192544583       -20.689025496801538     
  -39.832871451961886        127.85935154628298       -20.699448761919633     
  -39.348103247754892        127.86601499001900       -20.710666998733160     
  -38.860025805314059        127.87284564057568       -20.722661871876287     
  -38.369286325994437        127.87982532405815       -20.735408936347280     
  -37.876539178848013        127.88693438279503       -20.748878161346745     
  -37.382444157124148        127.89415190046250       -20.763034537688782     
  -36.887664739457776        127.90145576590382       -20.777838711274274     
  -36.392866315226534        127.90882298909494       -20.793247693898799     
  -35.898714432891659        127.91622978744695       -20.809215478881455     
  -35.405873004600821        127.92365197885483       -20.825693501509839     
  -34.915002550879713        127.93106515110381       -20.842630987373337     
  -34.426758410930340        127.93844504443682       -20.859975340702317     
  -33.941789004676259        127.94576775737862       -20.877672509954490     
  -33.460734073192469        127.95301006575289       -20.895667375255105     
  -32.984222972867805        127.96014963401969       -20.913904118933672     
  -32.512872967170715        127.96716529010850       -20.932326604544912     
  -32.047287570652344        127.97403721637134       -20.950878737968285     
  -31.588054908570196        127.98074711366891       -20.969504817124946     
  -31.135746130984046        127.98727833691551       -20.988149868152018     
  -30.690913856907912        127.99361602701026       -21.006759969433432     
  -30.254090681264103        127.99974719973574       -21.025282555641720     
  -29.825787714904013        128.00566078130484       -21.043666697346119     
  -29.406493207612513        128.01134767078872       -21.061863368562154     
  -28.996671195418813        128.01680064906384       -21.079825674150293     
  -28.596760260692793        128.02201444171280       -21.097509105134360     
  -28.207172303257998        128.02698551179842       -21.114871739403956     
  -27.828291446207292        128.03171213026110       -21.131874455019116     
  -27.460472957546077        128.03619412245394       -21.148481054233727     
  -27.104042292267973        128.04043284077443       -21.164658389061252     
  -26.759294200865185        128.04443103199705       -21.180376435643147     
  -26.426491904296597        128.04819260200898       -21.195608318628132     
  -26.105866394663245        128.05172262417415       -21.210330345485772     
  -25.797615783402300        128.05502708046808       -21.224521968579335     
  -25.501904755873589        128.05811271965251       -21.238165740971215     
  -25.218864132892040        128.06098702870912       -21.251247268767539     
  -24.948590495754875        128.06365799105234       -21.263755108685437     
  -24.691145918462993        128.06613395665863       -21.275680667779611     
  -24.446557805479355        128.06842361219412       -21.287018106683707     
  -24.214818807987747        128.07053582380726       -21.297764211618681     
  -23.995886836665729        128.07247950427828       -21.307918263055033     
  -23.789685175768977        128.07426354753727       -21.317481909759099     
  -23.596102693956848        128.07589679831139       -21.326459041525229     
  -23.414994140283124        128.07738795217648       -21.334855648728393     
  -23.246180535436356        128.07874548786174       -21.342679691263520     
  -23.089449657058719        128.07997763114105       -21.349940978332601     
  -22.944556615404149        128.08109232800194       -21.356651056163301     
  -22.811224518510652        128.08209723542319       -21.362823105539359     
  -22.689145221873801        128.08299969518595       -21.368471843549376     
  -22.577980163032631        128.08380671745283       -21.373613433823621     
  -22.477361279588372        128.08452498277248       -21.378265406256642     
  -22.386892006994888        128.08516084989859       -21.382446583329187     
  -22.306148353337310        128.08572036864516       -21.386177011849743     
  -22.234680048128627        128.08620929719643       -21.389477898776459     
  -22.172011761955776        128.08663315406727       -21.392371554884619     
  -22.117644394027810        128.08701009230060       -21.394883497314794     
  -22.071056422583890        128.08734906168650       -21.397038709935522     
  -22.031705316164526        128.08764685245791       -21.398861079338488     
  -21.999029001767489        128.08790211575752       -21.400375687234153     
  -21.972447385013886        128.08811511011291       -21.401608698869072     
  -21.951363918598684        128.08828745607067       -21.402587250831861     
  -21.935167214744713        128.08842190234640       -21.403339338886678     
  -21.923232697283197        128.08852210687837       -21.403893706552036     
  -21.914924288878630        128.08859243591510       -21.404279735139252     
  -21.909596128822503        128.08863778397404       -21.404527335935143     
  -21.906594316739636        128.08866341718428       -21.404666845167196     
  -21.905258677483701        128.08867484216753       -21.404728922333032     
  -15.808924542443723        128.14082254231070       -21.688071257033137     
  -14.284924542443722        128.15385875280339       -21.758902958268315     
  -12.760924542443723        128.16689496329607       -21.829734659503490     
  -11.236924542443722        128.17993117378876       -21.900566360738669     
