  -65.485820796680841       -77.139585396883376        56.157227914439247     
  -63.961820796680833       -77.192933904520444        56.196065358115867     
  -62.437820796680839       -77.246282412157512        56.234902801792487     
  -60.913820796680838       -77.299630919794581        56.273740245469106     
  -54.808385084858173       -77.513355252930936        56.429330478788735     
  -54.800545282460043       -77.513629689780089        56.429530267426578     
  -54.789283842814051       -77.514024385038297        56.429817603577760     
  -54.774000507144379       -77.514560950550091        56.430208220555784     
  -54.754105834782983       -77.515260979489838        56.430717838082153     
  -54.729022784608546       -77.516146101300109        56.431362202281036     
  -54.698188262181745       -77.517238048922280        56.432157134620887     
  -54.661054628475057       -77.518558736765414        56.433118588671313     
  -54.617091166201917       -77.520130347729619        56.434262713443239     
  -54.565785499866330       -77.521975427490702        56.435605921998324     
  -54.506644965780815       -77.524116963680143        56.437164949024186     
  -54.439197928436350       -77.526572545656592        56.438952599036611     
  -54.362995039754551       -77.529358929229758        56.440981069193278     
  -54.277610437907953       -77.532496621547665        56.443265286535357     
  -54.182642881872759       -77.536006363944253        56.445820346552665     
  -54.077716817064470       -77.539909198284477        56.448661559803959     
  -53.962483374721813       -77.544226597082655        56.451804543825887     
  -53.836621298824532       -77.548980592176193        56.455265312231475     
  -53.699837797981480       -77.554193895648268        56.459060355518432     
  -53.551869320621627       -77.559890017895540        56.463206715916996     
  -53.392482251516320       -77.566093378222860        56.467722051227426     
  -53.221473527092691       -77.572829390857194        56.472624672929797     
  -53.038671163069168       -77.580124445227668        56.477933496501095     
  -52.843934705800017       -77.588005970978841        56.483668038702845     
  -52.637155600637215       -77.596502496887624        56.489848390685673     
  -52.418257472845688       -77.605643644591268        56.496495117432268     
  -52.187196316220692       -77.615459995183173        56.503629030168398     
  -51.943960583524074       -77.625982748384686        56.511270762671593     
  -51.688571221102066       -77.637243798561727        56.519440592208809     
  -51.421081609394882       -77.649275672802062        56.528158083240136     
  -51.141577394842017       -77.662111149466739        56.537441397683352     
  -50.850176239733742       -77.675782924490946        56.547306506217062     
  -50.547027529632835       -77.690323865359431        56.557766649290279     
  -50.232311958476714       -77.705766777665261        56.568831313720771     
  -49.906241007615193       -77.722143763834154        56.580505150072241     
  -49.569056414346854       -77.739486311898048        56.592787836373496     
  -49.221029495390930       -77.757824411941399        56.605673674142125     
  -48.862460382489012       -77.777185382823930        56.619151440829057     
  -48.493677256446141       -77.797593476097674        56.633205195888870     
  -48.115035404854581       -77.819068185205950        56.647814370646707     
  -47.726916287230175       -77.841623511018497        56.662954606518653     
  -47.329726517170656       -77.865267112528286        56.678598429588867     
  -46.923896739364395       -77.889999082497624        56.694715502487142     
  -46.509880537177985       -77.915811967913243        56.711273586125486     
  -46.088153183790610       -77.942689768536809        56.728238315934746     
  -45.659210445311281       -77.970610705637313        56.745575220915924     
  -45.223567257007950       -77.999549701365268        56.763251460339582     
  -44.781756407386069       -78.029475082337015        56.781233383868567     
  -44.334327152156170       -78.060347816599574        56.799485923607755     
  -43.881843798643956       -78.092121866973983        56.817972774451448     
  -43.424884263250448       -78.124744388000479        56.836656425104984     
  -42.964038578735867       -78.158156138486888        56.855498308861421     
  -42.499907397011476       -78.192291920278024        56.874458931966672     
  -42.033100436077589       -78.227081116653750        56.893498036449273     
  -41.564234938810934       -78.262448314711179        56.912574785884829     
  -41.093934069199811       -78.298313974184268        56.931647952769410     
  -40.622825339987259       -78.334595175574734        56.950676134136522     
  -40.151538963427051       -78.371206376488558        56.969617952596415     
  -39.680706261968453       -78.408060214375524        56.988432320714907     
  -39.210957977008654       -78.445068205007871        57.007078739285070     
  -38.742922677206380       -78.482141512676677        57.025517687767390     
  -38.277225034686985       -78.519191577544333        57.043710906960541     
  -37.814484246031149       -78.556130902335681        57.061621793245322     
  -37.355312291110934       -78.592873576386168        57.079215598779300     
  -36.900312377872453       -78.629336046619954        57.096459810036855     
  -36.450077206380321       -78.665437503551857        57.113324246107432     
  -36.005187444981544       -78.701100593859607        57.129781396238535     
  -35.566210031617452       -78.736251665301396        57.145806419703653     
  -35.133696683167720       -78.770821363114351        57.161377405945260     
  -34.708182277957889       -78.804744775174072        57.176475311382077     
  -34.290183390455624       -78.837961821600857        57.191084081558017     
  -33.880196811104533       -78.870417399916079        57.205190602226381     
  -33.478698094188815       -78.902061466704339        57.218784614677460     
  -33.086140268924225       -78.932849315835199        57.231858779758667     
  -32.702952403678403       -78.962741235155775        57.244408290972473     
  -32.329538508798002       -78.991702918094830        57.256431039573542     
  -31.966276215332542       -79.019704941853490        57.267927121004448     
  -31.613515766967030       -79.046722981382572        57.278898894957372     
  -31.271578973616379       -79.072737570767288        57.289350735760678     
  -30.940758198648840       -79.097733682940941        57.299288671067970     
  -30.621315608827775       -79.121700924588396        57.308720483750008     
  -30.313482310923551       -79.144632950531417        57.317655265172235     
  -30.017457672683648       -79.166527237147207        57.326103244835707     
  -29.733408801759889       -79.187385110783666        57.334075818324472     
  -29.461469978322626       -79.207211180240023        57.341585156464227     
  -29.201742255640188       -79.226013083599781        57.348644053360658     
  -28.954293208705018       -79.243801478021709        57.355265959363855     
  -28.719156695596709       -79.260589635149984        57.361464735983219     
  -28.496332732543628       -79.276393126614522        57.367254482206313     
  -28.285787497669546       -79.291229677774680        57.372649486836544     
  -28.087453440813746       -79.305119086821733        57.377664231525763     
  -27.901229444642958       -79.318082911867194        57.382313230151624     
  -27.726981100333777       -79.330144279556805        57.386610957392030     
  -27.564541085579854       -79.341327755523409        57.390571820034040     
  -27.413709637096421       -79.351659243694257        57.394210146357025     
  -27.274255115570533       -79.361165911500706        57.397540190931466     
  -27.145914645006826       -79.369876036741360        57.400576079198188     
  -27.028394847054010       -79.377818920871121        57.403331796438927     
  -26.921372662085009       -79.385024830067877        57.405821193198534     
  -26.824496251870183       -79.391524946305026        57.408057994557083     
  -26.737385981080610       -79.397351327251371        57.410055812802540     
  -26.659635474641956       -79.402536873625635        57.411828163065636     
  -26.590812747870491       -79.407115303385254        57.413388482127985     
  -26.530461406152604       -79.411121163562910        57.414750173248144     
  -26.478101909759744       -79.414602866642085        57.415936013152596     
  -26.433232899728186       -79.417600446580366        57.416962197914053     
  -26.395332582977844       -79.420142505237294        57.417836184997739     
  -26.363860172140562       -79.422260414954053        57.418566940240389     
  -26.338257374523437       -79.423988007933161        57.419164752887724     
  -26.317949926540681       -79.425361269601339        57.419641054512688     
  -26.302349169196908       -79.426418039399692        57.420008244232100     
  -26.290853660108059       -79.427197722272169        57.420279522481096     
  -26.282850817463604       -79.427741013910364        57.420468735426923     
  -26.277718591267956       -79.428089642556273        57.420590231912556     
  -26.274827157147428       -79.428286129877534        57.420658734609809     
  -26.273540627975251       -79.428373573111671        57.420689226832955     
  -20.177218778548379       -79.842730363752764        57.565179076130917     
  -18.653218778548379       -79.946314092521348        57.601299631404878     
  -17.129218778548378       -80.049897821289932        57.637420186678838     
  -15.605218778548378       -80.153481550058515        57.673540741952799     
