  -73.119196408249081       -150.32582414133060      -0.31207656490855340     
  -71.595196408249080       -150.22285765109919      -0.31186280637998326     
  -70.071196408249079       -150.11989116086778      -0.31164904785141312     
  -68.547196408249079       -150.01692467063637      -0.31143528932284298     
  -62.439786229902190       -149.60428780025052      -0.31057865479981300     
  -62.430305988066756       -149.60364728369649      -0.31057732508685681     
  -62.416688268513859       -149.60272722624117      -0.31057541504657016     
  -62.398207360269275       -149.60147860219325      -0.31057282290170052     
  -62.374150723033409       -149.59985328750315      -0.31056944874600667     
  -62.343820926169428       -149.59780420394412      -0.31056519484284778     
  -62.306537548405935       -149.59528546960243      -0.31055996593248136     
  -62.261639032645476       -149.59225255887355      -0.31055366955005659     
  -62.208484490327656       -149.58866247579149      -0.31054621634742369     
  -62.146455449874772       -149.58447394508315      -0.31053752039584803     
  -62.074957543851568       -149.57964760203808      -0.31052749936931046     
  -61.993422129599743       -149.57413933894077      -0.31051606028536594     
  -61.901307838266568       -149.56790575625126      -0.31050310993275931     
  -61.798102047334794       -149.56090967456836      -0.31048856463153662     
  -61.683322272308551       -149.55311630080132      -0.31047233922954154     
  -61.556517487551389       -149.54449336045599      -0.31045434208331674     
  -61.417269359888870       -149.53501125222033      -0.31043446650009499     
  -61.265193366972930       -149.52464370709953      -0.31041257768254138     
  -61.099939829814367       -149.51336829954212      -0.31038849103123467     
  -60.921194847462232       -149.50116698588738      -0.31036193827733377     
  -60.728681131404187       -149.48802666168089      -0.31033251612654866     
  -60.522158778003380       -149.47393894942417      -0.31029960866805401     
  -60.301425925982564       -149.45890019694698      -0.31026227621326880     
  -60.066319248175205       -149.44291263214802      -0.31021910031845989     
  -59.816714368699500       -149.42598489000557      -0.31016796553405507     
  -59.552526202651784       -149.40813188232218      -0.31010575761956843     
  -59.273709193209584       -149.38937455374372      -0.31002795351529183     
  -58.980257386056543       -149.36974085796066      -0.30992807270091677     
  -58.672204392680669       -149.34926655951350      -0.30979694426810106     
  -58.349623165427047       -149.32799712021159      -0.30962173631308493     
  -58.012625866685383       -149.30598695598090      -0.30938466518719498     
  -57.661364096700872       -149.28329141718973      -0.30906127193945421     
  -57.296029532164141       -149.25995079882983      -0.30861812778020375     
  -56.916852637240119       -149.23600329965083      -0.30801020384657618     
  -56.524101702438102       -149.21149071204445      -0.30717898678637146     
  -56.118082120507431       -149.18645799313205      -0.30605189082700179     
  -55.699135592792935       -149.16095169857343      -0.30454305424628653     
  -55.267639034329576       -149.13502083979336      -0.30255560417812033     
  -54.824003499301348       -149.10871492310770      -0.29998512359860802     
  -54.368672892790464       -149.08208376320033      -0.29672381761349265     
  -53.902122635874015       -149.05517652210932      -0.29266482335436195     
  -53.424858262333203       -149.02804074445049      -0.28770625462328586     
  -52.937413919755755       -149.00072193531614      -0.28175476084124207     
  -52.440350884689160       -148.97326209681628      -0.27472845711478999     
  -51.934256016751206       -148.94569888686019      -0.26655845496415109     
  -51.419740293429804       -148.91806573370454      -0.25718884827118654     
  -50.897436852586075       -148.89040074172067      -0.24657651254621563     
  -50.367999220448162       -148.86274342122525      -0.23469090865612782     
  -49.832099906942759       -148.83512714567200      -0.22151385892647926     
  -49.290428554391163       -148.80757975038776      -0.20703926969473116     
  -48.743689959117084       -148.78012604431652      -0.19127273777213963     
  -48.192602009205913       -148.75279101843603      -0.17423104463493883     
  -47.637893595442868       -148.72560331892649      -0.15594150914257238     
  -47.080302839388544       -148.69859162179975      -0.13644121939830056     
  -46.520575142700345       -148.67178429482229      -0.11577615809558361     
  -45.959461154853855       -148.64521046261268       -9.4000228791763257E-002
  -45.397714753544321       -148.61890050636779       -7.1174198106295022E-002
  -44.836091016268249       -148.59288677595390       -4.7364568465080643E-002
  -44.275344538570245       -148.56719686035458       -2.2642554978653189E-002
  -43.716227387776534       -148.54185442389317        2.9165710098027348E-003
  -43.159486931355104       -148.51688291495603        2.9234029331884757E-002
  -42.605863824731280       -148.49230597076058        5.6228082102947823E-002
  -42.056090023405297       -148.46814781934668        8.3814597237334573E-002
  -41.510886881726151       -148.44443222289019       0.11190760987057673     
  -40.970963252844442       -148.42118212462367       0.14041988460774768     
  -40.437013607840491       -148.39841963614029       0.16926347150306090     
  -39.909716212286696       -148.37616564433992       0.19835025290953218     
  -39.389731330733653       -148.35443977697128       0.22759247733970389     
  -38.877699486623833       -148.33326022920087       0.25690327554883702     
  -38.374239772051496       -148.31264367485574       0.28619715738051466     
  -37.879948216827600       -148.29260510262787       0.31539048383352136     
  -37.395396217364492       -148.27315775104219       0.34440191331366993     
  -36.921129022752062       -148.25431315906232       0.37315281874728901     
  -36.457664299378216       -148.23608109727689       0.40156768004504967     
  -36.005490759347353       -148.21846963648343       0.42957448004386367     
  -35.565066876242128       -148.20148508530801       0.45710508362880864     
  -35.136819669512668       -148.18513205043465       0.48409556166765161     
  -34.721143578805275       -148.16941342938819       0.51048645513707169     
  -34.318399414382789       -148.15433049570993       0.53622298088924691     
  -33.928913402151615       -148.13988291802468       0.56125518090418780     
  -33.552976314207115       -148.12606882090452       0.58553801795625537     
  -33.190842692864415       -148.11288485372719       0.60903142145472999     
  -32.842730170232507       -148.10032627832990       0.63170028737546646     
  -32.508818878639211       -148.08838712136262       0.65351443740148718     
  -32.189250970993292       -148.07706013798324       0.67444854083585937     
  -31.884130237451082       -148.06633679526212       0.69448200519396042     
  -31.593521820437260       -148.05620733739232       0.71359884085159686     
  -31.317452028872754       -148.04666100159648       0.73178750565712869     
  -31.055908258385326       -148.03768609244213       0.74904073292533702     
  -30.808839015500695       -148.02927003834589       0.76535534795589866     
  -30.576154045010711       -148.02139950128932       0.78073207588205540     
  -30.357724561100571       -148.01406044437073       0.79517533803074725     
  -30.153383581336968       -148.00723819058123       0.80869304613091075     
  -29.962926363843142       -148.00091747064803       0.82129640375692170     
  -29.786110946772659       -147.99508245839579       0.83299971739197187     
  -29.622658787438997       -147.98971680827935       0.84382021849072997     
  -29.472255500124181       -147.98480368796811       0.85377789725086561     
  -29.334551690726045       -147.98032580356514       0.86289534829173797     
  -29.209163886061226       -147.97626542206754       0.87119762794747291     
  -29.095675555365659       -147.97260439310713       0.87871212236429963     
  -28.993638221262067       -147.96932416242262       0.88546842501518686     
  -28.902572657211930       -147.96640578153455       0.89149822187744610     
  -28.821970168222194       -147.96382991485959       0.89683518218482106     
  -28.751293951343374       -147.96157687987562       0.90151485260431641     
  -28.689980530611770       -147.95964118624610       0.90557458064801344     
  -28.637441268810743       -147.95800680736031       0.90905336333633902     
  -28.593063944941065       -147.95664381001095       0.91199173144167822     
  -28.556214393480303       -147.95552418722227       0.91443166995745551     
  -28.526238205145173       -147.95462154621387       0.91641650527872642     
  -28.502462482750619       -147.95391080940411       0.91799078891019836     
  -28.484197647498387       -147.95336793390032       0.91920017784277297     
  -28.470739290890794       -147.95296965476103       0.92009131185889581     
  -28.461370067340937       -147.95269325687707       0.92071168809274340     
  -28.455361622438019       -147.95251637977233       0.92110953319678213     
  -28.451976551725014       -147.95241685908593       0.92133367348070916     
  -28.450470384757114       -147.95237260791083       0.92143340338793556     
  -22.354093589133683       -147.77326109982891        1.3251011940130411     
  -20.830093589133682       -147.72848599037164        1.4260119043474653     
  -19.306093589133681       -147.68371088091436        1.5269226146818895     
  -17.782093589133680       -147.63893577145708        1.6278333250163137     
