  -66.450440742932329       -129.43715551789180      -0.18163633188703041     
  -64.926440742932328       -129.43401316386473      -0.18163192227973499     
  -63.402440742932328       -129.43087080983767      -0.18162751267243957     
  -61.878440742932327       -129.42772845581061      -0.18162310306514415     
  -55.772463905321509       -129.41513846834025      -0.18160543576855051     
  -55.764174522227258       -129.41512137636101      -0.18160541178369213     
  -55.752267319525380       -129.41509705237453      -0.18160537765037343     
  -55.736107659073241       -129.41506447104373      -0.18160533192958891     
  -55.715072367083366       -129.41502280105502      -0.18160527345465952     
  -55.688551414214125       -129.41497146109779      -0.18160520140829298     
  -55.655949560219000       -129.41491018130372      -0.18160511540673144     
  -55.616687958709129       -129.41483906945288      -0.18160501558392100     
  -55.570205717690051       -129.41475868121393      -0.18160490266789461     
  -55.515961411650643       -129.41467009365476      -0.18160477802915662     
  -55.453434541112522       -129.41457496029747      -0.18160464363437595     
  -55.382126935688866       -129.41446951594543      -0.18160449337308715     
  -55.301564096855088       -129.41434921348079      -0.18160431904428972     
  -55.211296476794452       -129.41421338105405      -0.18160411590810224     
  -55.110900689682076       -129.41406161233891      -0.18160387584046481     
  -54.999980652240318       -129.41389386227561      -0.18160358437177473     
  -54.878168650874152       -129.41371056064440      -0.18160321565438273     
  -54.745126332075628       -129.41351273640845      -0.18160272420162607     
  -54.600545613566389       -129.41330215120755      -0.18160203176260151     
  -54.444149513785604       -129.41308143837227      -0.18160100705113308     
  -54.275692897551700       -129.41285424269108      -0.18159943521405239     
  -54.094963135127571       -129.41262534535483      -0.18159697285551607     
  -53.901780673563586       -129.41240077425010      -0.18159308312060229     
  -53.695999521310085       -129.41218792123126      -0.18158694370919448     
  -53.477507642222371       -129.41199562700410      -0.18157731852084419     
  -53.246227258636580       -129.41183422971366      -0.18156238106385644     
  -53.002115060668636       -129.41171551300692      -0.18153947435621900     
  -52.745162327645886       -129.41165269083851      -0.18150478803468159     
  -52.475394960263827       -129.41166038506603      -0.18145292744469874     
  -52.192873419797969       -129.41175457419575      -0.18137634174700412     
  -51.897692575453270       -129.41195260280062      -0.18126456720716358     
  -51.589981473081288       -129.41227292028930      -0.18110322494847228     
  -51.269903016415462       -129.41273497080681      -0.18087269260670918     
  -50.937653556385889       -129.41335951927070      -0.18054654171643145     
  -50.593462391605264       -129.41416812898225      -0.18009041611650284     
  -50.237591155104667       -129.41518258900518      -0.17946167622438025     
  -49.870333087994737       -129.41642435945624      -0.17860985500358020     
  -49.492012227185519       -129.41791456491686      -0.17747797375634744     
  -49.102982473468579       -129.41967306898229      -0.17600456728649161     
  -48.703626582743318       -129.42171831603048      -0.17412612227188282     
  -48.294355078395569       -129.42406714605465      -0.17177960476882986     
  -47.875605083429996       -129.42673408546460      -0.16890483576759552     
  -47.447839104908901       -129.42973164763438      -0.16544658593519468     
  -47.011543740800185       -129.43306936944063      -0.16135630386317346     
  -46.567228361715188       -129.43675436949897      -0.15659302896211180     
  -46.115423737314025       -129.44079267580912      -0.15112338921067273     
  -45.656680623662467       -129.44519270800490      -0.14492147822282517     
  -45.191568285583656       -129.44996079168325      -0.13796875428726185     
  -44.720672978517698       -129.45510082434672      -0.13025392769420738     
  -44.244596377427541       -129.46061338527701      -0.12177279961334025     
  -43.763953975990361       -129.46649625929095      -0.11252804048701971     
  -43.279373446030235       -129.47274394132003      -0.10252889516795202     
  -42.791492968363087       -129.47934811263053       -9.1790816444113021E-002
  -42.300959535928470       -129.48629715961079       -8.0335026033512294E-002
  -41.808427234802608       -129.49357670568361       -6.8188009796848276E-002
  -41.314555508834324       -129.50116927749795       -5.5380953688001389E-002
  -40.820007408985205       -129.50905486924830       -4.1949129124179398E-002
  -40.325447836040908       -129.51721085383201       -2.7931242760239471E-002
  -39.831541773521877       -129.52561245542881       -1.3368843006526212E-002
  -39.338952515583813       -129.53423288863905        1.6940698326467813E-003
  -38.848339897716485       -129.54304373420439        1.7211359953048105E-002
  -38.360358530235068       -129.55201526481471        3.3135075988377949E-002
  -37.875656053473548       -129.56111672449762        4.9415778266493106E-002
  -37.394871395378722       -129.57031676373049        6.6002867988801076E-002
  -36.918633070124258       -129.57958367009195        8.2844918108387816E-002
  -36.447557477336872       -129.58888582569526        9.9890001539487461E-002
  -35.982247261296123       -129.59819190700074       0.11708601564626750     
  -35.523289670307200       -129.60747129890333       0.13438099968134107     
  -35.071254993026713       -129.61669427590692       0.15172344359084222     
  -34.626694996780458       -129.62583233351532       0.16906258559514603     
  -34.190141456851720       -129.63485835474637       0.18634869686082470     
  -33.762104692919898       -129.64374683482714       0.20353335111858822     
  -33.343072204728223       -129.65247402255039       0.22056967777230166     
  -32.933507328253157       -129.66101804238923       0.23741260074865478     
  -32.533847987493672       -129.66935901578913       0.25401907973290661     
  -32.144505495624081       -129.67747909791871       0.27034834171830346     
  -31.765863426028385       -129.68536249968881       0.28636207978553979     
  -31.398276579397059       -129.69299550472076       0.30202461660891233     
  -31.042069987290777       -129.70036640434921       0.31730303288165562     
  -30.697538045154424       -129.70746551701015       0.33216726228556587     
  -30.364943686674721       -129.71428506919014       0.34659015413386784     
  -30.044517658395069       -129.72081911398050       0.36054750589917561     
  -29.736457899540103       -129.72706349233536       0.37401806836186829     
  -29.440928974867301       -129.73301564778117       0.38698352530739105     
  -29.158061623877405       -129.73867453665912       0.39942845130428112     
  -28.887952407393762       -129.74404055501898       0.41134025054642193     
  -28.630663422482396       -129.74911535388432       0.42270907925051343     
  -28.386222126756952       -129.75390172397459       0.43352775522775305     
  -28.154621266482621       -129.75840352889244       0.44379165762599004     
  -27.935818884273218       -129.76262556274133       0.45349861926020468     
  -27.729738422905132       -129.76657342032354       0.46264881312173600     
  -27.536268929589568       -129.77025340598323       0.47124463191062171     
  -27.355265356962839       -129.77367246708351       0.47929056602923958     
  -27.186548951431103       -129.77683810089584       0.48679308547676636     
  -27.029907731967082       -129.77975826056542       0.49376052715155555     
  -26.885097063304627       -129.78244129233079       0.50020298852957534     
  -26.751840318108620       -129.78489588113365       0.50613222811264780     
  -26.629829626292885       -129.78713100481784       0.51156157280822467     
  -26.518726709870727       -129.78915589990331       0.51650583210296697     
  -26.418163798474044       -129.79098002162922       0.52098121850117685     
  -26.327744625483842       -129.79261301452411       0.52500527351349857     
  -26.247045502114997       -129.79406469374845       0.52859679818109206     
  -26.175616465707179       -129.79534503148713       0.53177578688640215     
  -26.112982499020365       -129.79646417883598       0.53456336333052690     
  -26.058644817652347       -129.79744548294903       0.53698179153261383     
  -26.012082220152980       -129.79830332470269       0.53905428597436322     
  -25.972752499216416       -129.79904009215491       0.54080492869159047     
  -25.940093909986313       -129.79966036063260       0.54225868383631293     
  -25.913526690224870       -129.80017060607415       0.54344132808203049     
  -25.892454628745593       -129.80057892679059       0.54437937910956169     
  -25.876266677823324       -129.80089477738474       0.54510002227336996     
  -25.864338605180908       -129.80112871835786       0.54563103561752457     
  -25.856034681049803       -129.80129218468093       0.54600071344915124     
  -25.850709395711359       -129.80139727631760       0.54623778869312567     
  -25.847709202848435       -129.80145657335737       0.54637135425835026     
  -25.846374283972587       -129.80148297805636       0.54643078364578301     
  -19.750040329141157       -129.92206848022047       0.81783408692958992     
  -18.226040329141156       -129.95221320435462       0.88568119590837602     
  -16.702040329141155       -129.98235792848877       0.95352830488716211     
  -15.178040329141156       -130.01250265262291        1.0213754138659481     
