  -64.655676971881277       -104.49642954272143        34.441406949829350     
  -63.131676971881269       -104.54860872425951        34.458604900357592     
  -61.607676971881276       -104.60078790579759        34.475802850885835     
  -60.083676971881275       -104.65296708733567        34.493000801414077     
  -53.978201159096670       -104.86200824928558        34.561899535652692     
  -53.970328042774149       -104.86227781146791        34.561988381758347     
  -53.959018756778768       -104.86266547897385        34.562116154682236     
  -53.943670500659124       -104.86319245864495        34.562289844074115     
  -53.923691343476953       -104.86387992633466        34.562516429370618     
  -53.898501813650192       -104.86474907703904        34.562802896317564     
  -53.867536454530594       -104.86582118674983        34.563156257356866     
  -53.830245341578369       -104.86711768457907        34.563583575399399     
  -53.786095557102385       -104.86866023358210        34.564091990466132     
  -53.734572618650581       -104.87047081860271        34.564688748647406     
  -53.675181857262096       -104.87257181831180        34.565381225859845     
  -53.607449741928860       -104.87497999041925        34.566174945436494     
  -53.530925146760325       -104.87771115625000        34.567075122192023     
  -53.445180557501061       -104.88078490604413        34.568088213370174     
  -53.349813214211828       -104.88422098558512        34.569220727892287     
  -53.244446186707080       -104.88803940021074        34.570479260978352     
  -53.128729380013290       -104.89226052221728        34.571870530115184     
  -53.002340468371060       -104.89690522726794        34.573401420940918     
  -52.864985754127282       -104.90199502617919        34.575079032139691     
  -52.716400949537658       -104.90755219363818        34.576910720109666     
  -52.556351879512619       -104.91359988974060        34.578904142389561     
  -52.384635103364936       -104.92016226513938        34.581067297265804     
  -52.201078448793105       -104.92726442676378        34.583408519608980     
  -52.005541463010005       -104.93493239814940        34.585936477906003     
  -51.797915787138905       -104.94319323061056        34.588660224995479     
  -51.578125440455324       -104.95207497754377        34.591589208982874     
  -51.346127016013270       -104.96160657861054        34.594733261411378     
  -51.101909778979433       -104.97181747801278        34.598102506894904     
  -50.845495692863224       -104.98273750287856        34.601707370352514     
  -50.576939359598860       -104.99439670646180        34.605558588145151     
  -50.296327858265919       -105.00682486438610        34.609667125195983     
  -50.003780486575430       -105.02005070165468        34.614044030347365     
  -49.699448454816306       -105.03410181949283        34.618700558297242     
  -49.383514472644762       -105.04900414845362        34.623648161445331     
  -49.056192223619291       -105.06478085752053        34.628898254287762     
  -48.717725814159500       -105.08145232595085        34.634462244219620     
  -48.368389108919203       -105.09903554622015        34.640351285894631     
  -48.008484962713297       -105.11754312105231        34.646575807450482     
  -47.638344445820316       -105.13698355025855        34.653145383610862     
  -47.258325920995453       -105.15736027192202        34.660068152684005     
  -46.868814091361941       -105.17867148126402        34.667350479536438     
  -46.470218988348243       -105.20091014949827        34.674996700807029     
  -46.062974840681264       -105.22406317354732        34.683008614085686     
  -45.647538965243179       -105.24811202755973        34.691385501849048     
  -45.224390509336089       -105.27303188732296        34.700123741434076     
  -44.794029220494139       -105.29879445798538        34.709217736647261     
  -44.356974101040187       -105.32537042142754        34.718660738277528     
  -43.913762059156014       -105.35272594811647        34.728443703172367     
  -43.464946492755665       -105.38082187341907        34.738555033923895     
  -43.011095841631743       -105.40961391122363        34.748980665376060     
  -42.552792105536611       -105.43905276686770        34.759704125127925     
  -42.090629319917824       -105.46908437862895        34.770706643919851     
  -41.625212016242109       -105.49965024274697        34.781967301932220     
  -41.157153639406630       -105.53068776376422        34.793463191061008     
  -40.687074961622017       -105.56213071140647        34.805169620003163     
  -40.215602454547842       -105.59390970308891        34.817060334185200     
  -39.743366671090051       -105.62595273838645        34.829107758742417     
  -39.271000581682394       -105.65818579019776        34.841283264188100     
  -38.799137940657488       -105.69053339042411        34.853557424280019     
  -38.328411594824082       -105.72291928492848        34.865900274459321     
  -37.859451851267522       -105.75526705761723        34.878281552067818     
  -37.392884768139851       -105.78750077349841        34.890670943453294     
  -36.929330539882066       -105.81954561420483        34.903038329463378     
  -36.469401784008475       -105.85132844032765        34.915354007273706     
  -36.013701957529776       -105.88277841574556        34.927588932907184     
  -35.562823658953242       -105.91382744078757        34.939714900646365     
  -35.117347086888202       -105.94441073524287        34.951704771506947     
  -34.677838383399212       -105.97446712199576        34.963532602395880     
  -34.244848141077078       -106.00393952618300        34.975173845420635     
  -33.818909823068061       -106.03277512863542        34.986605432117408     
  -33.400538316355536       -106.06092570523741        34.997805917529043     
  -32.990228474716602       -106.08834772869112        35.008755544446096     
  -32.588453709804533       -106.11500245487071        35.019436300608170     
  -32.195664704930330       -106.14085609252874        35.029832002038205     
  -31.812288045270716       -106.16587953055681        35.039928230490617     
  -31.438725115279063       -106.19004862131619        35.049712453448180     
  -31.075350834912598       -106.21334368214043        35.059173882437527     
  -30.722512665175596       -106.23574963365475        35.068303537516805     
  -30.380529584998012       -106.25725571158695        35.077094167216366     
  -30.049691124092185       -106.27785507874584        35.085540131604830     
  -29.730256615338099       -106.29754493527298        35.093637446311320     
  -29.422454366294708       -106.31632593773162        35.101383594993514     
  -29.126481006135133       -106.33420197658467        35.108777456915035     
  -28.842500969084305       -106.35118014557429        35.115819295126926     
  -28.570645953481037       -106.36727018353591        35.122510567920173     
  -28.311014540390165       -106.38248422627707        35.128853840437479     
  -28.063671947882447       -106.39683676951512        35.134852764168542     
  -27.828649804501943       -106.41034425554710        35.140511930711945     
  -27.605946037820200       -106.42302477426287        35.145836762091406     
  -27.395524884885017       -106.43489791924061        35.150833451444797     
  -27.197317004083349       -106.44598469732256        35.155508920705927     
  -27.011219641413174       -106.45630722317988        35.159870706441644     
  -26.837096910066958       -106.46588854544879        35.163926888911377     
  -26.674780168893133       -106.47475252696663        35.167686039410881     
  -26.524068494392857       -106.48292375811964        35.171157179128677     
  -26.384729242556780       -106.49042748868391        35.174349744789794     
  -26.256498685438721       -106.49728948890167        35.177273531650627     
  -26.139082741808004       -106.50353598136637        35.179938660630107     
  -26.032157792926924       -106.50919359808215        35.182355554494528     
  -25.935371579067585       -106.51428934879723        35.184534918455014     
  -25.848344174109258       -106.51885059948660        35.186487724723236     
  -25.770669035345570       -106.52290505969887        35.188225200488645     
  -25.701914125609772       -106.52648077876761        35.189758819183446     
  -25.641623104374229       -106.52960618066906        35.191100304751345     
  -25.589316583147522       -106.53232335685708        35.192266023644926     
  -25.544493443439166       -106.53466545372824        35.193269494167652     
  -25.506632212947810       -106.53665359371747        35.194120360135670     
  -25.475192495775772       -106.53831136030206        35.194829177082326     
  -25.449616452537473       -106.53966451243166        35.195407310064198     
  -25.429330326185809       -106.54074070398991        35.195866832926129     
  -25.413746009238160       -106.54156921148609        35.196220430093604     
  -25.402262647981772       -106.54218067300324        35.196481301911255     
  -25.394268279149987       -106.54260684122713        35.196663074484491     
  -25.389141494487482       -106.54288035314462        35.196779714905624     
  -25.386253128563673       -106.54303451873609        35.196845452657001     
  -25.384967965150114       -106.54310313069328        35.196874707889712     
  -19.288646457449236       -106.86857189667818        35.335650292774325     
  -17.764646457449235       -106.94993479703282        35.370342359309362     
  -16.240646457449238       -107.03129769738747        35.405034425844399     
  -14.716646457449235       -107.11266059774212        35.439726492379435     
