  -65.429494015361129       -117.67091925391287        40.833580676155670     
  -63.905494015361121       -117.68430097229637        40.838224333924266     
  -62.381494015361127       -117.69768269067987        40.842867991692863     
  -60.857494015361127       -117.71106440906337        40.847511649461460     
  -54.751720095393139       -117.76467710401764        40.866116061860907     
  -54.743599303400060       -117.76474840989133        40.866140806072735     
  -54.731934262800628       -117.76485111990465        40.866176447993809     
  -54.716103231745699       -117.76499104577648        40.866225004378109     
  -54.695495692903961       -117.76517411246807        40.866288531276759     
  -54.669513997332189       -117.76540640879377        40.866369141601126     
  -54.637574973413656       -117.76569424500424        40.866469025107435     
  -54.599111496539386       -117.76604421644001        40.866590470492710     
  -54.553574015311881       -117.76646327228593        40.866735889272206     
  -54.500432030168476       -117.76695878839973        40.866907841097920     
  -54.439175520448870       -117.76753862342527        40.867109053334623     
  -54.369316316071369       -117.76820547796046        40.867340463824689     
  -54.290389410130778       -117.76896126518407        40.867602737998581     
  -54.201954208832078       -117.76981150205245        40.867897793511872     
  -54.103595715428284       -117.77076191800766        40.868227624910986     
  -53.994925645139567       -117.77181854941759        40.868594339004716     
  -53.875583467913600       -117.77298784698499        40.869000196497410     
  -53.745237376285807       -117.77427679273691        40.869447659670620     
  -53.603585175780850       -117.77569302300166        40.869939446238305     
  -53.450355095513018       -117.77724495293231        40.870478589748103     
  -53.285306516736107       -117.77894189210592        40.871068505504113     
  -53.108230616033389       -117.78079409281086        40.871713045248256     
  -52.918950924551154       -117.78281283286536        40.872416580558159     
  -52.717323801313512       -117.78501050322332        40.873184110656062     
  -52.503238817894683       -117.78740063285628        40.874021378971193     
  -52.276619054651349       -117.78999791669834        40.874935031252093     
  -52.037421308794883       -117.79281840176652        40.875932881818109     
  -51.785636211602110       -117.79587928064603        40.877024113185371     
  -51.521288256563956       -117.79919863662937        40.878219549697867     
  -51.244435739015948       -117.80279528076777        40.879532081529220     
  -50.955170607791167       -117.80668860661358        40.880977250267712     
  -50.653618231618616       -117.81089800632755        40.882573888402170     
  -50.339937075775424       -117.81544205810103        40.884344953858495     
  -50.014318277418731       -117.82033693498562        40.886318292249179     
  -49.676985160626458       -117.82559638361133        40.888527573115844     
  -49.328192641450471       -117.83123138374567        40.891012472416058     
  -48.968226522861599       -117.83724946698764        40.893818055021647     
  -48.597402718638428       -117.84365518598767        40.896993834630152     
  -48.216066359899528       -117.85044970718754        40.900591932039042     
  -47.824590831240897       -117.85763111918720        40.904665134630676     
  -47.423376737760094       -117.86519509556433        40.909265003093076     
  -47.012850779500454       -117.87313458712879        40.914439767512903     
  -46.593464592717375       -117.88144082809823        40.920232915528672     
  -46.165693496859163       -117.89010280248532        40.926681552176518     
  -45.730035223361405       -117.89910796988543        40.933815882317532     
  -45.287008572939477       -117.90844360207515        40.941659676685610     
  -44.837152040695159       -117.91809985364682        40.950231443814857     
  -44.381022377337096       -117.92806578156024        40.959543125611944     
  -43.919193109632538       -117.93832882987643        40.969600009437585     
  -43.452253011043702       -117.94887446287279        40.980400733033647     
  -42.980804538792761       -117.95968625475268        40.991937498986310     
  -42.505462235000870       -117.97074568235024        41.004196247779390     
  -42.026851097879174       -117.98203231313911        41.017157027735095     
  -41.545604927893720       -117.99352363242654        41.030794301737579     
  -41.062364648625433       -118.00519535919010        41.045077478021746     
  -40.577776614454670       -118.01702126546151        41.059971320162376     
  -40.092490895808368       -118.02897361831396        41.075436614608293     
  -39.607159566888008       -118.04102303245830        41.091430665569995     
  -39.122434968021210       -118.05313900880103        41.107907979280725     
  -38.638967985307964       -118.06528992317102        41.124820587852390     
  -38.157406302493463       -118.07744365564668        41.142118532863307     
  -37.678392691626058       -118.08956768291975        41.159750166732707     
  -37.202563276909096       -118.10162965304677        41.177662627526821     
  -36.730545852417102       -118.11359754230973        41.195802170980656     
  -36.262958176861694       -118.12544014439591        41.214114619539664     
  -35.800406334161039       -118.13712726104195        41.232545705796497     
  -35.343483076719117       -118.14863009121541        41.251041482107730     
  -34.892766247093981       -118.15992141881924        41.269548654447760     
  -34.448817185068769       -118.17097589260899        41.288014941291365     
  -34.012179231570748       -118.18177018821036        41.306389382275555     
  -33.583376212860827       -118.19228316885608        41.324622635529735     
  -33.162911048992214       -118.20249602497955        41.342667255353184     
  -32.751264329214379       -118.21239229072312        41.360477912835577     
  -32.348893041200931       -118.22195796151365        41.378011640099274     
  -31.956229263288140       -118.23118138536896        41.395227997344776     
  -31.573679014716195       -118.24005333786747        41.412089295986007     
  -31.201621105833006       -118.24856686397514        41.428560712902538     
  -30.840406091266171       -118.25671720208302        41.444610403181450     
  -30.490355318687378       -118.26450173352744        41.460209592755831     
  -30.151759994220207       -118.27191971202946        41.475332565107330     
  -29.824880411396194       -118.27897227411877        41.489956719320141     
  -29.509945203888790       -118.28566220020546        41.504062515434661     
  -29.207150693675224       -118.29199370956295        41.517633407899865     
  -28.916660373196578       -118.29797244349362        41.530655824005130     
  -28.638604421442022       -118.30360519098537        41.543119033188802     
  -28.373079330838209       -118.30889970593313        41.555015032022006     
  -28.120147655430358       -118.31386466859017        41.566338466250173     
  -27.879837820699446       -118.31850948830342        41.577086486086031     
  -27.652144027766489       -118.32284411606319        41.587258596214824     
  -27.437026268316227       -118.32687895315483        41.596856533405749     
  -27.234410438905527       -118.33062480073853        41.605884153571083     
  -27.044188528436958       -118.33409270101768        41.614347274617216     
  -26.866218906789026       -118.33729383659342        41.622253538234645     
  -26.700326710171737       -118.34023946603095        41.629612287728676     
  -26.546304318881383       -118.34294087823905        41.636434457004867     
  -26.403911924834659       -118.34540935745747        41.642732468543471     
  -26.272878180183252       -118.34765611172779        41.648520124157621     
  -26.152900936445786       -118.34969223987059        41.653812515081370     
  -26.043648068555321       -118.35152871338475        41.658625942987300     
  -25.944758380387935       -118.35317636555799        41.662977848830593     
  -25.855842589206649       -118.35464588727208        41.666886748696200     
  -25.776484386241950       -118.35594782894879        41.670372175588255     
  -25.706241570609308       -118.35709260943709        41.673454626417815     
  -25.644647252949262       -118.35809055738002        41.676155522163810     
  -25.591211125804858       -118.35896421195153        41.678501514883607     
  -25.545420795951543       -118.35972743395810        41.680517028357677     
  -25.506743176939292       -118.36038257336661        41.682223198301479     
  -25.474625937810973       -118.36093387239386        41.683642567609873     
  -25.448499002556897       -118.36138721790479        41.684798940846122     
  -25.427776096822225       -118.36174990108374        41.685717239678915     
  -25.411856337603492       -118.36203038760399        41.686423360475125     
  -25.400125861560422       -118.36223810132408        41.686944035251351     
  -25.391959487470320       -118.36238322431781        41.687306697137721     
  -25.386722408267147       -118.36247651579329        41.687539351436975     
  -25.383771908035143       -118.36252915217757        41.687670453268396     
  -25.382459099267795       -118.36255259033494        41.687728792678534     
  -19.286130675658580       -118.47139304640787        41.958641215788866     
  -17.762130675658579       -118.49860169455300        42.026365672893441     
  -16.238130675658581       -118.52581034269814        42.094090129998015     
  -14.714130675658579       -118.55301899084327        42.161814587102590     
