  -72.515401196720390       -138.73316195323432        57.796788935985511     
  -70.991401196720389       -138.63745926319791        57.756918813366660     
  -69.467401196720388       -138.54175657316151        57.717048690747809     
  -67.943401196720387       -138.44605388312510        57.677178568128959     
  -61.835994437211973       -138.06252681223833        57.517399659739972     
  -61.826517031699915       -138.06193165921860        57.517151716616695     
  -61.812903379586224       -138.06107686419088        57.516795605596847     
  -61.794427978631269       -138.05991699898973        57.516312401125241     
  -61.770378488299102       -138.05840754838493        57.515683557980047     
  -61.740057666631245       -138.05650506691157        57.514890976609578     
  -61.702785267762721       -138.05416734254155        57.513917071324030     
  -61.657899895246025       -138.05135355606703        57.512744836710638     
  -61.604760804905624       -138.04802445316423        57.511357919357252     
  -61.542749651725593       -138.04414253376331        57.509740696846421     
  -61.471272176070023       -138.03967222914591        57.507878351763132     
  -61.389759823938121       -138.03457375356240        57.505754310737551     
  -61.297671296301736       -138.02880811442111        57.503352332672634     
  -61.194494022764133       -138.02234216385781        57.500658615070556     
  -61.079745554995405       -138.01514501439121        57.497660304077662     
  -60.952974875645722       -138.00718836526053        57.494345636171182     
  -60.813763618713828       -137.99844687296488        57.490704102143390     
  -60.661727204552925       -137.98889844261794        57.486726584101980     
  -60.496515900841572       -137.97852417572818        57.482405358362918     
  -60.317815751515859       -137.96730894899449        57.477734374468255     
  -60.125349410268939       -137.95524191879500        57.472709522230225     
  -59.918876876755014       -137.94231693634856        57.467328888243507     
  -59.698196133902684       -137.92853284588736        57.461593000490360     
  -59.463143704365592       -137.91389326110652        57.455504905648226     
  -59.213595062800266       -137.89840707358462        57.449070618453518     
  -58.949464943719640       -137.88208886512197        57.442299620026986     
  -58.670707517416844       -137.86495949832690        57.435205547430641     
  -58.377316409902143       -137.84704724247990        57.427807259092212     
  -58.069324756705456       -137.82838708244020        57.420129342496189     
  -57.746805354498598       -137.80901689558945        57.412201577150967     
  -57.409871407965547       -137.78896332955571        57.404054447688623     
  -57.058675744931868       -137.76824843354353        57.395723754429717     
  -56.693410126273662       -137.74689339188771        57.387254618043144     
  -56.314304673187451       -137.72491903679446        57.378704571565407     
  -55.921627431163948       -137.70234274439068        57.370144321309787     
  -55.515683569345690       -137.67917913849607        57.361658675533562     
  -55.096814543630146       -137.65543940937900        57.353345395522147     
  -54.665397103874980       -137.63113130586959        57.345312741179832     
  -54.221842130921914       -137.60626013896857        57.337676130229347     
  -53.766593402536401       -137.58082937918641        57.330553874681115     
  -53.300126241853590       -137.55484173900376        57.324062961264666     
  -52.822946107322792       -137.52829991960587        57.318314980547292     
  -52.335587129023153       -137.50120709687721        57.313412472204831     
  -51.838610635174625       -137.47356643053658        57.309445546055443     
  -51.332603611760071       -137.44538089192878        57.306490142933583     
  -50.818176813696489       -137.41666053683866        57.304611083680783     
  -50.295963144548196       -137.38742490014914        57.303863313692325     
  -49.766616285329512       -137.35769306308356        57.304287959000099     
  -49.230808822499363       -137.32748461206722        57.305912944049041     
  -48.689230349219130       -137.29682116961439        57.308753943326700     
  -48.142585415535351       -137.26572962024923        57.312816149684920     
  -47.591591519956111       -137.23424413548011        57.318095691121805     
  -47.036977349172666       -137.20240285901335        57.324578941615037     
  -46.479480837551485       -137.17024743457381        57.332243149899590     
  -45.919847149287058       -137.13782367515850        57.341057668042318     
  -45.358826662709191       -137.10518175260168        57.350985085939371     
  -44.797172966994260       -137.07237605269776        57.361982328821810     
  -44.235641188246213       -137.03945849978280        57.373999077780944     
  -43.674985919731384       -137.00647957616852        57.386979282921402     
  -43.115959061318279       -136.97349118097478        57.400863094423379     
  -42.559307789839856       -136.94054685742762        57.415587546933459     
  -42.005772559867211       -136.90770177048771        57.431087152717119     
  -41.456085173331758       -136.87501161514322        57.447294048985988     
  -40.910966851017271       -136.84253204335485        57.464138368255490     
  -40.371126316378934       -136.81031845593577        57.481548759860587     
  -39.837257932410310       -136.77842542755744        57.499452751618136     
  -39.310039864192909       -136.74690642989759        57.517777227024062     
  -38.790132287321818       -136.71581351639782        57.536448870901147     
  -38.278175649009356       -136.68519696418053        57.555394579876278     
  -37.774788977406224       -136.65510497161102        57.574541872996818     
  -37.280568250500437       -136.62558339809885        57.593819295015635     
  -36.796084816459789       -136.59667564120562        57.613156848789615     
  -36.321883889121196       -136.56842240431450        57.632486349904930     
  -35.858483103094883       -136.54086159631146        57.651741810426550     
  -35.406371152134412       -136.51402811644255        57.670859777609600     
  -34.966006495457499       -136.48795375659401        57.689779704289080     
  -34.537816149478125       -136.46266707186194        57.708444245656473     
  -34.122194553441823       -136.43819335231038        57.726799534141833     
  -33.719502528110212       -136.41455454104727        57.744795367949898     
  -33.330066313183565       -136.39176925422365        57.762385381456767     
  -32.954176701983002       -136.36985278932315        57.779527152508535     
  -32.592088259021978       -136.34881727122891        57.796182313793267     
  -32.244018641965098       -136.32867165787957        57.812316555226843     
  -31.910148022725167       -136.30942169216078        57.827899558400624     
  -31.590618601995391       -136.29106993569962        57.842904925991135     
  -31.285534218371332       -136.27361605188349        57.857310183139639     
  -30.994960062216968       -136.25705694353215        57.871096689008191     
  -30.718922492698447       -136.24138687432620        57.884249518455150     
  -30.457408957346153       -136.22659765801430        57.896757355194481     
  -30.210368015562114       -136.21267880302184        57.908612353756617     
  -29.977709465494598       -136.19961765410139        57.919809990417171     
  -29.759304576229461       -136.18739951431806        57.930348893477429     
  -29.554986422427593       -136.17600777072391        57.940230672810607     
  -29.364550321212782       -136.16542401547682        57.949459755382925     
  -29.187754370768790       -136.15562815334090        57.958043225509812     
  -29.024320089327492       -136.14659851307661        57.965990678694610     
  -28.873933152919665       -136.13831194501114        57.973314082346555     
  -28.736244229982383       -136.13074390414886        57.980027643313640     
  -28.610869910638918       -136.12386852409387        57.986147684141720     
  -28.497393728195807       -136.11765868206570        57.991692527273941     
  -28.395367270131405       -136.11208605574717        57.996682386050161     
  -28.304311375534979       -136.10712117798704        58.001139263141525     
  -28.223717415829512       -136.10273348502824        58.005086852301723     
  -28.153048655305486       -136.09889139253568        58.008550455469290     
  -28.091741686139663       -136.09557573039632        58.011562530867380     
  -28.039207940122758       -136.09275699633264        58.014152994789690     
  -27.994835266150478       -136.09039229092468        58.016347811374430     
  -27.957989569548776       -136.08843994667035        58.018175038081999     
  -27.928016512848256       -136.08685928211253        58.019664600284415     
  -27.904243271643502       -136.08561036931044        58.020848067682586     
  -27.885980340866436       -136.08465381975716        58.021758434844386     
  -27.872523386667751       -136.08395059346304        58.022429908124423     
  -27.863155138976396       -136.08346183550339        58.022897701120705     
  -27.857147319693979       -136.08314874386861        58.023197840658746     
  -27.853762601379859       -136.08297247195250        58.023366985098164     
  -27.852256591194298       -136.08289406847402        58.023442256530181     
  -21.755879834791397       -135.76551431339234        58.328143388680388     
  -20.231879834791396       -135.68617427814328        58.404313964081460     
  -18.707879834791399       -135.60683424289422        58.480484539482532     
  -17.183879834791398       -135.52749420764516        58.556655114883604     
