  -70.510048621198067       -134.33438295262775        53.630192920305504     
  -68.986048621198066       -134.27582421570256        53.606814569288574     
  -67.462048621198065       -134.21726547877736        53.583436218271643     
  -65.938048621198064       -134.15870674185217        53.560057867254713     
  -59.831075248919461       -133.92405014925609        53.466376130280850     
  -59.821957911142000       -133.92369982131359        53.466236269176584     
  -59.808861446955632       -133.92319661239608        53.466035373540457     
  -59.791087886693312       -133.92251372302582        53.465762744241410     
  -59.767951904242793       -133.92162485411347        53.465407881918694     
  -59.738782675287005       -133.92050428605555        53.464960518560666     
  -59.702925697511340       -133.91912695972320        53.464410649843046     
  -59.659744567684434       -133.91746856030571        53.463748568615088     
  -59.608622710615712       -133.91550560517538        53.462964900016090     
  -59.548965055105832       -133.91321553713010        53.462050638791801     
  -59.480199652135440       -133.91057680338506        53.460997181038643     
  -59.401779230684085       -133.90756283541825        53.459793921221447     
  -59.313182686733818       -133.90414676857512        53.458430137251142     
  -59.213916501193552       -133.90030619347192        53.456896889038511     
  -59.103516082678830       -133.89601958033128        53.455185593979763     
  -58.981547031299591       -133.89126646000364        53.453288104432389     
  -58.847606321309840       -133.88602759032739        53.451196782865466     
  -58.701323408236696       -133.88028482025686        53.448904461804808     
  -58.542361236245135       -133.87402132587593        53.446404560446425     
  -58.370417151754424       -133.86722193293434        53.443691247842899     
  -58.185223726857835       -133.85987332767215        53.440759578741726     
  -57.986549486487682       -133.85196427025181        53.437605654710268     
  -57.774199503939293       -133.84348639314061        53.434227052265250     
  -57.548015878048261       -133.83443531543440        53.430623422635009     
  -57.307878195980201       -133.82481021522693        53.426796536941751     
  -57.053703861060775       -133.81461395410761        53.422750632724792     
  -56.785448344042628       -133.80385225354101        53.418492488336284     
  -56.503105347143880       -133.79253236575306        53.414031434554168     
  -56.206706789466885       -133.78066423335153        53.409380540982937     
  -55.896322741868296       -133.76826001033618        53.404557384707772     
  -55.572061310508531       -133.75533203682346        53.399584511682505     
  -55.234068353128258       -133.74189312768797        53.394491232878309     
  -54.882527143261363       -133.72795555367378        53.389315445480300     
  -54.517657976769236       -133.71352883806509        53.384105372500976     
  -54.139717593385782       -133.69861983305273        53.378921465060728     
  -53.748998515331053       -133.68323140774908        53.373836461761428     
  -53.345828219661300       -133.66736244523779        53.368934605770328     
  -52.930568168606577       -133.65100847264225        53.364309672847106     
  -52.503612740627688       -133.63416178845091        53.360061607119341     
  -52.065387990970564       -133.61681356860333        53.356293259785858     
  -51.616350353311560       -133.59895505241502        53.353106614872040     
  -51.156985316440142       -133.58057782619363        53.350598915876546     
  -50.687806162512935       -133.56167094739942        53.348858005734549     
  -50.209352326594022       -133.54222556115937        53.347961272033018     
  -49.722187741710897       -133.52223893127393        53.347975740790318     
  -49.226899334268296       -133.50171586198456        53.348958658296652     
  -48.724095365737746       -133.48067322478033        53.350959517724746     
  -48.214403930763140       -133.45913245622535        53.354017241322396     
  -47.698471333673460       -133.43711684641775        53.358159294665157     
  -47.176960263151756       -133.41465349040882        53.363402746983304     
  -46.650547997106720       -133.39177336459068        53.369754691498102     
  -46.119924604917614       -133.36851056430987        53.377212448072534     
  -45.585791111570671       -133.34490175387134        53.385763974002813     
  -45.048857660505455       -133.32098495859955        53.395388129563244     
  -44.509841556451939       -133.29680094824980        53.406056088027036     
  -43.969465302935120       -133.27239429570133        53.417732724720153     
  -43.428454756346262       -133.24781103957221        53.430376723916254     
  -42.887537217740032       -133.22309788475110        53.443941358549303     
  -42.347439513832256       -133.19830157313629        53.458375240240734     
  -41.808886053998506       -133.17346888224699        53.473622979899510     
  -41.272596888897034       -133.14864664645575        53.489625732414211     
  -40.739285794642115       -133.12388150057237        53.506321636401026     
  -40.209658372272386       -133.09921965704024        53.523646275542383     
  -39.684410170373525       -133.07470669637061        53.541533148726408     
  -39.164224837859344       -133.05038733189954        53.559914129336789     
  -38.649772307033054       -133.02630517467938        53.578719919440253     
  -38.141707015723014       -133.00250255115171        53.597880516317488     
  -37.640666167111789       -132.97902034125079        53.617325674587505     
  -37.147268041019046       -132.95589776706993        53.636985331989841     
  -36.662110351810099       -132.93317222438958        53.656790032514373     
  -36.185768662902959       -132.91087912734866        53.676671331952818     
  -35.718794858123957       -132.88905178207492        53.696562189064373     
  -35.261715676080570       -132.86772128136536        53.716397336879403     
  -34.815031310648969       -132.84691641424891        53.736113635693741     
  -34.379214083103520       -132.82666356414148        53.755650425078549     
  -33.954707187422713       -132.80698663329707        53.774949870013515     
  -33.541923512048399       -132.78790699549393        53.793957264067046     
  -33.141244540119445       -132.76944345400679        53.812621275518538     
  -32.753019333317795       -132.75161222196948        53.830894144924180     
  -32.377563600368148       -132.73442685619213        53.848731807621938     
  -32.015158849028559       -132.71789842683560        53.866094059025798     
  -31.666051629056170       -132.70203559796295        53.882944634440129     
  -31.330452869686969       -132.68684467124203        53.899251228399713     
  -31.008537311219524       -132.67232963184577        53.914985473897360     
  -30.700443031574750       -132.65849220682335        53.930122890474593     
  -30.406271069600361       -132.64533198783701        53.944642827377706     
  -30.126085147441700       -132.63284651395549        53.958528364532420     
  -29.859911492591429       -132.62103133986716        53.971766186521478     
  -29.607738758197332       -132.60988019537402        53.984346477725666     
  -29.369518044881541       -132.59938509615668        53.996262786356560     
  -29.145163023744050       -132.58953642526018        54.007511867484183     
  -28.934550158954764       -132.58032304180705        54.018093525777708     
  -28.737519030161121       -132.57173239231994        54.028010457142074     
  -28.553872754713243       -132.56375059838300        54.037268087784128     
  -28.383378508418470       -132.55636253252601        54.045874417963766     
  -28.225768143331937       -132.54955188890170        54.053839874377317     
  -28.080738900667683       -132.54330126091924        54.061177176914605     
  -27.947954217616260       -132.53759220101907        54.067901209886415     
  -27.827044625696367       -132.53240527190454        54.074028901214852     
  -27.717608738183166       -132.52772009192637        54.079579109874281     
  -27.619214323957856       -132.52351537533178        54.084572520562929     
  -27.531399464897280       -132.51976896750077        54.089031543901584     
  -27.453673793577661       -132.51645787922200        54.092980221743161     
  -27.385519807968141       -132.51355835082848        54.096444147900698     
  -27.326394258634192       -132.51105882882860        54.099455623245184     
  -27.275729608292863       -132.50893796815444        54.102044637391629     
  -27.232935555654393       -132.50716165934165        54.104237555425151     
  -27.197400619629210       -132.50569716028349        54.106062735792051     
  -27.168493782043111       -132.50451284879020        54.107550318466167     
  -27.145566183366469       -132.50357798747166        54.108732014675830     
  -27.127952866925064       -132.50286250565924        54.109640900236656     
  -27.114974566931480       -132.50233680274309        54.110311214509068     
  -27.105939535557500       -132.50197157691898        54.110778166915857     
  -27.100145404160592       -132.50173768292447        54.111077752810388     
  -27.096881073682461       -132.50160602188745        54.111246580317200     
  -27.095428629154661       -132.50154746591687        54.111321709569374     
  -20.999065273177010       -132.25576976735371        54.426662647656762     
  -19.475065273177009       -132.19432900492885        54.505493183434126     
  -17.951065273177008       -132.13288824250398        54.584323719211490     
  -16.427065273177007       -132.07144748007912        54.663154254988854     
