  -60.310095074533436       -70.403218026194438        138.32137492155738     
  -58.786095074533435       -70.358497191981158        138.23351178902584     
  -57.262095074533434       -70.313776357767878        138.14564865649430     
  -55.738095074533433       -70.269055523554599        138.05778552396276     
  -49.630249831073854       -70.089824595383263        137.70565008032216     
  -49.620408080941715       -70.089535795333376        137.70508267415667     
  -49.606271030637409       -70.089121250723721        137.70426821734674     
  -49.587085235504858       -70.088559222560804        137.70316399923846     
  -49.562110888283144       -70.087828593291519        137.70172853012505     
  -49.530623821945667       -70.086908991998271        137.69992178721984     
  -49.491917471373846       -70.085780923973047        137.69770546924329     
  -49.445304788511329       -70.084425902949420        137.69504325625172     
  -49.390120105768588       -70.082826584093922        137.69190107101625     
  -49.325720942588070       -70.080966895703767        137.68824733798920     
  -49.251489750233539       -70.078832156167337        137.68405321359205     
  -49.166835590036378       -70.076405934601752        137.67928641935012     
  -49.071195740513417       -70.073672613751341        137.67391627931252     
  -48.964037228967342       -70.070619952551070        137.66791875867582     
  -48.844858283390629       -70.067237196324527        137.66127275803387     
  -48.713189700717926       -70.063515162095172        137.65396029341409     
  -48.568596127710748       -70.059446313047530        137.64596666341529     
  -48.410677251012537       -70.055024817859646        137.63728059963475     
  -48.239068893182711       -70.050246589540748        137.62789439640144     
  -48.053444011807180       -70.045109297133251        137.61780401588970     
  -47.853513599090654       -70.039612342133239        137.60700916507312     
  -47.639027479666424       -70.033756789739058        137.59551334176297     
  -47.409775004713445       -70.027545242980167        137.58332384827148     
  -47.165585640853287       -70.020981645351426        137.57045177312764     
  -46.906329452716029       -70.014070994657544        137.55691194386273     
  -46.631917478520755       -70.006818947180491        137.54272285727180     
  -46.342301998526167       -69.999231286734982        137.52790659789719     
  -46.037476696785667       -69.991313227236276        137.51248876093885     
  -45.717476717319137       -69.983068509350872        137.49649840268410     
  -45.382378616634789       -69.974498240487065        137.47996805034202     
  -45.032300215578928       -69.965599410865352        137.46293381473208     
  -44.667400185399096       -69.956363692033676        137.44543703747968     
  -44.287877056631451       -69.946777701268132        137.42753012224620     
  -43.893969157054663       -69.936818659718156        137.40927424843730     
  -43.485954201027653       -69.926451631929098        137.39073840637457     
  -43.064148543889878       -69.915628735424605        137.37199922914414     
  -42.628906278505433       -69.904289666788472        137.35314015712788     
  -42.180618173495297       -69.892363624752889        137.33424990907841     
  -41.719710466202002       -69.879772393538005        137.31542039497609     
  -41.246643533862084       -69.866434106183760        137.29674432878110     
  -40.761910468259970       -69.852267170381040        137.27831281578446     
  -40.266035573901085       -69.837193969475550        137.26021311948543     
  -39.759572802407703       -69.821144130666752        137.24252671738031     
  -39.243104132903952       -69.804057225391418        137.22532771373866     
  -38.717237933208544       -69.785884174732516        137.20868199010854     
  -38.182607339941299       -69.766588323916466        137.19264935689912     
  -37.639868981008370       -69.746146268362295        137.17728569809049     
  -37.089701178985848       -69.724545615556082        137.16263898926263     
  -36.532801784147260       -69.701784792470960        137.14874940556663     
  -35.969886283893011       -69.677872734143264        137.13564938199806     
  -35.401685881076332       -69.652828469909792        137.12336372538672     
  -34.828945535478880       -69.626680608372766        137.11190981124187     
  -34.252421973954235       -69.599466717494181        137.10129786652146     
  -33.672881674555754       -69.571232602575535        137.09153133560500     
  -33.091098829817227       -69.542031489614928        137.08260732383559     
  -32.507853294241912       -69.511923125122451        137.07451711072841     
  -31.923928520856187       -69.480972807270902        137.06724672528946     
  -31.340109434732209       -69.449250922013476        137.06077865113346     
  -30.757180227016146       -69.416833274469226        137.05509488671731     
  -30.175922415187568       -69.383799074031216        137.05017456081919     
  -29.597112805569385       -69.350230029863340        137.04599341782526     
  -29.021521426783991       -69.316209857495963        137.04252413829681     
  -28.449909482623280       -69.281823781767685        137.03973667189919     
  -27.883027329538631       -69.247158039487374        137.03759857877921     
  -27.321612483884817       -69.212299385170766        137.03607537571509     
  -26.766387663976264       -69.177334603097052        137.03513088349595     
  -26.218058871928150       -69.142350028824637        137.03472757214695     
  -25.677313520159061       -69.107431083186754        137.03482690080935     
  -25.144818615417670       -69.072661800310712        137.03538960749310     
  -24.621219121476823       -69.038124048233428        137.03637534260901     
  -24.107136225764631       -69.003897177422616        137.03774308840553     
  -23.603165547190784       -68.970058006815549        137.03945219538176     
  -23.109875546066821       -68.936680483637602        137.04146270228222     
  -22.627806013695682       -68.903835343342024        137.04373559807695     
  -22.157466639222886       -68.871589762284515        137.04623307798775     
  -21.699335656752581       -68.840007022074815        137.04891878365638     
  -21.253858574779855       -68.809146222573503        137.05175800885721     
  -20.821446991136309       -68.779062047884381        137.05471786878741     
  -20.402477496641996       -68.749804584414008        137.05776743375969     
  -19.997290670458860       -68.721419189257887        137.06087782866237     
  -19.606190169930855       -68.693946406453122        137.06402230001734     
  -19.229441917473839       -68.667421928009162        137.06717625286626     
  -18.867273386781271       -68.641876596636209        137.07031726109443     
  -18.519872958688509       -68.617336707066357        137.07342557310855     
  -18.187389348811436       -68.593824595705001        137.07648511299740     
  -17.869931308520592       -68.571357879133046        137.07948170507336     
  -17.567567354138109       -68.549949357186776        137.08240255710416     
  -17.280325571855730       -68.529607191785274        137.08523624612127     
  -17.008193530469708       -68.510335100841218        137.08797269585079     
  -16.751118302460405       -68.492132562185148        137.09060314691612     
  -16.509006593535105       -68.474995024940725        137.09312012020848     
  -16.281724980273889       -68.458914130240686        137.09551737171032     
  -16.069100255679928       -68.443877932233534        137.09778984266828     
  -15.870919882147215       -68.429871110213981        137.09993360918534     
  -15.686932550788592       -68.416875169411142        137.10194583209096     
  -15.516848845731094       -68.404868629105977        137.10382470753103     
  -15.360342011676526       -68.393827197327411        137.10556941857624     
  -15.217048822721361       -68.383723931942015        137.10718008800725     
  -15.086570550131933       -68.374529388510467        137.10865773229546     
  -14.968474026479338       -68.366211755829895        137.11000421664954     
  -14.862292803255436       -68.358736980611283        137.11122221084744     
  -14.767528398818202       -68.352068883200658        137.11231514544463     
  -14.683651633256208       -68.346169266591517        137.11328716786269     
  -14.610104046517373       -68.340998037472900        137.11414313043119     
  -14.546299394693541       -68.336520125719971        137.11490212472779     
  -14.491625224987811       -68.332693986287126        137.11557432805392     
  -14.445444519879326       -68.329470122525450        137.11615780094556     
  -14.407097406283887       -68.326798616205593        137.11665322489452     
  -14.375902928119125       -68.324629087180583        137.11706355379945     
  -14.351160876128217       -68.322910661815101        137.11739367462070     
  -14.332153670059370       -68.321591952633213        137.11765008243489     
  -14.318148288160838       -68.320621051352674        137.11784057480719     
  -14.308398238825571       -68.319945537215304        137.11797397003693     
  -14.302145569105068       -68.319512502270030        137.11805985339754     
  -14.298622904710959       -68.319268595002754        137.11810835500589     
  -14.297055516034929       -68.319160083439556        137.11812996242142     
  -8.2006634046434126       -67.897102014504867        137.20217247186341     
  -6.6766634046434117       -67.791594283816977        137.22318174784982     
  -5.1526634046434125       -67.686086553129087        137.24419102383624     
  -3.6286634046434116       -67.580578822441197        137.26520029982265     
