  -65.045416130884661       -45.274438475384088        89.504766468961876     
  -63.521416130884660       -45.304600704090326        89.564395330795918     
  -61.997416130884659       -45.334762932796565        89.624024192629960     
  -60.473416130884658       -45.364925161502804        89.683653054464003     
  -54.367983499650599       -45.485760762141780        89.922537568115544     
  -54.360146257673954       -45.485915872827427        89.922844212353723     
  -54.348888497313169       -45.486138937896179        89.923285198206983     
  -54.333610157558105       -45.486442153376736        89.923884636470518     
  -54.313721993021140       -45.486837693435810        89.924666594718900     
  -54.288647155193757       -45.487337738014830        89.925655151943076     
  -54.257822739446290       -45.487954507023133        89.926874466146245     
  -54.220701293609096       -45.488700299644890        89.928348852047435     
  -54.176752284220896       -45.489587538710246        89.930102868790840     
  -54.125463516544421       -45.490628818965298        89.932161415347764     
  -54.066342504563956       -45.491836947021511        89.934549809439162     
  -53.998917787355502       -45.493221838332090        89.937287652932184     
  -53.922740188353934       -45.494792938139526        89.940393617671177     
  -53.837384014196850       -45.496561652792700        89.943890251600180     
  -53.742448189989624       -45.498539485445619        89.947800292355879     
  -53.637557328009649       -45.500738095612725        89.952146783616598     
  -53.522362727050925       -45.503169363790747        89.956953200526613     
  -53.396543299800548       -45.505845459726736        89.962243580873235     
  -53.259806425126811       -45.508778906042558        89.968042644896542     
  -53.111888717789370       -45.511982586754151        89.974375802946469     
  -52.952556725658866       -45.515469808855194        89.981269263440453     
  -52.781607548433584       -45.519254375731101        89.988750157730493     
  -52.598869371859145       -45.523350629340463        89.996846594278551     
  -52.404201918589081       -45.527773481537700        90.005587679196353     
  -52.197496810130595       -45.532538395942638        90.015003422691805     
  -51.978677839564945       -45.537661324005001        90.025124533291844     
  -51.747701172438440       -45.543158744646817        90.035982388323177     
  -51.504555456415773       -45.549047651564159        90.047608863625456     
  -51.249261834735449       -45.555345455702138        90.060035946921715     
  -50.981873857645574       -45.562069762952788        90.073295041001359     
  -50.702477347975346       -45.569238472912986        90.087416818263051     
  -50.411190167632370       -45.576869792071349        90.102430795520462     
  -50.108161861759193       -45.584982008528023        90.118364290109042     
  -49.793573257245860       -45.593593567558763        90.135241863724943     
  -49.467635993877892       -45.602723171176535        90.153085010334465     
  -49.130591907614175       -45.612389271805725        90.171910989407479     
  -48.782712388136460       -45.622609796305738        90.191732478738658     
  -48.424297669499929       -45.633401804040581        90.212557483120946     
  -48.055675966259784       -45.644780498234582        90.234388285297399     
  -47.677202638953510       -45.656758869433254        90.257221833788392     
  -47.289259219888883       -45.669346883706467        90.281049273105950     
  -46.892252381335517       -45.682550792406680        90.305855648846773     
  -46.486612893732215       -45.696372881945926        90.331620357739737     
  -46.072794431859137       -45.710810704240878        90.358316409319642     
  -45.651272433162525       -45.725857249344827        90.385911184569906     
  -45.222542805790020       -45.741501737043137        90.414368003169358     
  -44.787120664745260       -45.757731475760622        90.443649742578557     
  -44.345538972127194       -45.774529723044623        90.473714573776149     
  -43.898347161601173       -45.791875544881997        90.504515640277688     
  -43.446109717544054       -45.809743853175476        90.536001067000470     
  -42.989404711994553       -45.828105593171443        90.568114238517410     
  -42.528822326088914       -45.846927949015054        90.600794080016755     
  -42.064963320288172       -45.866174595089056        90.633975396753556     
  -41.598437504071839       -45.885806019010857        90.667589321507108     
  -41.129862153342600       -45.905779856876926        90.701563756725875     
  -40.659860439816569       -45.926051297521980        90.735823924717081     
  -40.189059803821770       -45.946573491199345        90.770292903828164     
  -39.718090358285522       -45.967298007723684        90.804892244196466     
  -39.247583222354486       -45.988175270839498        90.839542562046802     
  -38.778168915466182       -46.009154991508971        90.874164221918662     
  -38.310475658165139       -46.030186548031494        90.908677947389236     
  -37.845127771795191       -46.051219416650348        90.943005528227857     
  -37.382743957942445       -46.072203517040805        90.977070355862466     
  -36.923935716904666       -46.093089640820814        91.010798120632401     
  -36.469305623745129       -46.113829736020783        91.044117223170616     
  -36.019445775395162       -46.134377313757732        91.076959427513259     
  -35.574936089818841       -46.154687658628390        91.109260127360898     
  -35.136342786776879       -46.174718186797641        91.140958906876890     
  -34.704216747141579       -46.194428589865609        91.171999681289037     
  -34.279092024946095       -46.213781106867636        91.202331095758510     
  -33.861484315797405       -46.232740636172394        91.231906612774878     
  -33.451889488217091       -46.251274858911437        91.260684629789253     
  -33.050782216164336       -46.269354380538772        91.288628638879402     
  -32.658614527279560       -46.286952665124410        91.315706984669163     
  -32.275814630110276       -46.304046258139827        91.341893189577036     
  -31.902785525135638       -46.320614541484630        91.367165360968897     
  -31.539903966643557       -46.336639927353609        91.391506479025509     
  -31.187519282040963       -46.352107650509708        91.414903908103526     
  -30.845952350486332       -46.367005694493514        91.437349189127104     
  -30.515494739610808       -46.381324832189826        91.458838072316226     
  -30.196407738992423       -46.395058291845878        91.479369826552301     
  -29.888921663897783       -46.408201779312108        91.498947265325469     
  -29.593235182130027       -46.420753346076893        91.517576481016178     
  -29.309514660473070       -46.432713097657917        91.535266276583755     
  -29.037893726261601       -46.444083171039829        91.552028138071279     
  -28.778472880454206       -46.454867607225218        91.567876009042749     
  -28.531319147583471       -46.465072084149313        91.582825797676591     
  -28.296465886612669       -46.474703810713550        91.596895207687268     
  -28.073912720773603       -46.483771486022626        91.610103702497213     
  -27.863625499790068       -46.492285090251791        91.622472141077935     
  -27.665536379685502       -46.500255740833296        91.634022545543587     
  -27.479544013920400       -46.507695599015804        91.644777971436866     
  -27.305513848998206       -46.514617815550331        91.654762456047138     
  -27.143278493568829       -46.521036422999288        91.664000859854170     
  -26.992638175514433       -46.526966224458832        91.672518698655438     
  -26.853361302193854       -46.532422731293842        91.680342069534476     
  -26.725185109250319       -46.537422109743019        91.687497591339636     
  -26.607816395689550       -46.541981135451842        91.694012357732291     
  -26.500932344920020       -46.546117162796065        91.699913916376588     
  -26.404181423328179       -46.549848086686737        91.705230230497492     
  -26.317184356322624       -46.553192305955093        91.709989641105366     
  -26.239535183313343       -46.556168703737605        91.714220860696344     
  -26.170802385207640       -46.558796631928018        91.717952973497049     
  -26.110530080941313       -46.561095914855095        91.721215472597137     
  -26.058239289630684       -46.563093772051992        91.724051885067496     
  -26.013429254213918       -46.564813009486961        91.726496610405150     
  -25.975578823199449       -46.566270397020467        91.728571764517881     
  -25.944147886485005       -46.567484206565560        91.730302014743657     
  -25.918578860809934       -46.568474045770309        91.731714284808561     
  -25.898298220688226       -46.569260693763411        91.732837464676280     
  -25.882718070428204       -46.569865940707516        91.733702128664319     
  -25.871237752747341       -46.570312432820302        91.734340265016499     
  -25.863245489407479       -46.570623524423738        91.734785019900144     
  -25.858120049228322       -46.570823138455587        91.735070458543873     
  -25.855232438784888       -46.570935636735733        91.735231345951249     
  -25.853947611058622       -46.570985701122375        91.735302949312924     
  -19.757626187291930       -46.808533962739013        92.075050527040133     
  -18.233626187291929       -46.867917897006720        92.159982943240777     
  -16.709626187291931       -46.927301831274427        92.244915359441421     
  -15.185626187291929       -46.986685765542134        92.329847775642065     
