  -63.355702381014069       -37.092101006575128        113.81486685357073     
  -61.831702381014068       -37.102884545545933        113.84795549020515     
  -60.307702381014067       -37.113668084516739        113.88104412683957     
  -58.783702381014066       -37.124451623487545        113.91413276347399     
  -52.678070194137490       -37.167653934923642        114.04669644120034     
  -52.670067157398911       -37.167710562914820        114.04687020076373     
  -52.658571256442535       -37.167792025585960        114.04712016403941     
  -52.642969753942928       -37.167902807603561        114.04746009195509     
  -52.622660967710566       -37.168047404987412        114.04790378027619     
  -52.597055888694854       -37.168230341169753        114.04846510888302     
  -52.565579764356535       -37.168456186115563        114.04915810044629     
  -52.527673643177017       -37.168729578135057        114.04999698737281     
  -52.482795876178415       -37.169055247986854        114.05099628580687     
  -52.430423571444898       -37.169438044861387        114.05217087546117     
  -52.370053997757793       -37.169882989775324        114.05353616368886     
  -52.301205933610078       -37.170393286192166        114.05510198168348     
  -52.223420958003906       -37.170971948151397        114.05687758127695     
  -52.136264679589971       -37.171623143116470        114.05887575724131     
  -52.039327900881716       -37.172351097726285        114.06110949301377     
  -51.932227714453930       -37.173160131068684        114.06359206863276     
  -51.814608528222038       -37.174054690729598        114.06633718115015     
  -51.686143017095098       -37.175039390185745        114.06935907528496     
  -51.546532998500517       -37.176119045545938        114.07267268128111     
  -51.395510228699969       -37.177298700900757        114.07629373131417     
  -51.232837116500328       -37.178583625334326        114.08023880831080     
  -51.058307358373455       -37.179979337269934        114.08452550587045     
  -50.871746488887752       -37.181491605125323        114.08917255310155     
  -50.673012345277080       -37.183126420100010        114.09419990508002     
  -50.461995444704648       -37.184889930820155        114.09962878487373     
  -50.238619268299921       -37.186788281420590        114.10548152028862     
  -50.002840465323452       -37.188827480047259        114.11178159368498     
  -49.754648970193813       -37.191013217132635        114.11855369423461     
  -49.494068026773412       -37.193350563785494        114.12582360648743     
  -49.221154113350323       -37.195843465112503        114.13361773618777     
  -48.935996798077383       -37.198494287882468        114.14196315249653     
  -48.638718508085681       -37.201303216782286        114.15088762933985     
  -48.329474194299124       -37.204267271064069        114.16041913937117     
  -48.008450922670065       -37.207379283276431        114.17058567790646     
  -47.675867391568808       -37.210627260335023        114.18141542897149     
  -47.331973326510749       -37.213993867618257        114.19293586453348     
  -46.977048806166707       -37.217456552767608        114.20517327480511     
  -46.611403510738860       -37.220988244285977        114.21815243969063     
  -46.235375848441421       -37.224558109018503        114.23189513590029     
  -45.849332048914938       -37.228132972852052        114.24641989704656     
  -45.453665150774178       -37.231678510888820        114.26174089326740     
  -45.048793927992570       -37.235160447742985        114.27786712261857     
  -44.635161767487745       -37.238545765349279        114.29480215498826     
  -44.213235451762010       -37.241803409391615        114.31254302165429     
  -43.783503933185742       -37.244905002313267        114.33108066631753     
  -43.346477015249867       -37.247825286945400        114.35040130506916     
  -42.902684019360464       -37.250543186574383        114.37048991711544     
  -42.452672371370014       -37.253040377307791        114.39132602687815     
  -41.997006164061553       -37.255301197652507        114.41288362391761     
  -41.536264664454997       -37.257312447440057        114.43513083483668     
  -41.071040788972859       -37.259063431869663        114.45803046407066     
  -40.601939546261484       -37.260545758737173        114.48153991425626     
  -40.129576440678221       -37.261753321926228        114.50561181476668     
  -39.654575865012255       -37.262682070279169        114.53019412986977     
  -39.177569446227558       -37.263329939863524        114.55523089341827     
  -38.699194404185853       -37.263696595057333        114.58066247210979     
  -38.220091852298992       -37.263783317051427        114.60642637690589     
  -37.740905137753785       -37.263592731582946        114.63245765300067     
  -37.262278110064237       -37.263128711313897        114.65868969806041     
  -36.784853454398601       -37.262396279048737        114.68505470210242     
  -36.309270942295115       -37.261401649472276        114.71148437182075     
  -35.836165772513326       -37.260152192702471        114.73791042610168     
  -35.366166825172044       -37.258656441262630        114.76426523772263     
  -34.899895024122294       -37.256924056994158        114.79048235976852     
  -34.437961613331773       -37.254965798668970        114.81649705654456     
  -33.980966557139311       -37.252793485574728        114.84224682057922     
  -33.529496855489946       -37.250419923230652        114.86767176525785     
  -33.084125002729422       -37.247858860629847        114.89271510405132     
  -32.645407356414232       -37.245124873789187        114.91732338548640     
  -32.213882678829819       -37.242233323411099        114.94144693757727     
  -31.790070573222796       -37.239200188069582        114.96503990296580     
  -31.374470128146456       -37.236042026564597        114.98806064536703     
  -30.967558445868448       -37.232775772130537        115.01047160526365     
  -30.569789394169547       -37.229418693191043        115.03223964261767     
  -30.181592271753413       -37.225988166605205        115.05333580581163     
  -29.803370647171104       -37.222501577861003        115.07373547256344     
  -29.435501221139354       -37.218976159501459        115.09341823941098     
  -29.078332733620812       -37.215428808286212        115.11236767524413     
  -28.732185045738884       -37.211876043497774        115.13057144568117     
  -28.397348170261832       -37.208333786403209        115.14802081878463     
  -28.074081492713677       -37.204817317634117        115.16471065840872     
  -27.762613045327992       -37.201341190775310        115.18063922531293     
  -27.463138820212865       -37.197919080930696        115.19580772214184     
  -27.175822256013149       -37.194563790892268        115.21022027793215     
  -26.900793768869892       -37.191287182778588        115.22388365964936     
  -26.638150355778951       -37.188100085396179        115.23680687038791     
  -26.387955339068530       -37.185012305123593        115.24900103700529     
  -26.150238196673751       -37.182032629953710        115.26047925168373     
  -25.924994451793054       -37.179168769929525        115.27125619623669     
  -25.712185682931441       -37.176427360912179        115.28134794841222     
  -25.511739638396204       -37.173814000565379        115.29077187664844     
  -25.323550435358701       -37.171333271621293        115.29954648166694     
  -25.147478838539151       -37.168988739388780        115.30769115451767     
  -24.983352643735248       -37.166782983632537        115.31522604862612     
  -24.830967152728011       -37.164717634380068        115.32217197433557     
  -24.690085739069808       -37.162793414328803        115.32855032577697     
  -24.560440499451854       -37.161010177192033        115.33438300804929     
  -24.441732985222899       -37.159366931817317        115.33969233333589     
  -24.333635021724138       -37.157861879689428        115.34450097145070     
  -24.235789608889174       -37.156492453918901        115.34883191704854     
  -24.147811899942287       -37.155255358148004        115.35270846716682     
  -24.069290255408934       -37.154146605577530        115.35615420776362     
  -23.999787369450441       -37.153161558387978        115.35919300776884     
  -23.938841465340609       -37.152294945798857        115.36184895014530     
  -23.885967557264205       -37.151545061714913        115.36415933122552     
  -23.840658773037870       -37.150906758634420        115.36615263337414     
  -23.802387735832042       -37.150370684443132        115.36784601138551     
  -23.770608001417205       -37.149927680103325        115.36925891150275     
  -23.744755545623082       -37.149568735553416        115.37041280082788     
  -23.724250298332713       -37.149284948426065        115.37133090188418     
  -23.708497719765973       -37.149067486539693        115.37203793546539     
  -23.696890414697325       -37.148907555023101        115.37255987474630     
  -23.688809780156237       -37.148796368844167        115.37292371343185     
  -23.683627682074125       -37.148725131426751        115.37315725048741     
  -23.680708156272324       -37.148685019951557        115.37328889372721     
  -23.679409129129350       -37.148667177838639        115.37334748424530     
  -17.583084153223943       -37.064934271107703        115.64831236141532     
  -16.059084153223942       -37.044002160309425        115.71704991632969     
  -14.535084153223943       -37.023070049511148        115.78578747124405     
  -13.011084153223942       -37.002137938712870        115.85452502615841     
