  -67.232367379822804       0.57995921189308919        75.906294087065660     
  -65.708367379822803       0.58000562845091785        75.912369185482802     
  -64.184367379822802       0.58005204500874652        75.918444283899944     
  -62.660367379822802       0.58009846156657519        75.924519382317087     
  -56.552600758906195       0.58028448617455664        75.948866681090735     
  -56.542824303627832       0.58028478393663130        75.948905652828259     
  -56.528780998239142       0.58028521763035068        75.948962415583850     
  -56.509722338189157       0.58028581749150021        75.949040926716734     
  -56.484913330382952       0.58028661782378954        75.949145676084072     
  -56.453634471566197       0.58028765832242979        75.949281859635576     
  -56.415183684453382       0.58028898554353714        75.949455572897577     
  -56.368878206333825       0.58029065449237638        75.949674022301707     
  -56.314056425006491       0.58029273028653316        75.949945752226824     
  -56.250079657027946       0.58029528981928680        75.950280885556708     
  -56.176333863406967       0.58029842291150335        75.950691326070796     
  -56.092231298047217       0.58030212390668889        75.951176679270276     
  -55.997212084129337       0.58030637412970265        75.951735262047677     
  -55.890745713226330       0.58031122262472346        75.952375081228752     
  -55.772332465597152       0.58031671596208501        75.953105390960090     
  -55.641504746354457       0.58032289063139653        75.953936991464062     
  -55.497828333813075       0.58032975880927840        75.954882537601037     
  -55.340903537088984       0.58033728393105832        75.955956869162890     
  -55.170366260139545       0.58034534078509814        75.957177355009392     
  -54.985888968789112       0.58035365236837366        75.958564187555979     
  -54.787181556341459       0.58036169253342773        75.960140491282644     
  -54.573992115638639       0.58036854455717368        75.961932695245267     
  -54.346107610214247       0.58037269544064873        75.963970825917045     
  -54.103354443873783       0.58037174269127578        75.966288674192697     
  -53.845598924103108       0.58036198148833529        75.968923505415688     
  -53.572747632416693       0.58033783935817596        75.971915975452191     
  -53.284747705130364       0.58029111006399348        75.975310293169017     
  -52.981587013985056       0.58020991769985075        75.979153762262825     
  -52.663294254528672       0.58007733144287843        75.983495839509231     
  -52.329938972864760       0.57986953635349914        75.988388143704213     
  -51.981631511562284       0.57955340496102403        75.993883555776236     
  -51.618522894224228       0.57908327948663263        76.000034787907722     
  -51.240804694143655       0.57839671836346807        76.006894294068388     
  -50.848708828339014       0.57740947212986560        76.014512480537917     
  -50.442507168094046       0.57601187118071273        76.022936851058205     
  -50.022510890929119       0.57406765373812108        76.032211065940913     
  -49.589069554773076       0.57141537748176285        76.042373126341133     
  -49.142569912053851       0.56787258599461776        76.053455081832837     
  -48.683434472955618       0.56324223852502031        76.065480981998661     
  -48.212119901748672       0.55732047857943345        76.078466850891857     
  -47.729115314324289       0.54990468814032556        76.092418933284677     
  -47.234940519666765       0.54080108318865372        76.107333883275118     
  -46.730144264220030       0.52983141336177064        76.123197553205401     
  -46.215302460210673       0.51683851803071912        76.139985401466532     
  -45.691016543376058       0.50168928103990096        76.157662005427454     
  -45.157911945443168       0.48427468289156667        76.176186758436813     
  -44.616636532778671       0.46450945474437771        76.195521006716930     
  -44.067859002580484       0.44233176048826239        76.215619184131100     
  -43.512267184882312       0.41770288419340229        76.236427979850163     
  -42.950566387077636       0.39060677246929137        76.257886994812310     
  -42.383477605993441       0.36104937853215113        76.279929358767674     
  -41.811735764139797       0.32905778111083939        76.302482332671772     
  -41.236087923059316       0.29467906803216204        76.325468267897861     
  -40.657291413972750       0.25797898996002416        76.348805595181943     
  -40.076112034359113       0.21904039307105608        76.372410035504572     
  -39.493322142518387       0.17796145868431504        76.396195702758021     
  -38.909698745446057       0.13485376866666263        76.420076145600419     
  -38.326021616106843        8.9840247900427495E-002   76.443965635754736     
  -37.743071283639310        4.3053282569604910E-002   76.467780075815654     
  -37.161627028391322       -5.3665277576049938E-003   76.491438060694335     
  -36.582464836512159       -5.5271375192429535E-002   76.514861928328060     
  -36.006355286538145      -0.10650727989220672        76.537978340485608     
  -35.434061521085752      -0.15891515439371506        76.560719227413855     
  -34.866337157497135      -0.21233187540917983        76.583022322188413     
  -34.303924216594993      -0.26659137652547910        76.604831473785879     
  -33.747551121015576      -0.32152573106815613        76.626097289812108     
  -33.197930646826940      -0.37696622319154494        76.646777315509325     
  -32.655757975106241      -0.43274441867878499        76.666836341907810     
  -32.121708704708645      -0.48869317821516595        76.686245188387318     
  -31.596436961278190      -0.54464764736284743        76.704980565400916     
  -31.080573624277136      -0.60044621260038455        76.723025968845491     
  -30.574724515326992      -0.65593139871175488        76.740370664158320     
  -30.079468729951881      -0.71095071891690831        76.757009709938075     
  -29.595356980614021      -0.76535745864556637        76.772942855768108     
  -29.122910081451156      -0.81901148365886878        76.788174329384418     
  -28.662617483511283      -0.87177999310633902        76.802712017021747     
  -28.214935928304051      -0.92353818519160003        76.816567116387972     
  -27.780288167491896      -0.97416978433152457        76.829753376169322     
  -27.359061797725367       -1.0235674736976592        76.842286803489571     
  -26.951608177351989       -1.0716331948281483        76.854184823094670     
  -26.558241451945236       -1.1182783642841070        76.865466295194906     
  -26.179237684804587       -1.1634239670937838        76.876150453378727     
  -25.814834075594860       -1.2070005827199586        76.886257232367697     
  -25.465228314745563       -1.2489483107282600        76.895806328521488     
  -25.130578017128450       -1.2892166344491487        76.904817328774172     
  -24.811000277901719       -1.3277642255873319        76.913309563156105     
  -24.506571352944260       -1.3645586815375887        76.921301468169091     
  -24.217326412814543       -1.3995762363171798        76.928810829740030     
  -23.943259444242003       -1.4328014350803151        76.935854682089783     
  -23.684323267605283       -1.4642267826221009        76.942449195092294     
  -23.440429639252468       -1.4938523816596099        76.948609995594069     
  -23.211449476369438       -1.5216855460480148        76.954352253607397     
  -22.997213207330855       -1.5477404009331039        76.959690480133162     
  -22.797511220937238       -1.5720375021703128        76.964638648609892     
  -22.612094421882425       -1.5946034762120245        76.969210446073973     
  -22.440674901307037       -1.6154706788172695        76.973419398224692     
  -22.282926722541465       -1.6346768707853765        76.977278816133392     
  -22.138486805654274       -1.6522649193952494        76.980801907841382     
  -22.006955914290550       -1.6682825220993627        76.984001903418729     
  -21.887899742740721       -1.6827819500891206        76.986892160352483     
  -21.780850098840883       -1.6958198090399470        76.989486241184949     
  -21.685306183482503       -1.7074568142748647        76.991797997314137     
  -21.600735960777389       -1.7177575763690014        76.993841644450328     
  -21.526577610865292       -1.7267903943076239        76.995631875251291     
  -21.462241075306441       -1.7346279364907340        76.997214564828312     
  -21.407109646803821       -1.7413455302096972        76.998614573523170     
  -21.360541648368628       -1.7470207301230098        76.999828621466435     
  -21.321872195130066       -1.7517340656381335        77.000858690718502     
  -21.290415004800042       -1.7555688016102369        77.001711334490366     
  -21.265464264944725       -1.7586106921944284        77.002397000962745     
  -21.246296551813440       -1.7609477287006818        77.002929383163945     
  -21.232172795360928       -1.7626698824894609        77.003324805600897     
  -21.222340284995600       -1.7638688440158310        77.003601657444193     
  -21.216034710494622       -1.7646377591299969        77.003779881061234     
  -21.212482232449503       -1.7650709636987911        77.003880523591832     
  -21.210901576545758       -1.7652637175543897        77.003925358085439     
  -15.114506145935511       -2.5086916335986427        77.176846486153167     
  -13.590506145935510       -2.6945365573650184        77.220073964123515     
  -12.066506145935511       -2.8803814811313937        77.263301442093862     
  -10.542506145935510       -3.0662264048977694        77.306528920064210     
