     -16.2380350381283094      118.9157670520602466      -87.5340665344714921
     -16.2394809456499125      118.9062458782274376      -87.5470428052162220
     -16.2423035160437266      118.8945607181310464      -87.5629955770214536
     -16.2472794468657575      118.8804969304155890      -87.5822368980258972
     -16.2550966436181419      118.8645865919348665      -87.6040620944826145
     -16.2664431228011388      118.8472977558489987      -87.6278540603491507
     -16.2819979347827868      118.8290977625441656      -87.6529972726824695
     -16.3024248427508454      118.8104922179755363      -87.6788249967193707
     -16.3283670605228259      118.7920548189991621      -87.7045789993909892
     -16.3604420349770585      118.7744571117333834      -87.7293693858960921
     -16.3992354671097686      118.7585054086997047      -87.7521247036290788
     -16.4452935180304429      118.7451942950292363      -87.7715194490523345
     -16.4991112866585361      118.7357938127587147      -87.7858556702714026
     -16.5611133458161603      118.7320079125760230      -87.7928474104539589
     -16.6320802974407691      118.7321434827806428      -87.7948129092551284
     -16.7130127046744050      118.7323128506076699      -87.7970436080644134
     -16.8044503368247469      118.7325100531825939      -87.7995677882962866
     -16.9069036486656330      118.7327386077368061      -87.8024008600730781
     -17.0208534038807002      118.7330025352032976      -87.8055575852782368
     -17.1467493626339511      118.7333064367893911      -87.8090520309008582
     -17.2850090483675949      118.7336555745456650      -87.8128975214054890
     -17.4360165971900756      118.7340559548608070      -87.8171065910568274
     -17.6001216929816984      118.7345144132489878      -87.8216909367023817
     -17.7776385920809012      118.7350386818232408      -87.8266613588763931
     -17.9688452387487274      118.7356374591811345      -87.8320277073434994
     -18.1739824723272427      118.7363205035298819      -87.8377988479620484
     -18.3932533306278572      118.7370987093108141      -87.8439826229219847
     -18.6268224516535454      118.7379841546962069      -87.8505857964552632
     -18.8748155809683951      118.7389899596054477      -87.8576138688129333
     -19.1373191779235512      118.7401303573896598      -87.8650710570911997
     -19.4143801456592904      118.7414208128514588      -87.8729603104706456
     -19.7060056673526027      118.7428779363683873      -87.8812831705758839
     -20.0121631442267294      118.7445192611267544      -87.8900395352895885
     -20.3327802305011716      118.7463634245156356      -87.8992277287903931
     -20.6677449863153662      118.7484301995772711      -87.9088444684755785
     -21.0169061467153284      118.7507404797905934      -87.9188848058941801
     -21.3800735029759963      118.7533162334156032      -87.9293420544480000
     -21.7570184061313405      118.7561803103203886      -87.9402076179486869
     -22.1474743837194374      118.7593563188408439      -87.9514708819087758
     -22.5511378672216196      118.7628686261523967      -87.9631192080916406
     -22.9676690455440067      118.7667420835258980      -87.9751377380411697
     -23.3966928210529694      118.7710020400520392      -87.9875094239336875
     -23.8377998905402997      118.7756740209735113      -88.0002148257227077
     -24.2905479262391673      118.7807836836367699      -88.0132321296916871
     -24.7544628737743331      118.7863564782041550      -88.0265369651561542
     -25.2290403443067994      118.7924175725126474      -88.0401024348906276
     -25.7137470712689264      118.7989917032586220      -88.0538991185554494
     -26.2080223451079881      118.8061030323152210      -88.0678951612636354
     -26.7112795776926930      118.8137748835080458      -88.0820563662279596
     -27.2229079862880106      118.8220294993733859      -88.0963463574362464
     -27.7422743582689719      118.8308874927379719      -88.1107265643790925
     -28.2687248655859804      118.8403677591367682      -88.1251565939632968
     -28.8015869436597853      118.8504871413426685      -88.1395944602789569
     -29.3401712173143991      118.8612602570901657      -88.1539969719053573
     -29.8837734736021510      118.8726992074907400      -88.1683200611102080
     -30.4316766685938411      118.8848133532696920      -88.1825191865356430
     -30.9831529617566126      118.8976091669826047      -88.1965498073949732
     -31.5374657639138540      118.9110901960131201      -88.2103679462268673
     -32.0938718212396807      118.9252565805723663      -88.2239304185493154
     -32.6516232986519981      118.9401046592310394      -88.2371951146333373
     -33.2099698652447373      118.9556265202628254      -88.2501212183419170
     -33.7681608236200361      118.9718101978029523      -88.2626698607795959
     -34.3254480002323490      118.9886403820767669      -88.2748048945042569
     -34.8810887003883039      119.0060984358098608      -88.2864926562490808
     -35.4343478301756392      119.0241626700810684      -88.2977017515815419
     -35.9844998623967669      119.0428087419396093      -88.3084029058854156
     -36.5308307290975307      119.0620099927646436      -88.3185687587054673
     -37.0726396298649306      119.0817378411659178      -88.3281736926164314
     -37.6092407740327488      119.1019621436585254      -88.3371936365616364
     -38.1399650551470586      119.1226515915216737      -88.3456058953743337
     -38.6641616849394651      119.1437740644274612      -88.3533889429343020
     -39.1811998120741336      119.1652969643047442      -88.3605221862040509
     -39.6904701617149982      119.1871876241405062      -88.3669857505273342
     -40.1913858730985183      119.2094495878553033      -88.3727117399509297
     -40.6833801989199486      119.2323444903576757      -88.3772851741849479
     -41.1659160415667742      119.2562166694706747      -88.3801809360098929
     -41.6384877106589428      119.2813641848344020      -88.3809381236742269
     -42.1006142089559319      119.3080359157870163      -88.3791633802879630
     -42.5518356699350733      119.3364296391179664      -88.3745334538211580
     -42.9917106403819389      119.3666904021213782      -88.3667969501559583
     -43.4198138258906567      119.3989096773324690      -88.3557755812538090
     -43.8357351713682348      119.4331250124199499      -88.3413645533947118
     -44.2390811425886170      119.4693209299699390      -88.3235322991804850
     -44.6294787030002666      119.5074299531565032      -88.3023182094959935
     -45.0065813665728740      119.5473358126929497      -88.2778294242248336
     -45.3700760099000746      119.5888774920705089      -88.2502355407403769
     -45.7196893182315662      119.6318540729505173      -88.2197614791534193
     -46.0551940471785670      119.6760315883306731      -88.1866796648956637
     -46.3764104093202789      119.7211508750840494      -88.1513016515400096
     -46.6832045254300283      119.7669348005841528      -88.1139695995710639
     -46.9754871789322195      119.8130941313482509      -88.0750474567688855
     -47.2532128101660049      119.8593333484176924      -88.0349128151602969
     -47.5163786458846289      119.9053564755100609      -87.9939495340853171
     -47.7650239398109733      119.9508721214664178      -87.9525406028284777
     -47.9992292581803213      119.9955981671897547      -87.9110616258774655
     -48.2191157777446335      120.0392661106126582      -87.8698750039345953
     -48.4248445804546535      120.0816248817936582      -87.8293247280763865
     -48.6166159294105924      120.1224440336584820      -87.7897317616323107
     -48.7946685048816491      120.1615164708451005      -87.7513901580002766
     -48.9592785905557975      120.1986606540244082      -87.7145638817896582
     -49.1107591970574475      120.2337223429844215      -87.6794843763433107
     -49.2494591271974045      120.2665756726593287      -87.6463487078955410
     -49.3757619700710251      120.2971237158130720      -87.6153183633450965
     -49.4900850140684696      120.3252986716252479      -87.5865187525162270
     -49.5928780818267043      120.3510616178697035      -87.5600393051011707
     -49.6846222864426679      120.3744018634824471      -87.5359341128589108
     -49.7658287093730323      120.3953359451291334      -87.5142230624432074
     -49.8370370014929875      120.4150633448818297      -87.4933010255768266
     -49.8988139098699079      120.4349217228835300      -87.4713730604054831
     -49.9517517327660840      120.4546645923253863      -87.4488262938022416
     -49.9964667070525053      120.4740698508191343      -87.4260176774542259
     -50.0335973320984309      120.4929405621313663      -87.4032726307369074
     -50.0638026343743618      120.5111003415456992      -87.3808910957577325
     -50.0877603775009419      120.5283889050501642      -87.3591533628290478
     -50.1061652226616161      120.5446572756385137      -87.3383263709934994
     -50.1197268444516624      120.5597619635720577      -87.3186714318748045
     -50.1291680073653723      120.5735569876462989      -87.3004549466240860
     -50.1352226082261936      120.5858815295798934      -87.2839651713726283
     -50.1386336899476461      120.5965383640477881      -87.2695417490469652
     -50.1401514320751573      120.6052531063378694      -87.2576317760406255
     -50.1405311236049656      120.6122747148548768      -87.2479594121032420
     -50.1401514320751573      120.6192636859610303      -87.2382634390639282
     -50.1386336899476461      120.6278479720838988      -87.2262590972679135
     -50.1352226082261936      120.6382116419227515      -87.2116236068445545
     -50.1291680073653723      120.6500159311346607      -87.1947574935424967
     -50.1197268444516126      120.6629999829083602      -87.1759543708327982
     -50.1061652226611187      120.6769403517654098      -87.1554571918693597
     -50.0877603774975242      120.6916297058709802      -87.1334879782633749
     -50.0638026343560796      120.7068647675092024      -87.1102647924843438
     -50.0335973320175711      120.7224386315460407      -87.0860126697944281
     -49.9964667067459700      120.7381352509396066      -87.0609715629207415
     -49.9517517317424193      120.7537249529487582      -87.0354028667937598
     -49.8988139067961640      120.7689602991841440      -87.0095954689865039
     -49.8370369930641246      120.7835717788153005      -86.9838720276745931
     -49.7658286880067848      120.7972688525735947      -86.9585878047483334
     -49.6846222355206706      120.8113376536358459      -86.9319105884855219
     -49.5928779663012449      120.8269272791132209      -86.9021988110119707
     -49.4900847633410805      120.8440136569901284      -86.8694429996102713
     -49.3757614473670472      120.8625487410090926      -86.8336702559449236
     -49.2494580768500754      120.8824597417731894      -86.7949455715476290
     -49.1107571566890471      120.9036487077613913      -86.7533726570787138
     -48.9592747491646421      120.9259924920085041      -86.7090942298601846
     -48.7946614799166696      120.9493431363659965      -86.6622917135873507
     -48.6166034257094353      120.9735287923025311      -86.6131843810897379
     -48.4248228811294723      120.9983550797813621      -86.5620278320958363
     -48.2190790014454080      121.0236067543108334      -86.5091116952837496
     -47.9991682983974144      121.0490498964134929      -86.4547567117745075
     -47.7649249797143298      121.0744345481088686      -86.3993111728055112
     -47.5162211162206205      121.0994978281312910      -86.3431467859476669
     -47.2529666271953346      121.1239673100591858      -86.2866538941159860
     -46.9751090628355499      121.1475646864556808      -86.2302361705497447
     -46.6826331542889648      121.1700098173307083      -86.1743049956927507
     -46.3755601047318606      121.1910250374991591      -86.1192735938463869
     -46.0539466055099282      121.2103391577591793      -86.0655507304427658
     -45.7178834797599407      121.2276918241749399      -86.0135346852650997
     -45.3674938671117403      121.2428379990145402      -85.9636076243899367
     -45.0029310444010093      121.2555510734161572      -85.9161296634180474
     -44.6243790465806498      121.2656254040956156      -85.8714331815024252
     -44.2320578307967480      121.2728798760497568      -85.8298172928297873
     -43.8262282126626133      121.2771629215442886      -85.7915422891229298
     -43.4071969228440082      121.2783576142479944      -85.7568231524856230
     -42.9753206476616540      121.2763866476993115      -85.7258220732332603
     -42.5310076325541857      121.2712183164606330      -85.6986412401844149
     -42.0747164640429219      121.2628711640997210      -85.6753150444632041
     -41.6069524197161940      121.2514184738466838      -85.6558033666340179
     -41.1282623540679921      121.2369916423164824      -85.6399859245370720
     -40.6392289642772226      121.2197828184766593      -85.6276583511504725
     -40.1404641345115891      121.2000460460125595      -85.6185297533065608
     -39.6325990590073474      121.1780962750683699      -85.6122236421602167
     -39.1162828389212862      121.1541840750071088      -85.6084549980073177
     -38.5921887148050757      121.1283255615628462      -85.6072716070145816
     -38.0610083792640097      121.1005165735895019      -85.6087498654678143
     -37.5234492966360378      121.0707673309771906      -85.6129453755267207
     -36.9802327402586926      121.0391022027092589      -85.6198929724321260
     -36.4320917228424861      121.0055593419014173      -85.6296069553287111
     -35.8797688707427014      120.9701902144840915      -85.6420815528787074
     -35.3240142928659111      120.9330588886147950      -85.6572915278875229
     -34.7655834549266913      120.8942412680747225      -85.6751930383005202
     -34.2052350926634787      120.8538241776010125      -85.6957246690157319
     -33.6437291719369895      120.8119043495113232      -85.7188086425749418
     -33.0818249066361716      120.7685872998894752      -85.7443521685805763
     -32.5202789153706675      120.7239862873393719      -85.7722490223997767
     -31.9598441812194771      120.6782213576194351      -85.8023811070871432
     -31.4012690246985784      120.6314175475926191      -85.8346190634428865
     -30.8452952644716909      120.5837039589195427      -85.8688234377816855
     -30.2926563256570027      120.5352130089422786      -85.9048460357041392
     -29.7440753859609472      120.4860798047987771      -85.9425314062204393
     -29.2002635667516195      120.4364413531391307      -85.9817182307344723
     -28.6619181862094941      120.3864353853026472      -86.0222404386642694
     -28.1297210483596380      120.3361994350353825      -86.0639284840496970
     -27.6043367798675803      120.2858698840830698      -86.1066105618170496
     -27.0864112130701464      120.2355811844215481      -86.1501138956292039
     -26.5765698218593442      120.1854649670528659      -86.1942658739286571
     -26.0754162078089884      120.1356493147076918      -86.2388952180386070
     -25.5835306402612197      120.0862580143962646      -86.2838330377484937
     -25.1014686421905324      120.0374101636091382      -86.3289140317437216
     -24.6297596387750346      119.9892196287222106      -86.3739774641059483
     -24.1689056256881791      119.9417944883870604      -86.4188680156301814
     -23.7193798526400883      119.8952366025557836      -86.4634366427509775
     -23.2816256863216502      119.8496410674962931      -86.5075412336193068
     -22.8560555586977365      119.8050959827825750      -86.5510473261781215
     -22.4430499770749279      119.7616822465815005      -86.5938286826558965
     -22.0429565963986889      119.7194733964140738      -86.6357677366491004
     -21.6560893537558634      119.6785355958854211      -86.6767559915655283
     -21.2827276770613025      119.6389275068752056      -86.7166941899448318
     -20.9231157556005876      119.6007004593410130      -86.7554925615751813
     -20.5774618972600862      119.5638983728666176      -86.7930707661263057
     -20.2459379534074131      119.5285579997495375      -86.8293579551661310
     -19.9286788290616528      119.4947091494132252      -86.8642927201261159
     -19.6257820823085893      119.4623748607581462      -86.8978229149911243
     -19.3373076102420143      119.4315715915071792      -86.9299054171431038
     -19.0632774315920912      119.4023093474418147      -86.9605057835306781
     -18.8036755652887315      119.3745918093586198      -86.9895978570657604
     -18.5584479938363742      119.3484168648759152      -87.0171636324023297
     -18.3275027457425672      119.3237769041391232      -87.0431929226388235
     -18.1107100917225345      119.3006589542494282      -87.0676828839109049
     -17.9079028159667359      119.2790450154251261      -87.0906376811950480
     -17.7188765850896530      119.2589124587155709      -87.1120682079837962
     -17.5433904267219383      119.2402342617804578      -87.1319917029798887
     -17.3811673123312787      119.2229792263384667      -87.1504313731086739
     -17.2318948431703021      119.2071121762621289      -87.1674160254238615
     -17.0952260347502190      119.1925941820038588      -87.1829797433328224
     -16.9707802010118627      119.1793827572685842      -87.1971615683760177
     -16.8581439351813849      119.1674320366521016      -87.2100051934226030
     -16.7568721839766397      119.1566929446309615      -87.2215586732326358
     -16.6664894122157854      119.1471133572952112      -87.2318741507532849
     -16.5864908546589014      119.1386382585222918      -87.2410075969562371
     -16.5163448632987482      119.1312008979721639      -87.2490308687683580
     -16.4559272605609479      119.1208740540496507      -87.2612989405153172
     -16.4048436073262707      119.1059065698673720      -87.2801841869777775
     -16.3622962915846699      119.0879205201909343      -87.3034412108401341
     -16.3275143653516217      119.0681058370851275      -87.3294175141786155
     -16.2997374834495439      119.0473783614595078      -87.3568373695814557
     -16.2782078935484193      119.0264666542827285      -87.3846828617077449
     -16.2621662547732981      119.0059651645635626      -87.4121208504222409
     -16.2508493619874699      118.9863708502581261      -87.4384525541178590
     -16.2434887121637956      118.9681126889005185      -87.4630728943692191
     -16.2393090967266538      118.9515813095481747      -87.4854297513484624
     -16.2375261953074137      118.9371678371948065      -87.5049707492577937
     -16.2373414631976551      118.9253271335253856      -87.5210568945835234
     -16.2380350381283094      118.9157670520602466      -87.5340665344714921
