  -61.680908396620062        132.49655823199717       -42.784642425992807     
  -60.156908396620061        132.45933969033914       -42.772624136478470     
  -58.632908396620067        132.42212114868110       -42.760605846964133     
  -57.108908396620066        132.38490260702307       -42.748587557449795     
  -51.002338112374794        132.23577029697591       -42.700431041953919     
  -50.993555670165961        132.23555581555124       -42.700361783467628     
  -50.980940239169804        132.23524793413034       -42.700262365062528     
  -50.963819459329002        132.23483049109473       -42.700127567968629     
  -50.941533132965155        132.23428777727617       -42.699952319517685     
  -50.913435009713957        132.23360462735815       -42.699731722658825     
  -50.878894534384479        132.23276651533345       -42.699461086786947     
  -50.837298552946940        132.23175965324015       -42.699135959637971     
  -50.788052971959047        132.23057109235580       -42.698752159998143     
  -50.730584366858608        132.22918882599345       -42.698305810977963     
  -50.664341534683224        132.22660190358002       -42.697470465681775     
  -50.588796986890159        132.22461256490743       -42.696828089001187     
  -50.503448378082631        132.22234823869434       -42.696096920428985     
  -50.407819866891359        132.21979149366445       -42.695271336761984     
  -50.301463405098069        132.21692550912590       -42.694345917456921     
  -50.183959951438808        132.21373436751549       -42.693315543623669     
  -50.054920606753591        132.21020339516946       -42.692175515658683     
  -49.913987667368367        132.20631954381565       -42.690921688771063     
  -49.760835593844668        132.20207180154091       -42.689550625159796     
  -49.595171892199566        132.19745162128120       -42.688059762311298     
  -49.416737904378280        132.19245335748025       -42.686447598938855     
  -49.225309508950147        132.18707465978807       -42.684713888139626     
  -49.020697728383944        132.18131681973500       -42.682859844485051     
  -48.802749241341658        132.17518504751663       -42.680888368121714     
  -48.571346799065566        132.16868862289400       -42.678804281299946     
  -48.326409545145758        132.16184088433727       -42.676614583059653     
  -48.067893240093902        132.15465917378444       -42.674328782129194     
  -47.795790389530588        132.14716457996511       -42.671959285739241     
  -47.510130277032509        132.13938138276259       -42.669521849567715     
  -47.210978903315642        132.13133633682523       -42.667036181463807     
  -46.898438834073644        132.12305790500162       -42.664526798771782     
  -46.572648959743056        132.11457506708919       -42.662024106222027     
  -46.233784171599055        132.10591587399438       -42.659565867528258     
  -45.882054950808225        132.09710609499996       -42.657199046777620     
  -45.517706839098722        132.08816786859859       -42.654981000183241     
  -45.141019784483753        132.07911868344357       -42.652979654670737     
  -44.752307364940314        132.06997058664723       -42.651272574476963     
  -44.351915886913893        132.06072943503585       -42.649944788275590     
  -43.940223351635623        132.05139548895596       -42.649086015073820     
  -43.517638322486128        132.04196389009559       -42.648787256375385     
  -43.084598708557294        132.03242539537132       -42.649137343817159     
  -42.641570476846560        132.02276711798589       -42.650219714684226     
  -42.189046301525096        132.01297333906888       -42.652109622845572     
  -41.727544160332641        132.00302622043483       -42.654871853984744     
  -41.257605897621680        131.99290637996742       -42.658559590243563     
  -40.779795763103095        131.98260158993369       -42.663217228906625     
  -40.294698896324277        131.97211831319103       -42.668884290635610     
  -39.802919753932244        131.96146700217207       -42.675590822039865     
  -39.305080485299122        131.95065955408000       -42.683356743826543     
  -38.801819264040816        131.93970911897878       -42.692192029554128     
  -38.293788577289540        131.92862996366887       -42.702096992379865     
  -37.781653483808412        131.91743720288096       -42.713062634662911     
  -37.266089836471174        131.90614670605936       -42.725071159304434     
  -36.747782484635955        131.89477483261555       -42.738096530551466     
  -36.227423449715026        131.88333832919204       -42.752105183718207     
  -35.705710089377021        131.87185407979419       -42.767056772227185     
  -35.183343245996504        131.86033895724930       -42.782905021664199     
  -34.661025389022122        131.84880962762480       -42.799598618758154     
  -34.139458751065021        131.83728240642799       -42.817082033668662     
  -33.619343452508019        131.82577325191087       -42.835296089646405     
  -33.101375633657511        131.81429771933838       -42.854178411690057     
  -32.586245590396551        131.80287108051687       -42.873663934677211     
  -32.074635932064545        131.79150835289627       -42.893685391072630     
  -31.567219756580176        131.78022421798545       -42.914173767011555     
  -31.064658853731469        131.76903297841940       -42.935058768265385     
  -30.567601935407968        131.75794864790745       -42.956269328797653     
  -30.076682900378980        131.74698498399806       -42.977734091880585     
  -29.592519140611795        131.73615552779566       -42.999381884624221     
  -29.115709887181701        131.72547360280146       -43.021142164716494     
  -28.646834610696040        131.71495224120815       -43.042945427195328     
  -28.186451465966975        131.70460420401193       -43.064723621615109     
  -27.735095801590454        131.69444192687604       -43.086410523601600     
  -27.293278720754554        131.68447752667345       -43.107942101046270     
  -26.861485715917059        131.67472272921836       -43.129256834279644     
  -26.440175362918001        131.66518884737513       -43.150296055307152     
  -26.029778096036125        131.65588667045716       -43.171004244478198     
  -25.630695049528502        131.64682643937309       -43.191329306741693     
  -25.243296981325820        131.63801779592947       -43.211222788980287     
  -24.867923276222101        131.62946972493265       -43.230640043519429     
  -24.504881028311694        131.62119052280019       -43.249540352132819     
  -24.154444217622785        131.61318771391856       -43.267886985891124     
  -23.816852963888611        131.60546805563143       -43.285647250813327     
  -23.492312879813966        131.59803746769322       -43.302792468989125     
  -23.180994513205864        131.59090100531870       -43.319297937377641     
  -22.883032878486432        131.58406288132360       -43.335142871472115     
  -22.598527091669837        131.57752641067410       -43.350310295848807     
  -22.327540096545558        131.57129400875684       -43.364786929081021     
  -22.070098486083207        131.56536721267571       -43.378563058017782     
  -21.826192426800596        131.55974665537883       -43.391632382203724     
  -21.595775680327403        131.55443205292065       -43.403991852246605     
  -21.378765718975952        131.54942223767375       -43.415641515366957     
  -21.175043941862931        131.54471516721387       -43.426584342837486     
  -20.984455989619242        131.54030792245493       -43.436826051741548     
  -20.806812155369183        131.53619671268538       -43.446374934910430     
  -20.641887889086519        131.53237690940736       -43.455241708586492     
  -20.489424397783363        131.52884306313757       -43.463439363761474     
  -20.349129338774535        131.52558891706684       -43.470983026407531     
  -20.220677603776689        131.52260742239457       -43.477889828436076     
  -20.103712191911562        131.51989075423060       -43.484178788777477     
  -19.997845168500362        131.51743033241075       -43.489870705311006     
  -19.902658707455267        131.51521684489373       -43.494988055774336     
  -19.817706214931437        131.51324027094404       -43.499554905189171     
  -19.742513530788024        131.51148990648991       -43.503596818803878     
  -19.676580183664512        131.51093350892742       -43.507463936884996     
  -19.619380821810694        131.50958298742108       -43.510532388278449     
  -19.570366500539624        131.50844440410677       -43.513167917711613     
  -19.528966245802717        131.50749612013416       -43.515398464073236     
  -19.494588569592882        131.50671803168763       -43.517253732864376     
  -19.466623062686242        131.50609132322518       -43.518765016786297     
  -19.444442038486919        131.50559823165838       -43.519965017005362     
  -19.427402223558222        131.50522182555738       -43.520887666551914     
  -19.414846490299364        131.50494580318727       -43.521567957322979     
  -19.406105627113579        131.50475431287109       -43.522041772112452     
  -19.400500141311099        131.50463179883127       -43.522345723005586     
  -19.397342089901024        131.50456287527985       -43.522516997360519     
  -19.395936933348615        131.50453223111285       -43.522593212466454     
  -13.299585407310687        131.37158077177511       -43.853256779153320     
  -11.775585407310686        131.33834482349272       -43.935917904168576     
  -10.251585407310687        131.30510887521032       -44.018579029183833     
  -8.7275854073106860        131.27187292692793       -44.101240154199090     
