      -8.6983705190234755      135.6094581694967474      -44.9488691070339712
      -8.6997143393059062      135.6045895725368382      -44.9636065398329308
      -8.7023739337167871      135.5986161649374822      -44.9817198141143137
      -8.7070969405861849      135.5914294598136394      -45.0035599911484212
      -8.7145493264528042      135.5833029144549187      -45.0283232259059005
      -8.7253968257512931      135.5744773574955673      -45.0553050277716380
      -8.7402965220185074      135.5651934281821127      -45.0838025340408848
      -8.7598909578377668      135.5557115834370165      -45.1130544698790317
      -8.7848032172229207      135.5463274336269421      -45.1421953062730807
      -8.8156320505223551      135.5373870510591701      -45.1702095511053372
      -8.8529463029045683      135.5293059430194376      -45.1958749828886468
      -8.8972776803275160      135.5225965071765017      -45.2176802211431195
      -8.9491100986005048      135.5179127011885498      -45.2336901696562492
      -9.0088617517547913      135.5161311361906371      -45.2413011331778279
      -9.0772762316248130      135.5163842913071619      -45.2431437224670461
      -9.1552976601326801      135.5166773380877601      -45.2452287468998122
      -9.2434462892251670      135.5170072742700427      -45.2475836918744534
      -9.3422141461322248      135.5173756209843248      -45.2502212069387681
      -9.4520646218852526      135.5177837906751392      -45.2531529702042050
      -9.5734312049031409      135.5182331022409130      -45.2563896032046742
      -9.7067162910016620      135.5187248008003564      -45.2599405837732860
      -9.8522900730416705      135.5192600818560322      -45.2638141581654594
     -10.0104895131742406      135.5198401195400209      -45.2680172536354704
     -10.1816174003691131      135.5204660987444925      -45.2725553926657867
     -10.3659414959894178      135.5211392607473329      -45.2774326132747191
     -10.5636937697541953      135.5218609654471607      -45.2826513976383680
     -10.7750697265624122      135.5226327233099255      -45.2882125945593259
     -11.0002278277231227      135.5234562402948200      -45.2941153514631054
     -11.2392890083719355      135.5243334892578844      -45.3003570616991311
     -11.4923362976696986      135.5252670074584103      -45.3069333943309545
     -11.7594145585188770      135.5262599615550698      -45.3138382466549743
     -12.0405303234592687      135.5273161056984748      -45.3210636583174065
     -12.3356517297210466      135.5284397485359307      -45.3285997328172385
     -12.6447085654995703      135.5296356043344019      -45.3364345267708941
     -12.9675924096795878      135.5309090380095824      -45.3445540782654533
     -13.3041568897283753      135.5322662424412670      -45.3529424208479597
     -13.6542180548578305      135.5337144463484833      -45.3615816169227202
     -14.0175548507481178      135.5352618392142574      -45.3704517065573398
     -14.3939097207170743      135.5369175062787974      -45.3795306706402783
     -14.7829893124989393      135.5386914410318298      -45.3887944319476802
     -15.1844652843965147      135.5405951535574332      -45.3982170687634081
     -15.5979752312335354      135.5426430682328487      -45.4077713071525082
     -16.0231237206508048      135.5448516592278168      -45.4174282707676369
     -16.4594834475938150      135.5472405997752219      -45.4271579211835572
     -16.9065964794344268      135.5498319162887242      -45.4369288468333465
     -17.3639756530625498      135.5526473614430927      -45.4467074723555129
     -17.8311059726080110      135.5557086931265758      -45.4564582665123638
     -18.3074460060074919      135.5590378700356666      -45.4661439888932932
     -18.7924293944488987      135.5626570233687289      -45.4757259373480451
     -19.2854664890476641      135.5665882499683903      -45.4851641819765291
     -19.7859460420316005      135.5708535125629339      -45.4944178757271942
     -20.2932369801183974      135.5754741815675857      -45.5034454829215917
     -20.8066902135376246      135.5804707572948473      -45.5122051030005750
     -21.3256405233460384      135.5858617551351131      -45.5206545435935794
     -21.8494084510447522      135.5916640850524288      -45.5287519201884194
     -22.3773022479226853      135.5978926936593041      -45.5364560273596197
     -22.9086198381809432      135.6045604386794423      -45.5437268002336566
     -23.4426508098274908      135.6116778001668877      -45.5505257259686687
     -23.9786784158801645      135.6192526553907385      -45.5568162735692042
     -24.5159815747566334      135.6272902252303822      -45.5625643701064220
     -25.0538368768000481      135.6357928188616029      -45.5677387896520898
     -25.5915206442508456      135.6447597688418796      -45.5723115700050201
     -26.1283117142147887      135.6541872407913729      -45.5762581832730191
     -26.6634942286649625      135.6640683714361728      -45.5795574275666198
     -27.1963596716806180      135.6743934735384869      -45.5821912032053405
     -27.7262087654378320      135.6851502690004168      -45.5841442751080308
     -28.2523532907173056      135.6963241324750982      -45.5854040239829459
     -28.7741178392911827      135.7078981621133380      -45.5859601296109886
     -29.2908414906169163      135.7198534932033454      -45.5858043289854322
     -29.8018794329201988      135.7321694813408328      -45.5849301244340452
     -30.3066045379106086      135.7448239764983953      -45.5833325131489531
     -30.8044089179698197      135.7577935835154506      -45.5810076950956926
     -31.2947055065855864      135.7710538002211536      -45.5779527074339228
     -31.7769288908280778      135.7845978823378630      -45.5741101235430150
     -32.2505332807462821      135.7985508583777516      -45.5690285947409777
     -32.7150012943793698      135.8130795699858879      -45.5621318302282603
     -33.1698456295569954      135.8283264614741483      -45.5529163806175319
     -33.6146029721935378      135.8444080918390284      -45.5409554909426930
     -34.0488307948929858      135.8614139930875808      -45.5259017924410614
     -34.4721049051657573      135.8794061824605706      -45.5074893513782897
     -34.8840174275362429      135.8984188071613630      -45.4855348575250318
     -35.2841759978373446      135.9184581697385283      -45.4599379289318719
     -35.6722049857855126      135.9395031617256109      -45.4306802721647145
     -36.0477491339286544      135.9615063238872494      -45.3978233798505855
     -36.4104791315097600      135.9843955968070759      -45.3615044358423987
     -36.7600978597429560      136.0080767272850721      -45.3219303103996793
     -37.0963462764364635      136.0324362864019179      -45.2793698454607565
     -37.4190091795324733      136.0573451642328564      -45.2341446025389118
     -37.7279165397132203      136.0826622550877119      -45.1866186605482909
     -38.0229421219913419      136.1082379695602924      -45.1371886025658995
     -38.3040023274657386      136.1339175403083459      -45.0862739842199503
     -38.5710552670956588      136.1595441332053440      -45.0343083035161413
     -38.8240999742952013      136.1849617406659547      -44.9817305031446821
     -39.0631756972501307      136.2100178406724353      -44.9289770523140177
     -39.2883612331894057      136.2345658015178174      -44.8764746577662592
     -39.4997742764691679      136.2584670182946809      -44.8246336528675684
     -39.6975707578956261      136.2815927778731862      -44.7738421100741348
     -39.8819441591222130      136.3038258427297080      -44.7244607099131386
     -40.0531247889917950      136.3250617513006091      -44.6768183900917748
     -40.2113790110764100      136.3452098371981549      -44.6312087868171687
     -40.3570084129617328      136.3641939745469642      -44.5878874684667323
     -40.4903489106956727      136.3819530596399829      -44.5470699491658308
     -40.6117697833334574      136.3984412427876975      -44.5089304579315694
     -40.7216726340649586      136.4136279276064840      -44.4736014278505394
     -40.8204902760816637      136.4274975560476832      -44.4411736589147424
     -40.9086855424972455      136.4400492007906109      -44.4116970993951199
     -40.9867500206812281      136.4512959889928823      -44.3851821831125264
     -41.0552027125585894      136.4618489138804023      -44.3598035228781242
     -41.1145886233087268      136.4723882329807907      -44.3335212048967335
     -41.1654772811628149      136.4827938405333327      -44.3067587775976364
     -41.2084611920045134      136.4929583930667718      -44.2799047960030734
     -41.2441542326649113      136.5027876590021378      -44.2533113691733533
     -41.2731899870499035      136.5121981418005532      -44.2273010805155948
     -41.2962200296095077      136.5211147877383269      -44.2021736493244433
     -41.3139121608347750      136.5294685234799203      -44.1782131275095367
     -41.3269485996171895      136.5371932798138346      -44.1556967004023520
     -41.3360241374309041      136.5442219315081047      -44.1349068617814524
     -41.3418442593995437      136.5504800421570621      -44.1161504094541428
     -41.3451232373920661      136.5558749691644778      -44.0997918398241993
     -41.3465822003566146      136.5602753165483421      -44.0863166745482076
     -41.3469471871493681      136.5638131788586804      -44.0753946748448726
     -41.3465822003566146      136.5673277964961017      -44.0644651730213894
     -41.3451232373920661      136.5716352326991796      -44.0509600210536973
     -41.3418442593995437      136.5768213726560703      -44.0345340662838538
     -41.3360241374309041      136.5827089864951347      -44.0156580376739157
     -41.3269485996171397      136.5891601538142197      -43.9946818184067752
     -41.3139121608343132      136.5960559135286303      -43.9718978361373871
     -41.2962200296063884      136.6032855808893771      -43.9475745259941064
     -41.2731899870331844      136.6107407176753270      -43.9219753988902468
     -41.2441542325909722      136.6183113087991217      -43.8953712929621034
     -41.2084611917241972      136.6258830320906839      -43.8680492537956823
     -41.1654772802266891      136.6333350489250904      -43.8403198128539344
     -41.1145886204978694      136.6405379696122111      -43.8125237322342045
     -41.0552027048505934      136.6473517361320944      -43.7850390089367423
     -40.9867500011421413      136.6536261875041021      -43.7582794923506953
     -40.9086854959295465      136.6600019412967129      -43.7301924777539313
     -40.8204901704337360      136.6670503980239744      -43.6989398055247804
     -40.7216724047727396      136.6747548031692077      -43.6645222777075901
     -40.6117693053112561      136.6830867005439245      -43.6269809824319168
     -40.4903479501223984      136.6920056145509648      -43.5863987247304578
     -40.3570065469601928      136.7014589183005171      -43.5429009138657506
     -40.2113754979127478      136.7113819035192535      -43.4966558456688972
     -40.0531183641702242      136.7216980652270024      -43.4478743273150627
     -39.8819327234113103      136.7323196111018717      -43.3968086028909426
     -39.6975509116155152      136.7431481991634428      -43.3437505499700819
     -39.4997406400411322      136.7540759025825992      -43.2890291315849680
     -39.2883054767688336      136.7649863951955069      -43.2330071037197285
     -39.0630851819708838      136.7757563447659379      -43.1760769953037951
     -38.8239558838664536      136.7862569961143322      -43.1186563964184444
     -38.5708300805189808      136.7963559208381810      -43.0611826102458792
     -38.3036564501558914      136.8059189076152222      -43.0041067461189641
     -38.0224194510912596      136.8148119507136187      -42.9478873498320581
     -37.7271386852601651      136.8229032955097466      -42.8929836933273378
     -37.4178679879851401      136.8300654966305672      -42.8398488728588021
     -37.0946941917721560      136.8361774321393227      -42.7889228929512839
     -36.7577354821308191      136.8411262154688757      -42.7406259521832794
     -36.4071393621969150      136.8448089116834012      -42.6953521810553482
     -36.0430831526498636      136.8471341576583882      -42.6534638662787060
     -35.6657786797516607      136.8480240182040859      -42.6152853131244314
     -35.2754768044386395      136.8474160148564351      -42.5810959518670415
     -34.8724720380769142      136.8452653838173489      -42.5511227749254104
     -34.4571062084260475      136.8415474624797525      -42.5255321343750055
     -34.0297699336077244      136.8362601093416799      -42.5044212495941167
     -33.5909014625154256      136.8294260023739923      -42.4878100027007122
     -33.1409833071424558      136.8210945779399310      -42.4756336082910977
     -32.6805375217780636      136.8113435555584090      -42.4677366580348732
     -32.2101204263749210      136.8002798351481033      -42.4638687903105208
     -31.7303164567817575      136.7880402235262522      -42.4636823557390173
     -31.2417290737584779      136.7747909002923450      -42.4667336212410049
     -30.7449794139121408      136.7606654611246029      -42.4726819507289903
     -30.2407119402527975      136.7456806534977432      -42.4815610441760541
     -29.7295891621195949      136.7298420967328809      -42.4934371319231730
     -29.2122891139223775      136.7131612427793357      -42.5083534433926857
     -28.6895034812887673      136.6956552916701639      -42.5263303090853810
     -28.1619356267701200      136.6773469901278872      -42.5473654646759130
     -27.6302985669620433      136.6582642687582734      -42.5714345531533951
     -27.0953129286656669      136.6384399874560813      -42.5984919077579249
     -26.5577049192131724      136.6179114426521437      -42.6284714984435666
     -26.0182043182695431      136.5967200746257220      -42.6612881624543618
     -25.4775425155126918      136.5749109713782730      -42.6968389723101325
     -24.9364506021925578      136.5525322173709810      -42.7350047309909016
     -24.3956575838482976      136.5296344497263874      -42.7756516712041588
     -23.8558893389319344      136.5062702674317165      -42.8186330545200136
     -23.3178675333012393      136.4824940720484392      -42.8637906338611998
     -22.7823078341103944      136.4583616440326637      -42.9109559901555357
     -22.2499180805634644      136.4339297748913680      -42.9599519368370437
     -21.7213964900312639      136.4092559293301292      -43.0105939697268198
     -21.1974299086915963      136.3843977547760460      -43.0626916878679680
     -20.6786920890164829      136.3594129634855392      -43.1160503344222334
     -20.1658420269565575      136.3343587964366179      -43.1704721924694326
     -19.6595223283231526      136.3092917186176010      -43.2257580252248701
     -19.1603576383036476      136.2842667398800245      -43.2817083547556081
     -18.6689530918617912      136.2593379327088883      -43.3381250645634282
     -18.1858928296647910      136.2345582362924290      -43.3948127094229079
     -17.7117385646843140      136.2099792353699570      -43.4515797390871441
     -17.2470281986448342      136.1856509967207103      -43.5082396529473385
     -16.7922745058511076      136.1616215608135008      -43.5646119493187811
     -16.3479638191959467      136.1379369137377751      -43.6205231351497034
     -15.9145547666157068      136.1146398303836804      -43.6758073057503964
     -15.4924771345428347      136.0917703180747367      -43.7303071384895432
     -15.0821308052463774      136.0693678875293529      -43.7838753452519995
     -14.6838847880548791      136.0474713031785541      -43.8363751866860483
     -14.2980763039606291      136.0261177745181556      -43.8876806760559361
     -13.9250099455293039      136.0053433538022034      -43.9376770460256694
     -13.5649569057773114      135.9851812907317026      -43.9862604371464414
     -13.2181542872878151      135.9656616341544293      -44.0333378754085771
     -12.8848044656653631      135.9468112382182028      -44.0788272781541579
     -12.5650745352169881      135.9286538305178169      -44.1226573879835300
     -12.2590958437255164      135.9112100758823090      -44.1647676235353686
     -11.9669636010559799      135.8944973932060236      -44.2051077788777391
     -11.6887365837200452      135.8785298512653981      -44.2436376878953155
     -11.4244369320763433      135.8633180811762315      -44.2803268443391431
     -11.1740500252782144      135.8488695850902275      -44.3151541119120225
     -10.9375244595028427      135.8351888488957968      -44.3481073417803699
     -10.7147721354176468      135.8222775661789683      -44.3791830040771060
     -10.5056684492414281      135.8101345921997449      -44.4083857115932261
     -10.3100525636092151      135.7987558584798364      -44.4357277253591150
     -10.1277277752737369      135.7881344701271757      -44.4612285264745140
      -9.9584619836656589      135.7782608183585182      -44.4849144047787632
      -9.8019882592092351      135.7691226929220534      -44.5068180631749541
      -9.6580055091535435      135.7607053653920275      -44.5269782308108546
      -9.5261792410065222      135.7529916945229900      -44.5454393035487044
      -9.4061424208193340      135.7459622348185633      -44.5622510062051376
      -9.2974964237576447      135.7395953441746030      -44.5774680748576770
      -9.1998120743044076      135.7338672906587362      -44.5911499579637862
      -9.1126307733162175      135.7287523590947842      -44.6033605344255477
      -9.0354657087058285      135.7242229567491734      -44.6141678456575406
      -8.9678040741732730      135.7202451382953541      -44.6236578056594482
      -8.9095054898382529      135.7148179038038052      -44.6379112546632442
      -8.8601805200918857      135.7070473451674104      -44.6596254036902138
      -8.8190688527125491      135.6977574279378587      -44.6862575240891360
      -8.7854335862177599      135.6875521778734424      -44.7159371897671249
      -8.7585465818235750      135.6768963109018102      -44.7472210228207672
      -8.7376812016214842      135.6661594612651811      -44.7789577664757914
      -8.7221085601450508      135.6556432257399081      -44.8102054888200172
      -8.7110955256299558      135.6455997633999289      -44.8401744565504359
      -8.7039034953248429      135.6362467757418813      -44.8681810756083763
      -8.6997871961528794      135.6277825652693139      -44.8936017109645107
      -8.6979925708491859      135.6204058220667150      -44.9158123231786348
      -8.6977521831547975      135.6143479039288025      -44.9340904354876187
      -8.6983705190234755      135.6094581694967474      -44.9488691070339712
