     -12.2976767039068129      131.4611981276611345      -43.5082730026599975
     -12.2989066619760177      131.4564812334821511      -43.5225517369130159
     -12.3013945362622028      131.4506881692241507      -43.5401042169086168
     -12.3058626921573957      131.4437097173636460      -43.5612726862888806
     -12.3129600004983022      131.4358065616107467      -43.5852804932583666
     -12.3233346245386404      131.4272078177073695      -43.6114472142046026
     -12.3376263402677733      131.4181424553584066      -43.6390939692787327
     -12.3564611228385797      131.4088586801432825      -43.6674852491212704
     -12.3804466058348535      131.3996387913332171      -43.6957844972717098
     -12.4101675810259504      131.3908140131875086      -43.7230098224987245
     -12.4461808772803586      131.3827828752768312      -43.7479790001686197
     -12.4890087538939039      131.3760378080290536      -43.7692296130462708
     -12.5391292376907622      131.3712084104764699      -43.7848886947021114
     -12.5969599443518199      131.3691399950031382      -43.7924354944540752
     -12.6632082033694164      131.3689888782962498      -43.7944201393592110
     -12.7387591247183156      131.3688196920705877      -43.7966673199261223
     -12.8241163494911152      131.3686260901233993      -43.7992050298799782
     -12.9197562424433787      131.3684061793325384      -43.8020467795892756
     -13.0261274255609489      131.3681580340027040      -43.8052050200575422
     -13.1436495520577878      131.3678797118271291      -43.8086910528315912
     -13.2727121543265820      131.3675692751852182      -43.8125149378526899
     -13.4136735693433131      131.3672248171077683      -43.8166854001476764
     -13.5668599444241362      131.3668444918715750      -43.8212097364967406
     -13.7325643258967940      131.3664265502364685      -43.8260937232170207
     -13.9110458330662023      131.3659693787719789      -43.8313415259998536
     -14.1025289205629587      131.3654715257920884      -43.8369556071058071
     -14.3072027300775773      131.3649317328123516      -43.8429366374095011
     -14.5252205319919856      131.3643489979035621      -43.8492834233488722
     -14.7566992611042043      131.3637226275004650      -43.8559928356111328
     -15.0017191519729582      131.3630523391097711      -43.8630597610535631
     -15.2603234907331498      131.3623385112965991      -43.8704771046028057
     -15.5325184580811477      131.3615821596121691      -43.8782356979258807
     -15.8182730653290022      131.3607849778696277      -43.8863242348459082
     -16.1175191983770425      131.3599496898789596      -43.8947293177709312
     -16.4301517641477162      131.3590802447416763      -43.9034354603854169
     -16.7560289381938254      131.3581816827770865      -43.9124249899436521
     -17.0949725322574153      131.3572602871887227      -43.9216780559307622
     -17.4467684636437284      131.3563236940747458      -43.9311726370209783
     -17.8111673226986333      131.3553808734034192      -43.9408845183848911
     -18.1878850720307632      131.3544420233216670      -43.9507872547532870
     -18.5766038290311961      131.3535186715038492      -43.9608522187724517
     -18.9769727664061669      131.3526235709770447      -43.9710485979132955
     -19.3886091223481678      131.3517705528137469      -43.9813433954074924
     -19.8110992934136476      131.3509746665687032      -43.9917015471473789
     -20.2440000538830134      131.3502518944609392      -44.0020859165845692
     -20.6868398405577381      131.3496193305939812      -44.0124574670097815
     -21.1391201279106085      131.3490950733400098      -44.0227753659080321
     -21.6003167701583862      131.3486981647079404      -44.0329971699127469
     -22.0698814819786548      131.3484482365608130      -44.0430789849490978
     -22.5472434020655612      131.3483654784979535      -44.0529757811428837
     -23.0318107454304553      131.3484703564600977      -44.0626416655177735
     -23.5229724948259964      131.3487835198788218      -44.0720302566080662
     -24.0201001672486854      131.3493254880491747      -44.0810950201062255
     -24.5225496073175435      131.3501165146676044      -44.0897896948133692
     -25.0296628412281308      131.3511762489469845      -44.0980686754554583
     -25.5407699463683535      131.3525236058656560      -44.1058874845953426
     -26.0551909624345939      131.3541764856892939      -44.1132032059599908
     -26.5722378118374500      131.3561515764544652      -44.1199749501157470
     -27.0912162377037617      131.3584641034948390      -44.1261642989121015
     -27.6114277476345826      131.3611275363942639      -44.1317357239102463
     -28.1321715495471345      131.3641534126669512      -44.1366570239153262
     -28.6527465526613767      131.3675511195775414      -44.1408997127343241
     -29.1724539956312192      131.3713278072222010      -44.1444392658795692
     -29.6906000993121744      131.3754883234111901      -44.1472550205854617
     -30.2064980333626174      131.3800352714410735      -44.1493299852461618
     -30.7194697620419532      131.3849690350929222      -44.1506506098042806
     -31.2288478172621069      131.3902878993878858      -44.1512065675285257
     -31.7339770031052062      131.3959881309941977      -44.1509905063134980
     -32.2342160402583744      131.4020639846903862      -44.1499977605707983
     -32.7289391456941559      131.4085078472653549      -44.1482260949584600
     -33.2175375793410765      131.4153102429499143      -44.1456753844428604
     -33.6994211579261247      131.4224601402268036      -44.1423473713225789
     -34.1740197936556385      131.4299451379688719      -44.1382453437214153
     -34.6407843560766651      131.4377694951394346      -44.1333205820147043
     -35.0991849764666881      131.4460642797454852      -44.1271440063620943
     -35.5487190112007596      131.4550001571596738      -44.1191663609085012
     -35.9889126464051330      131.4647231469917301      -44.1089094465536391
     -36.4193155363434400      131.4753534382653299      -44.0959697984173076
     -36.8394980271338497      131.4869844791046489      -44.0800211349549045
     -37.2490490422084548      131.4996825301372780      -44.0608160899323664
     -37.6475743559182945      131.5134863314355869      -44.0381870757548981
     -38.0346959355150389      131.5284072896834857      -44.0120463251788721
     -38.4100530980563306      131.5444299323415009      -43.9823847922200244
     -38.7733058192061719      131.5615130048203696      -43.9492696970619434
     -39.1241397689795818      131.5795911648956746      -43.9128403960779110
     -39.4622719469360277      131.5985772219424064      -43.8733024764674369
     -39.7874559846334179      131.6183650706911976      -43.8309203301398895
     -40.0994873408479151      131.6388329400306532      -43.7860082873260552
     -40.3982045265404324      131.6598469064458357      -43.7389209154302705
     -40.6834878968123448      131.6812643296318015      -43.6900435068561279
     -40.9552586354789980      131.7029370012636491      -43.6397829683377267
     -41.2134779370361457      131.7247141611706240      -43.5885591872428648
     -41.4581463046918515      131.7464453492149801      -43.5367969080831543
     -41.6893029144647826      131.7679829693475710      -43.4849181337121706
     -41.9070250093324503      131.7891845942313580      -43.4333351185643437
     -42.1114272969586310      131.8099150840380105      -43.3824440324870721
     -42.3026613336813000      131.8300484101392556      -43.3326193057948927
     -42.4809148796793465      131.8494691931375939      -43.2842086953251481
     -42.6464112133039919      131.8680739558464268      -43.2375290964307908
     -42.7994083944687418      131.8857721275859660      -43.1928631246531509
     -42.9401984695418903      131.9024867913707624      -43.1504564627517055
     -43.0691066120405495      131.9181551597459929      -43.1105159536755593
     -43.1864901944954482      131.9327288095705626      -43.0732084218929430
     -43.2927377885356819      131.9461736926384674      -43.0386601891076381
     -43.3882680915937087      131.9584699404977073      -43.0069572399950459
     -43.4735287798295502      131.9696114834646608      -42.9781459845826106
     -43.5489952879028550      131.9796055102008836      -42.9522345579360163
     -43.6151695171206768      131.9890369888056227      -42.9274567986347790
     -43.6725784743488106      131.9985575516731728      -42.9018391786882063
     -43.7217728443290383      132.0080446529337337      -42.8757888981470359
     -43.7633254989603273      132.0173878287201887      -42.8496792503070694
     -43.7978299472814356      132.0264890521345649      -42.8238482274873320
     -43.8258987301265819      132.0352604528562779      -42.7986052180424679
     -43.8481617637701646      132.0436221194277664      -42.7742374527051794
     -43.8652646370458683      132.0514997377254929      -42.7510169676573000
     -43.8778668665716083      132.0588217332641818      -42.7292091174061852
     -43.8866401148341652      132.0655153660682402      -42.7090843482221487
     -43.8922663759895784      132.0715007036668851      -42.6909365627888633
     -43.8954361343193113      132.0766801081711606      -42.6751154000351178
     -43.8968465003486941      132.0809183908831415      -42.6620874416432585
     -43.8971993296872682      132.0843350785447115      -42.6515308912048212
     -43.8968465003486941      132.0877375347215832      -42.6409697452584595
     -43.8954361343193113      132.0919189345396489      -42.6279234187345466
     -43.8922663759895926      132.0969705236052505      -42.6120609829250299
     -43.8866401148341652      132.1027290842086472      -42.5938399686261562
     -43.8778668665715657      132.1090693322053653      -42.5736010874770798
     -43.8652646370454633      132.1158842185356548      -42.5516294859071635
     -43.8481617637673722      132.1230745782162330      -42.5281870772518928
     -43.8258987301116321      132.1305432787465577      -42.5035309630464155
     -43.7978299472153338      132.1381915021649434      -42.4779252669089402
     -43.7633254987097544      132.1459160843869540      -42.4516497110500950
     -43.7217728434922321      132.1536073584616986      -42.4250066454957064
     -43.6725784718361396      132.1611471671394895      -42.3983275623969931
     -43.6151695102303520      132.1684067958690889      -42.3719798621081907
     -43.5489952704364214      132.1752475001423193      -42.3463655149881220
     -43.4735287382013524      132.1822949073967663      -42.3195025981653359
     -43.3882679971513880      132.1901074423848002      -42.2896163843860506
     -43.2927375835619159      132.1986745125827269      -42.2567092780561850
     -43.1864897671681192      132.2079738915945768      -42.2208224940741488
     -43.0691057533293389      132.2179713944906894      -42.1820374362256771
     -42.9401968013997362      132.2286207361263166      -42.1404765519978497
     -42.7994052537846059      132.2398635847273169      -42.0963036032718989
     -42.6464054695982711      132.2516298242902337      -42.0497233022057486
     -42.4809046561715746      132.2638380348543024      -42.0009802715820584
     -42.3026435908892253      132.2763961941162734      -41.9503573003820662
     -42.1113972251719701      132.2892025825152871      -41.8981728735978436
     -41.9069751609357226      132.3021469100292222      -41.8447779833872957
     -41.6892219889284874      132.3151116679977406      -41.7905522419300297
     -41.4580174777681592      132.3279736548477956      -41.7358993184376672
     -41.2132766006648268      132.3406056507285768      -41.6812417515760956
     -40.9549493849452091      132.3528781975461470      -41.6270152042507320
     -40.6830205645631651      132.3646615506784485      -41.5736622848563471
     -40.3975090136304757      132.3758276756764189      -41.5216260222241047
     -40.0984669297512184      132.3862521998267425      -41.4713431193533921
     -39.7859787175636086      132.3958163739427789      -41.4232371862905069
     -39.4601594971074476      132.4044089988106521      -41.3777121565323398
     -39.1211532577951573      132.4119280813417561      -41.3351460732723268
     -38.7691332704084601      132.4182824243069945      -41.2958853230298502
     -38.4043062369233112      132.4233934200049418      -41.2602385615739493
     -38.0269163006808313      132.4271968696191095      -41.2284699536177115
     -37.6372491250307419      132.4296451310546843      -41.2007918944115019
     -37.2356351230806197      132.4307093218962734      -41.1773571942975991
     -36.8224507240082914      132.4303815452549600      -41.1582510663478303
     -36.3981172756436564      132.4286770953748658      -41.1434834727187990
     -35.9630979725650093      132.4256362425182090      -41.1329823038707829
     -35.5178935577162349      132.4213258140798075      -41.1265879278407454
     -35.0630375268733516      132.4158401410658428      -41.1240492646407034
     -34.5990905428416511      132.4093016868735333      -41.1250216932587591
     -34.1266322179181216      132.4018604741701211      -41.1290682750284446
     -33.6462597970892077      132.3936343339664745      -41.1358524532604690
     -33.1585931084260537      132.3846273177394721      -41.1454004274045886
     -32.6642697188067785      132.3748323231314714      -41.1577706571842086
     -32.1639425629752367      132.3642476954297820      -41.1730001855241241
     -31.6582781422286779      132.3528771166012916      -41.1911046969528911
     -31.1479546366727327      132.3407293617177061      -41.2120787570196327
     -30.6336599577442286      132.3278182505098073      -41.2358963437666830
     -30.1160897877347509      132.3141624305837922      -41.2625115573316634
     -29.5959456210753018      132.2997851971810803      -41.2918595629861969
     -29.0739328261668568      132.2847142063414196      -41.3238577086467203
     -28.5507587479566034      132.2689810626586961      -41.3584067917669174
     -28.0271308441078091      132.2526210030658547      -41.3953925219371328
     -27.5037549448011589      132.2356724612964172      -41.4346870790657889
     -26.9813341611933666      132.2181767474491778      -41.4761506685052126
     -26.4605677740437670      132.2001777208303395      -41.5196328375340613
     -25.9421494816057248      132.1817214820268589      -41.5649737625255042
     -25.4267656129180857      132.1628560888603943      -41.6120055927113768
     -24.9150933784460342      132.1436312690364616      -41.6605538283257602
     -24.4077991463954724      132.1240981456002430      -41.7104387221506272
     -23.9055367708898459      132.1043088505092271      -41.7614766493545133
     -23.4089459439226388      132.0843162519794873      -41.8134815015080576
     -22.9186506066953690      132.0641735396138756      -41.8662660094548826
     -22.4352573886729516      132.0439340054247168      -41.9196430882893978
     -21.9593541076090268      132.0236506836749015      -41.9734270852631539
     -21.4915083058685532      132.0033761074164715      -42.0274350007940285
     -21.0322658473519475      131.9831619848463902      -42.0814876099438919
     -20.5821495587528673      131.9630589518929185      -42.1354105251570772
     -20.1416579327163134      131.9431162811569322      -42.1890351547699112
     -19.7112638438327963      131.9233818024885068      -42.2421996406492042
     -19.2914133006779629      131.9039016379822726      -42.2947496697414849
     -18.8825243360911657      131.8847199388005436      -42.3465391932057713
     -18.4849860041979390      131.8658785230054207      -42.3974309904965452
     -18.0991574111742928      131.8474169388050541      -42.4472972454627637
     -17.7253668385160488      131.8293720936527222      -42.4960198613787412
     -17.3639109007164123      131.8117783773899134      -42.5434908176144830
     -17.0150537918197529      131.7946675517410426      -42.5896123400773590
     -16.6790265973967529      131.7780686551671749      -42.6342969724646892
     -16.3560266676993180      131.7620080648806038      -42.6774676025146320
     -16.0462170904977164      131.7465095111555229      -42.7190573862676075
     -15.7497262261677857      131.7315939562195126      -42.7590095513626238
     -15.4666473287974107      131.7172795512642836      -42.7972771584357119
     -15.1970382628840568      131.7035818763978625      -42.8338228975834241
     -14.9409213003076395      131.6905136987804212      -42.8686186816224080
     -14.6982830089037577      131.6780848256035483      -42.9016452328155893
     -14.4690742373182992      131.6663022354677253      -42.9328917325030091
     -14.2532102027368950      131.6551701725355485      -42.9623554375544217
     -14.0505706774347754      131.6446900421168209      -42.9900412136250623
     -13.8610002561004499      131.6348604836065306      -43.0159611211432846
     -13.6843087173828586      131.6256774645447081      -43.0401340140428275
     -13.5202714834161757      131.6171343664064466      -43.0625851465507310
     -13.3686301738740525      131.6092221105566011      -43.0833458074867863
     -13.2290932561808852      131.6019292694053036      -43.1024529667215077
     -13.1013367898835291      131.5952421677883137      -43.1199489370255975
     -12.9850052625672294      131.5891449844458805      -43.1358810551835319
     -12.8797125149573510      131.5836198533470736      -43.1503013820172683
     -12.7850427527364836      131.5786469645749435      -43.1632664200944660
     -12.7005516420102733      131.5742046654484625      -43.1748368474551896
     -12.6257674854826956      131.5702695620595648      -43.1850772649442050
     -12.5601933072661467      131.5668121849311376      -43.1940694851564970
     -12.5036637377193287      131.5618981743164397      -43.2077030595601883
     -12.4557885926956207      131.5546654253204508      -43.2285894652207787
     -12.4158438945819007      131.5459155446573902      -43.2542636700198528
     -12.3831250695249366      131.5362371907372392      -43.2829118564723672
     -12.3569339524412189      131.5260841655542947      -43.3131338414009122
     -12.3365724099017218      131.5158182498996098      -43.3438123749649051
     -12.3213391125555152      131.5057353944515910      -43.3740329407348497
     -12.3105278774076545      131.4960837309377837      -43.4030284227777585
     -12.3034267059335338      131.4870780761802393      -43.4301344928599278
     -12.2993168472187584      131.4789145105269768      -43.4547448794313951
     -12.2974710441058850      131.4717895334663922      -43.4762528949614691
     -12.2971495592527180      131.4659313167801713      -43.4939564682436881
     -12.2976767039068129      131.4611981276611345      -43.5082730026599975
