  -62.938621896480200       -5.8198266273749952E-002   124.54835616613086     
  -61.414621896480199       -5.8207327217332606E-002   124.56774721848626     
  -59.890621896480198       -5.8216388160915261E-002   124.58713827084166     
  -58.366621896480197       -5.8225449104497916E-002   124.60652932319707     
  -52.260849159606721       -5.8261750982645751E-002   124.68421787884728     
  -52.252729349150329       -5.8261799258987251E-002   124.68432119359116     
  -52.241065716161849       -5.8261868757266050E-002   124.68446992488215     
  -52.225236591068359       -5.8261963363058659E-002   124.68467238788850     
  -52.204631525732054       -5.8262087008760365E-002   124.68493699856627     
  -52.178652936591732       -5.8262243698799482E-002   124.68527232761976     
  -52.146717712822401       -5.8262437537673614E-002   124.68568716263337     
  -52.108258785195659       -5.8262672759952637E-002   124.68619057737514     
  -52.062726651429131       -5.8262953757761735E-002   124.68679200720007     
  -52.009590853931101       -5.8263285101395952E-002   124.68750132942296     
  -51.948341405973757       -5.8263671528977962E-002   124.68832892661588     
  -51.878490162468431       -5.8264115075023819E-002   124.68927972069345     
  -51.799572131664931       -5.8264617067996009E-002   124.69035780387331     
  -51.711146724257425       -5.8265179987653098E-002   124.69157109023676     
  -51.612798936548934       -5.8265805219143221E-002   124.69292772956177     
  -51.504140464504616       -5.8266492109249120E-002   124.69443621481689     
  -51.384810745679204       -5.8267236364101374E-002   124.69610551607293     
  -51.254477926279129       -5.8268027408725706E-002   124.69794522274235     
  -51.112839750818154       -5.8268844179075387E-002   124.69996567804390     
  -50.959624371937906       -5.8269648623955034E-002   124.70217812577096     
  -50.794591078273292       -5.8270375914399805E-002   124.70459485665502     
  -50.617530938449079       -5.8270920020706898E-002   124.70722934802153     
  -50.428267357732210       -5.8271112851938305E-002   124.71009630730636     
  -50.226656544833162       -5.8270694633061504E-002   124.71321156357068     
  -50.012587897400685       -5.8269272758407070E-002   124.71659225198492     
  -49.785984296355117       -5.8266265117976813E-002   124.72025687249503     
  -49.546802309081819       -5.8260823033829866E-002   124.72422525389466     
  -49.295032297464942       -5.8251727482123247E-002   124.72851828003679     
  -49.030698441293310       -5.8237250715636624E-002   124.73315780551792     
  -48.753858673202082       -5.8214972628694767E-002   124.73816660200039     
  -48.464604516856966       -5.8181537562436242E-002   124.74356796854022     
  -48.163060831735194       -5.8132332245311349E-002   124.74938511785420     
  -47.849385484681470       -5.8061059174344939E-002   124.75564120337255     
  -47.523768923930582       -5.7959234091764185E-002   124.76235886925738     
  -47.186433657083853       -5.7815824840514701E-002   124.76955941912738     
  -46.837633661311493       -5.7617136287133525E-002   124.77726286425005     
  -46.477653691949335       -5.7346955272857304E-002   124.78548723884977     
  -46.106808506928871       -5.6986971440244838E-002   124.79424792363069     
  -45.725442026151427       -5.6517426796856798E-002   124.80355776069256     
  -45.333926387645334       -5.5917897326244283E-002   124.81342599570476     
  -44.932660952497571       -5.5168104518868478E-002   124.82385843126366     
  -44.522071226439692       -5.4248678181512217E-002   124.83485696961118     
  -44.102607714126549       -5.3141829575832182E-002   124.84641931311145     
  -43.674744715617500       -5.1831907620230822E-002   124.85853905851123     
  -43.238979049548988       -5.0305693094003998E-002   124.87120512172000     
  -42.795828737386330       -4.8552399417223939E-002   124.88440442618206     
  -42.345831616651807       -4.6563633192086396E-002   124.89812425063948     
  -41.889543916308249       -4.4333363982872673E-002   124.91234898081156     
  -41.427538775457073       -4.1857889186272791E-002   124.92705891818402     
  -40.960404722511427       -3.9135784384655550E-002   124.94223083238724     
  -40.488744115184453       -3.6167833101530551E-002   124.95783754864254     
  -40.013171539338117       -3.2956934027516198E-002   124.97384855038533     
  -39.534312186436175       -2.9507984433008502E-002   124.99022975651144     
  -39.052800187834833       -2.5827740691451863E-002   125.00694415330916     
  -38.569276944462366       -2.1924657252129148E-002   125.02395175751985     
  -38.084389414061683       -1.7808706379407582E-002   125.04121025393312     
  -37.598788406616315       -1.3491181674810783E-002   125.05867513942269     
  -37.113126843581639       -8.9844894755792774E-003   125.07630032861648     
  -36.628058030622768       -4.3019588637363253E-003   125.09403844502047     
  -36.144233909001066        5.4228376698820348E-004   125.11184138145362     
  -35.662303316949519        5.5334159308530455E-003   125.12966068490525     
  -35.182910254572612        1.0656022278151276E-002   125.14744806855624     
  -34.706692148373925        1.5894199729645207E-002   125.16515582044728     
  -34.234278149119383        2.1231663892621062E-002   125.18273726982990     
  -33.766287416627520        2.6651855774588170E-002   125.20014715407906     
  -33.303327467738100        3.2138048030716536E-002   125.21734204704293     
  -32.845992501919945        3.7673449956932142E-002   125.23428063346741     
  -32.394861813303976        4.3241310368374634E-002   125.25092407348545     
  -31.950498181280114        4.8825017749230086E-002   125.26723617329189     
  -31.513446359739454        5.4408196803586786E-002   125.28318369798183     
  -31.084231559279459        5.9974800948605009E-002   125.29873643793155     
  -30.663358020520469        6.5509199839263260E-002   125.31386739372820     
  -30.251307618847100        7.0996261735548474E-002   125.32855280046815     
  -29.848538526857890        7.6421431021541947E-002   125.34277213791631     
  -29.455483971935870        8.1770806740490615E-002   125.35650819622565     
  -29.072550996321269        8.7031217590423676E-002   125.36974685254894     
  -28.700119381197883        9.2190286762783763E-002   125.38247722230568     
  -28.338540540000103        9.7236484921677191E-002   125.39469127270125     
  -27.988136580642863       0.10215917212983855        125.40638388246661     
  -27.649199399345530       0.10694862883376950        125.41755260357385     
  -27.321989849248183       0.11159607618656550        125.42819736949971     
  -27.006737054106868       0.11609368703006943        125.43832053394603     
  -26.703637738751894       0.12043458752395349        125.44792646217762     
  -26.412855684496723       0.12461285074519886        125.45702134630710     
  -26.134521298254725       0.12862348336388696        125.46561316886206     
  -25.868731225238090       0.13246240575170171        125.47371132623549     
  -25.615548079347619       0.13612642699359953        125.48132643226997     
  -25.375000286102701       0.13961321586813769        125.48847027259080     
  -25.147081993755343       0.14292126838496644        125.49515556066987     
  -24.931753080397876       0.14604987293784658        125.50139571897994     
  -24.728939266363827       0.14899907369534460        125.50720476330507     
  -24.538532325250298       0.15176963175651559        125.51259724656910     
  -24.360390375044076       0.15436298565820011        125.51758809824128     
  -24.194338262860359       0.15678121315326096        125.52219249286942     
  -24.040168045354847       0.15902699481685917        125.52642577776214     
  -23.897639558331065       0.16110357967901268        125.53030341312936     
  -23.766481075184156       0.16301475305740648        125.53384093852193     
  -23.646390048930449       0.16476480660757520        125.53705392856303     
  -23.537033936123873       0.16635851052878620        125.53995794179292     
  -23.438051104334299       0.16780108784474279        125.54256850530842     
  -23.349051818339852       0.16909819048083816        125.54490110927918     
  -23.269619302134039       0.17025587680067658        125.54697120872049     
  -23.199310873798453       0.17128059020938530        125.54879423144695     
  -23.137659150097679       0.17217913846974051        125.55038562236290     
  -23.084173317552700       0.17295870084590778        125.55177391223231     
  -23.038340466170368       0.17362676060954571        125.55297852882106     
  -22.999626982524756       0.17419107749673929        125.55400678580244     
  -22.967479998340998       0.17465969635264147        125.55486811583037     
  -22.941328890313720       0.17504092456920126        125.55557380252388     
  -22.920586827280029       0.17534330891836769        125.55613672005796     
  -22.904652360456687       0.17557561181094888        125.55657108309809     
  -22.892911052365104       0.17574678703626695        125.55689220999130     
  -22.884737139991753       0.17586595504697936        125.55711630222115     
  -22.879495227642408       0.17594237786203507        125.55726024286719     
  -22.876542004873116       0.17598543366193981        125.55734141650655     
  -22.875227984818835       0.17600459115081243        125.55737755266583     
  -16.778899258192347       0.26488477936693788        125.72502941245011     
  -15.254899258192346       0.28710362827017455        125.76694011736262     
  -13.730899258192347       0.30932247717341121        125.80885082227513     
  -12.206899258192346       0.33154132607664788        125.85076152718764     
