     -27.0178035325991850       26.4449231741894053       83.6934797520344773
     -27.0172990686987227       26.4581571547002667       83.6893274686713369
     -27.0175691875239927       26.4745083367993459       83.6841400208606956
     -27.0192338561009890       26.4943527793961202       83.6777588843008999
     -27.0229734464306866       26.5170313904590174       83.6703490773395373
     -27.0294567157145131       26.5419734263174760       83.6620486382473700
     -27.0393445774304588       26.5686087821199237       83.6529962803609379
     -27.0532917780952502       26.5963140591557980       83.6433485431748096
     -27.0719478006991068       26.6243713700224411       83.6332930063101685
     -27.0959577874947826       26.6519272865991184       83.6230614974514310
     -27.1259641135284895       26.6779419135530524       83.6129464215770923
     -27.1626094334013075       26.7011150152172583       83.6033242949502267
     -27.2065426876438039       26.7197655112326196       83.5946938861438440
     -27.2584313320617753       26.7316122502138320       83.5877452485803047
     -27.3186288680159954       26.7390591410664804       83.5816883305080722
     -27.3872774939284866       26.7475334384226109       83.5747756955690591
     -27.4648318629653367       26.7571021645848788       83.5669535554949618
     -27.5517231244582277       26.7678163952890777       83.5581737363914527
     -27.6483569633207971       26.7797235107097649       83.5483898160788101
     -27.7551124946221215       26.7928669536474331       83.5375572186800923
     -27.8723412327820199       26.8072859718747623       83.5256332973426225
     -28.0003661404008710       26.8230153511931704       83.5125774323544618
     -28.1394807592618079       26.8400851364007345       83.4983511409834023
     -28.2899484261560694       26.8585203392604335       83.4829181990472335
     -28.4520015760515328       26.8783406336623436       83.4662447751475156
     -28.6258411374214923       26.8995600477963066       83.4482996056675859
     -28.8116360256960427       26.9221866691808422       83.4290542542914437
     -29.0095227170237777       26.9462222991559841       83.4084832512094607
     -29.2196049185609468       26.9716621122319538       83.3865642733277497
     -29.4419533315699837       26.9984943227317871       83.3632783582212937
     -29.6766055062280678       27.0266999028331547       83.3386102560589421
     -29.9235657952732836       27.0562523248950590       83.3125487954974773
     -30.1828053773619054       27.0871172405646945       83.2850869859953917
     -30.4542623876813749       27.1192522358046730       83.2562222678733690
     -30.7378421776030244       27.1526067220222984       83.2259570661471599
     -31.0334176222362643       27.1871217799007390       83.1942990551130777
     -31.3408294841372275       27.2227299884830565       83.1612612072530766
     -31.6598869369142548       27.2593554896878238       83.1268623629984660
     -31.9903681424086734       27.2969140698131270       83.0911276215812791
     -32.3320208261369118       27.3353131515567966       83.0540882041569830
     -32.6845630646553502       27.3744521451508618       83.0157821310582733
     -33.0476840514903500       27.4142227172700714       82.9762543438304760
     -33.4210448935576565       27.4545090721233969       82.9355565448035890
     -33.8042796302054427       27.4951886016834699       82.8937478185112440
     -34.1969960959099453       27.5361322945223819       82.8508941757484649
     -34.5987770401515746       27.5772055567130643       82.8070689908397668
     -35.0091812137189962       27.6182689452344228       82.7623528279887211
     -35.4277445873000687       27.6591789233562189       82.7168330789543802
     -35.8539817057941121       27.6997888399895693       82.6706040924398877
     -36.2873868575382659       27.7399496838162776       82.6237663916959661
     -36.7274355471650154       27.7795112264494364       82.5764268156138996
     -37.1735857157542711       27.8183228471235040       82.5286974936947928
     -37.6252793032681723       27.8562347424033092       82.4806957802198184
     -38.0819435404891422       27.8930988301726401       82.4325431229173091
     -38.5429925665060651       27.9287699637738953       82.3843647299905371
     -39.0078287893919580       27.9631068826233466       82.3362883715286387
     -39.4758445431949099       27.9959733863455398       82.2884437959773010
     -39.9464235056403112       28.0272392877846315       82.2409614891926282
     -40.4189423856542973       28.0567815071096476       82.1939718864058477
     -40.8927723879671632       28.0844849846753384       82.1476041311140932
     -41.3672809214909094       28.1102436535272702       82.1019851319101974
     -41.8418330453329190       28.1339612797895811       82.0572383903050735
     -42.3157925122302530       28.1555523800721694       82.0134829787416351
     -42.7885225893857211       28.1749433193523942       81.9708324138237714
     -43.2593876474497065       28.1920734011705640       81.9293934143143474
     -43.7277547012320937       28.2068959128990393       81.8892649034505098
     -44.1929951077707415       28.2193789476032393       81.8505368213885873
     -44.6544861874144061       28.2295062138351938       81.8132894187057218
     -45.1116129482772337       28.2372775387416546       81.7775922219158105
     -45.5637697393452186       28.2427093782652499       81.7435036152079988
     -46.0103619399682060       28.2458349481372366       81.7110699364758659
     -46.4508075718274185       28.2467044805796625       81.6803255477253174
     -46.8845388430883787       28.2453850097033623       81.6512921227408270
     -47.3110042286113028       28.2419124686006668       81.6239956909139863
     -47.7296728164676125       28.2359958750024411       81.5985680494185033
     -48.1400296426587602       28.2272528427357017       81.5751665168649964
     -48.5415767798003657       28.2153816324793603       81.5539135959938335
     -48.9338408709519044       28.2001621935796400       81.5348969616169228
     -49.3163781768420080       28.1814539322383091       81.5181697579781854
     -49.6887789283387988       28.1591921366411135       81.5037520758864105
     -50.0506712252853703       28.1333831462588329       81.4916332904508067
     -50.4017237679477574       28.1040980858414038       81.4817739571105619
     -50.7416468375153684       28.0714663956617088       81.4741095655541727
     -51.0701910400548087       28.0356687021332220       81.4685532241249746
     -51.3871442751599758       27.9969301167489384       81.4649989023089489
     -51.6923279514517517       27.9555141900145969       81.4633249656737775
     -51.9855932250893815       27.9117170260876968       81.4633964076026160
     -52.2668171548705374       27.8658622609828015       81.4650676419784929
     -52.5359023180636555       27.8182963190500736       81.4681850523664934
     -52.7927784813747820       27.7693830093841001       81.4725888540613852
     -53.0374039634126717       27.7194978592680457       81.4781154026403556
     -53.2697666716741622       27.6690223833053537       81.4845998396920379
     -53.4898848489808074       27.6183382199609824       81.4918782916101492
     -53.6978075830349582       27.5678213475814999       81.4997897532794866
     -53.8936151369173757       27.5178367157990031       81.5081782385840938
     -54.0774191022073296       27.4687332447874368       81.5168947221472848
     -54.2493623841634403       27.4208392220838775       81.5257986843183460
     -54.4096190404100000       27.3744582214363987       81.5347594120895280
     -54.5583939843692036       27.3298655883678556       81.5436570310814943
     -54.6959225717720585       27.2873055838154137       81.5523834380738748
     -54.8224700704756600       27.2469891353704696       81.5608429332371685
     -54.9383310235175770       27.2090922109210922       81.5689525927013648
     -55.0438285143914783       27.1737548154448447       81.5766424251207667
     -55.1393133412537537       27.1410805884871813       81.5838553269447431
     -55.2251631059789290       27.1111369683154848       81.5905468520674617
     -55.3017812223831200       27.0839558709493247       81.5966847886112845
     -55.3695958517734326       27.0595348612384647       81.6022486482016376
     -55.4290587685233191       27.0362794050523263       81.6077456625169475
     -55.4806441574617821       27.0124088898559336       81.6137430150007646
     -55.5248473491802628       26.9882788885619540       81.6200996528524882
     -55.5621834970221045       26.9642144629722900       81.6266853287656176
     -55.5931861995991028       26.9405089209432198       81.6333808908546246
     -55.6184060727596261       26.9174298307718267       81.6400761699363500
     -55.6384092748888719       26.8952248089542039       81.6466679505978448
     -55.6537759895141377       26.8741277710934234       81.6530578021276909
     -55.6650988692807616       26.8543665739705375       81.6591494671404377
     -55.6729814454534591       26.8361735848423457       81.6648453061815331
     -55.6780365071841388       26.8198021677264258       81.6700408197348935
     -55.6808844548671331       26.8055556602238596       81.6746150936787103
     -55.6821516319750813       26.7938423136663140       81.6784127516574330
     -55.6824686398317112       26.7843628014255586       81.6815103706318979
     -55.6821516319750813       26.7748897013821647       81.6846275442237157
     -55.6808844548671331       26.7632019897648838       81.6885033784373746
     -55.6780365071841388       26.7490131161590341       81.6932534125352561
     -55.6729814454534591       26.7327440665876210       81.6987611058373062
     -55.6650988692808042       26.7147108779662759       81.7049442720123125
     -55.6537759895145143       26.6951795972489911       81.7117370893880945
     -55.6384092748914441       26.6743952894517413       81.7190806415577953
     -55.6184060727733893       26.6525985665356551       81.7269175692963330
     -55.5931861996599892       26.6300362097556444       81.7351886769554739
     -55.5621834972529172       26.6069688741651724       81.7438305115090316
     -55.5248473499510595       26.5836774101582485       81.7527734089577649
     -55.4806441597762898       26.5604687287757670       81.7619397020713023
     -55.4290587748703985       26.5376818991675520       81.7712418614655974
     -55.3695958678632252       26.5156869750919029       81.7805829979861727
     -55.3017812607313957       26.4927132315240677       81.7905604547902385
     -55.2251631929829188       26.4671753883378393       81.8017096994903739
     -55.1393135300905826       26.4390836059038037       81.8140486861638152
     -55.0438289080928485       26.4084826583253260       81.8275844769602827
     -54.9383318146937114       26.3754531717931968       81.8423129619729792
     -54.8224716075007876       26.3401124093658616       81.8582188011790493
     -54.6959254657565168       26.3026145185229225       81.8752755177377338
     -54.5583992772290287       26.2631501999494503       81.8934457801151723
     -54.4096284620556432       26.2219457551617623       81.9126818818785267
     -54.2493787365015905       26.1792614783794235       81.9329264224326295
     -54.0774468194950799       26.1353893569658560       81.9541131555371010
     -53.8936610862215275       26.0906500545334517       81.9761679673340780
     -53.6978821853513679       26.0453892370212436       81.9990101798648823
     -53.4900036212829235       25.9999731918517121       82.0225539949638147
     -53.2699523133633832       25.9547837611769054       82.0467100792512269
     -53.0376891384578499       25.9102125611802947       82.0713871031448718
     -52.7932094818573816       25.8666545736146460       82.0964933788775113
     -52.5365438398335698       25.8245012899635071       82.1219390248862737
     -52.2677584784421327       25.7841332518235760       82.1476380093962604
     -51.9869561873713977       25.7459119704764099       82.1735098698479760
     -51.6942772389196250       25.7101714815111748       82.1994818105210925
     -51.3899005467840411       25.6772095603956281       82.2254912143219201
     -51.0740425545965806       25.6472785440950126       82.2514875872754061
     -50.7469524686518270       25.6205769693168399       82.2774344826220556
     -50.4089074298155637       25.5972427389045549       82.3033118744065746
     -50.0602073296241130       25.5773474087089205       82.3291170754345956
     -49.7011701971660713       25.5608922127577429       82.3548655852727194
     -49.3321292107147471       25.5478058009634488       82.3805920401118925
     -48.9534316369704072       25.5379428320215922       82.4063494026227374
     -48.5654395140565356       25.5310839771670715       82.4322091913053043
     -48.1685312970153063       25.5269364552346758       82.4582606091862687
     -47.7631038635401097       25.5251353090355018       82.4846095097899337
     -47.3495751843437276       25.5252455953385073       82.5113778534519042
     -46.9283893389698505       25.5267652184048259       82.5387015132762656
     -46.5000151642141333       25.5292993291178689       82.5666770598172235
     -46.0649389687593143       25.5327976398739693       82.5952880479740372
     -45.6236662272852627       25.5372556263960249       82.6244979504683812
     -45.1767208972852998       25.5426655804427156       82.6542648132045912
     -44.7246441160114401       25.5490164370721224       82.6845418452167706
     -44.2679929336233329       25.5562934509560158       82.7152774218832718
     -43.8073390010560431       25.5644780676764825       82.7464156611668358
     -43.3432672647436661       25.5735477320466842       82.7778967591191872
     -42.8763745532387048       25.5834757871859075       82.8096575898971423
     -42.4072681633004009       25.5942313412249050       82.8416321703244307
     -41.9365643072055789       25.6057792094377348       82.8737523298036791
     -41.4648865779272384       25.6180798604556266       82.9059483417784833
     -40.9928641853481537       25.6310894073442128       82.9381496257257567
     -40.5211296762884743       25.6447597402943011       82.9702855219286590
     -40.0503165114908910       25.6590389258988694       83.0022858735588613
     -39.5810573833588748       25.6738718040340501       83.0340816917210702
     -39.1139823903977089       25.6892005322661561       83.0656055405177796
     -38.6497173952604172       25.7049652480220203       83.0967922380063868
     -38.1888821528894127       25.7211045970102603       83.1275790832883814
     -37.7320886680184273       25.7375564164244821       83.1579065662259183
     -37.2799393077467300       25.7542582109785165       83.1877184125398372
     -36.8330251778891267       25.7711478181954199       83.2169622673666680
     -36.3919242575643551       25.7881638062483383       83.2455895618803368
     -35.9571998106189739       25.8052460806792610       83.2735561201838266
     -35.5293985892904445       25.8223361973875889       83.3008218996015017
     -35.1090492882085456       25.8393778651950790       83.3273514386809211
     -34.6966608763368498       25.8563171949293391       83.3531135940783656
     -34.2927210886284541       25.8731030359073984       83.3780816749300584
     -33.8976949855902063       25.8896872097623927       83.4022333787655157
     -33.5120235484057289       25.9060246034628001       83.4255504866596880
     -33.1361224245036041       25.9220734011252461       83.4480191939249920
     -32.7703804939775836       25.9377949331898670       83.4696292870575149
     -32.4151587689282508       25.9531538619176168       83.4903744637930458
     -32.0707892064779045       25.9681180760910060       83.5102517744348205
     -31.7375736876038488       25.9826586806275230       83.5292614239326383
     -31.4157831661945046       25.9967500715730289       83.5474069003555542
     -31.1056567641785868       26.0103697117806085       83.5646941900512559
     -30.8074011034832473       26.0234981410916610       83.5811317928067723
     -30.5211897245386474       26.0361189332555441       83.5967306079743508
     -30.2471625322199458       26.0482184842169566       83.6115033181695821
     -29.9854254285148265       26.0597859619595908       83.6254643277140133
     -29.7360500556832861       26.0708132611209180       83.6386297483264514
     -29.4990735787466605       26.0812948022223239       83.6510169150062808
     -29.2744986105326639       26.0912274190073141       83.6626442104782484
     -29.0622932579096442       26.1006102947185745       83.6735310689544036
     -28.8623912415112116       26.1094448504993544       83.6836978419716075
     -28.6746920910410239       26.1177345937193337       83.6931655317024337
     -28.4990614716300819       26.1254850220325459       83.7019557065509474
     -28.3353316080887723       26.1327035300390662       83.7100904451923498
     -28.1833018042033139       26.1393993290541538       83.7175923408592979
     -28.0427390395884153       26.1455833296706857       83.7244844008094731
     -27.9133786542989490       26.1512680290452977       83.7307899716309691
     -27.7949251224199934       26.1564674152141379       83.7365327261848620
     -27.6870529073286988       26.1611968727498621       83.7417366584456886
     -27.5894073960214783       26.1654730903073656       83.7464260845427049
     -27.5016059097177354       26.1693139708204150       83.7506256489254071
     -27.4232387880560502       26.1727385466878566       83.7543603395521927
     -27.3538705427031736       26.1757668969048609       83.7576554988448692
     -27.2930402947182777       26.1784325783450349       83.7605329633333469
     -27.2399283561976873       26.1861377081500208       83.7613574477250182
     -27.1938826285830899       26.2012514468293602       83.7594288634891342
     -27.1545240244212351       26.2214459774391209       83.7554969648550980
     -27.1214168879384623       26.2449933835279872       83.7501274285768744
     -27.0940842048374506       26.2705463547003895       83.7437700522432209
     -27.0720166805762794       26.2970176231897312       83.7367960734459444
     -27.0546789416789863       26.3235060435290436       83.7295209044263515
     -27.0415143374596667       26.3492456331836422       83.7222196940808203
     -27.0319491554836056       26.3735645041525189       83.7151398097271056
     -27.0253968728513705       26.3958436701453181       83.7085133741070280
     -27.0212632265807002       26.4154631358943313       83.7025737959830280
     -27.0189534145906443       26.4317142308830704       83.6975828675538907
     -27.0178035325991850       26.4449231741894053       83.6934797520344773
