     -28.4731495791621398       12.2171727555087077      -64.1410526974158870
     -28.4713035038227034       12.2037111853290892      -64.1435753176508001
     -28.4699094456020170       12.1869792058097328      -64.1467262226934025
     -28.4695445893600194       12.1665235019985012      -64.1506012381524613
     -28.4709513159542666       12.1429413333711143      -64.1550997061182926
     -28.4748515156557787       12.1167410199668470      -64.1601376851326961
     -28.4819592697116022       12.0884311991904241      -64.1656314769456770
     -28.4929880261306820       12.0585758500733196      -64.1714876339555502
     -28.5086557199723991       12.0278364314863744      -64.1775954595610898
     -28.5296899058468192       11.9970139166764511      -64.1838196177248079
     -28.5568345486429358       11.9671008951915336      -64.1899909616457904
     -28.5908606196565884       11.9393570198432979      -64.1958931215857262
     -28.6325843849798645       11.9154318584853964      -64.2012403999566175
     -28.6829019287278406       11.8975880658784199      -64.2056371842375029
     -28.7419210714825404       11.8833272375122725      -64.2095532924208641
     -28.8092322164622203       11.8670768140989775      -64.2140121792185994
     -28.8852819203568920       11.8487155827786168      -64.2190439083694713
     -28.9704954385871254       11.8281407612077238      -64.2246742335592131
     -29.0652735830527398       11.8052556501337325      -64.2309267718739392
     -29.1699917037923449       11.7799699949652226      -64.2378228676544296
     -29.2849987501621776       11.7522003658017109      -64.2453814549666333
     -29.4106164128470162       11.7218705652049113      -64.2536189419172672
     -29.5471383500973523       11.6889120654658036      -64.2625491043481816
     -29.6948295044246606       11.6532644673973067      -64.2721829295783493
     -29.8539255075715388       11.6148759948917153      -64.2825284800449168
     -30.0246321765928386       11.5737040223225005      -64.2935907612758086
     -30.2071251024222001       11.5297156329866564      -64.3053715927843967
     -30.4015493280553244       11.4828882179105829      -64.3178695511853249
     -30.6080191160352513       11.4332101103779298      -64.3310799873417380
     -30.8266178084398561       11.3806812004411100      -64.3449948378323739
     -31.0573977266790671       11.3253135657702249      -64.3596025237315814
     -31.3003801634974188       11.2671320888449831      -64.3748879448431239
     -31.5555554657704285       11.2061751020039555      -64.3908328116066855
     -31.8228832059966429       11.1424949157802260      -64.4074155214077138
     -32.1022924223671424       11.0761583009592464      -64.4246110501697444
     -32.3936819129102744       11.0072469880051251      -64.4423913168519107
     -32.6969205862298793       10.9358580989055501      -64.4607256301199669
     -33.0118478754421503       10.8621043589656523      -64.4795804073775258
     -33.3382741982922752       10.7861142512945030      -64.4989191929882395
     -33.6759814598316041       10.7080320530429578      -64.5187027099705972
     -34.0247235713598073       10.6280177842536858      -64.5388892171528710
     -34.3842270031412056       10.5462471266562563      -64.5594356166616024
     -34.7541913659387021       10.4629110958926859      -64.5802980881646249
     -35.1342900237275089       10.3782153740565608      -64.6014317027096610
     -35.5241707405299323       10.2923797070018672      -64.6227915394944858
     -35.9234563119462464       10.2056369110828218      -64.6443325435436549
     -36.3317453249613109       10.1182318346813460      -64.6660102728087764
     -36.7486131576242272       10.0304201384108715      -64.6877813478801329
     -37.1736129308045875        9.9424669765428266      -64.7096035507571656
     -37.6062764477166951        9.8546456841027208      -64.7314366107544856
     -38.0461151056493421        9.7672361911589167      -64.7532420009786307
     -38.4926209347201294        9.6805234854008120      -64.7749837696895838
     -38.9452675707290155        9.5947957994674322      -64.7966282166885179
     -39.4035113887190462        9.5103428633522906      -64.8181445745168361
     -39.8667925526982359        9.4274539281509693      -64.8395046458550297
     -40.3345362444553004        9.3464158564373943      -64.8606832744800812
     -40.8061538025536663        9.2675110435726378      -64.8816579401083260
     -41.2810440533019190        9.1910154094365595      -64.9024089915322975
     -41.7585945489950277        9.1171962909281365      -64.9229192209624557
     -42.2381830077678870        9.0463104146322948      -64.9431738927971480
     -42.7191786638450068        8.9786018249806308      -64.9631602117449063
     -43.2009436624901468        8.9142998950617933      -64.9828669552658766
     -43.6828327066778783        8.8536172777772268      -65.0022842578395057
     -44.1641927237361074        8.7967471626271347      -65.0214034106976300
     -44.6443640335717404        8.7438602484521102      -65.0402170406535447
     -45.1226819332770503        8.6951018601130219      -65.0587192045440048
     -45.5984783549032926        8.6505891530686814      -65.0769043863641912
     -46.0710837307000176        8.6104086695631388      -65.0947670015308972
     -46.5398288800405737        8.5746143150830552      -65.1123016503346292
     -47.0040470494614695        8.5432256269856310      -65.1295029279685593
     -47.4630759280247432        8.5162264391151012      -65.1463654174120421
     -47.9162596705187838        8.4935639036571544      -65.1628835389037704
     -48.3629507236055787        8.4751479132510390      -65.1790517161172858
     -48.8025132235232917        8.4609020030297888      -65.1948576709265382
     -49.2343325364375630        8.4510792461642694      -65.2102422287374139
     -49.6578006787199726        8.4460113685662197      -65.2251313089795417
     -50.0723173072643988        8.4459243789961924      -65.2394604235047808
     -50.4773082064148753        8.4509389849995529      -65.2531745079215710
     -50.8722373443305003        8.4610766474894934      -65.2662287886360701
     -51.2566172520215559        8.4762680450414329      -65.2785875066267636
     -51.6300182101525564        8.4963639793867465      -65.2902244110995156
     -51.9920746284792941        8.5211476707336882      -65.3011216144720663
     -52.3424866207590327        8.5503476795666415      -65.3112688090336064
     -52.6810157793146985        8.5836501755245784      -65.3206629672402954
     -53.0074761764036708        8.6207091036397383      -65.3293064342242076
     -53.3217231837640355        8.6611541131597267      -65.3372069722129964
     -53.6236425009844950        8.7045960176589503      -65.3443771334542589
     -53.9131388450586329        8.7506299103732665      -65.3508332063574642
     -54.1901339229424224        8.7988372619368906      -65.3565960493493208
     -54.4545702199373167        8.8487889062135210      -65.3616911565055574
     -54.7064141275994373        8.9000490913107075      -65.3661479356710942
     -54.9456583081476708        8.9521804020136191      -65.3699999258181919
     -55.1723235135334704        9.0047490227263474      -65.3732845100622626
     -55.3864599701166256        9.0573300699062980      -65.3760421054212770
     -55.5881483922034079        9.1095128365164175      -65.3783152500140545
     -55.7775006631883628        9.1609058701984445      -65.3801482590187675
     -55.9546602460584879        9.2111416159292894      -65.3815864911260007
     -56.1198023501429049        9.2598805584471151      -65.3826755425977382
     -56.2731338843516227        9.3068147786383175      -65.3834603364250171
     -56.4148932145076500        9.3516709084700640      -65.3839843980626796
     -56.5453497423365121        9.3942124766393036      -65.3842894973764999
     -56.6648033409445659        9.4342415493432661      -65.3844150845166325
     -56.7735836565266041        9.4715997084543524      -65.3843977956456115
     -56.8720492900315833        9.5061683918940947      -65.3842710644011049
     -56.9605868712086902        9.5378686301905926      -65.3840648416272501
     -57.0396100356296358        9.5666602242500485      -65.3838054207561612
     -57.1095583139657350        9.5925404163226933      -65.3835153475716027
     -57.1708959402416639        9.6172143337539939      -65.3829675232019412
     -57.2241105862110544        9.6425866151726591      -65.3819044698210092
     -57.2697120288464703        9.6682712596248610      -65.3804061127888332
     -57.3082307553721151        9.6939154645902708      -65.3785495472454130
     -57.3402165109444866        9.7192009335669152      -65.3764086461594900
     -57.3662367940718809        9.7438373915744716      -65.3740548131132186
     -57.3868753045006130        9.7675563384001283      -65.3715577060267776
     -57.4027303483106834        9.7901043031373440      -65.3689860443511748
     -57.4144132049837594        9.8112346081034456      -65.3664086509118647
     -57.4225464612302048        9.8306959987702296      -65.3638959781314810
     -57.4277623163873159        9.8482149392600338      -65.3615226038834294
     -57.4307008642216203        9.8634645346118628      -65.3593717628097295
     -57.4320083559818997        9.8760056518848351      -65.3575440966054799
     -57.4323354495529941        9.8861570385675375      -65.3560258929670965
     -57.4320083559818997        9.8963032913789064      -65.3544737500106692
     -57.4307008642216203        9.9088238882425124      -65.3525104261994727
     -57.4277623163873159        9.9240273717497711      -65.3500547460565713
     -57.4225464612302119        9.9414644891500519      -65.3471404506057780
     -57.4144132049838589        9.9607983526273181      -65.3437847130968521
     -57.4027303483116995        9.9817456065728436      -65.3399971945098628
     -57.3868753045075408       10.0040454000407042      -65.3357849066664187
     -57.3662367941090210       10.0274417361454180      -65.3311550644088328
     -57.3402165111086930       10.0516721592832159      -65.3261169905272823
     -57.3082307559945932       10.0764595794047658      -65.3206835564736679
     -57.2697120309252199       10.1015055896603254      -65.3148724063565140
     -57.2241105924527318       10.1264842852259260      -65.3087071131715504
     -57.1708959573573594       10.1510358466544961      -65.3022183775846372
     -57.1095583573512471       10.1747679057493006      -65.2954440155924800
     -57.0396101390274808       10.1995760477804964      -65.2880666605104381
     -56.9605871057785009       10.2271562946293209      -65.2797989340979683
     -56.8720497991082894       10.2574993702081123      -65.2706201142574542
     -56.7735847177893262       10.2905591499298374      -65.2605169715901354
     -56.6648054734219500       10.3262514393188045      -65.2494842473394527
     -56.5453538846521226       10.3644532762294794      -65.2375250608716328
     -56.4149010128981629       10.4050028205185061      -65.2246512508239960
     -56.2731481450654130       10.4476998862104100      -65.2108836378457823
     -56.1198277315206369       10.4923071635149174      -65.1962521945694249
     -55.9547042915315416       10.5385521650828373      -65.1807960784703511
     -55.7775753081593706       10.5861298838015951      -65.1645632476984531
     -55.5882721158216953       10.6347062775805927      -65.1476102291093468
     -55.3866608078804603       10.6839225694056594      -65.1300018619970729
     -55.1726431993186992       10.7334003246633429      -65.1118107335141474
     -54.9461578762055538       10.7827473141366426      -65.0931163495810381
     -54.7071813792777064       10.8315641102277578      -65.0740037404281679
     -54.4557295520119382       10.8794515745041078      -65.0545624714708168
     -54.1918591346929759       10.9260191344989117      -65.0348854158951468
     -53.9156697083629055       10.9708937993161886      -65.0150669019419922
     -53.6273061261317920       11.0137299576915666      -64.9952002759572309
     -53.3269616045921211       11.0542202882780298      -64.9753763561699031
     -53.0148815183298439       11.0921076383304147      -64.9556811014713702
     -52.6913613900746469       11.1271973245912452      -64.9361920186960333
     -52.3567350680606438       11.1593678011163728      -64.9169758074789058
     -52.0113626531519984       11.1885782483920906      -64.8980860177145331
     -51.6556176310100170       11.2148728018010928      -64.8795603461964134
     -51.2898753788978539       11.2383817033671676      -64.8614204347324517
     -50.9145059881797692       11.2593192887784337      -64.8436710538292829
     -50.5298724510358568       11.2779799928747924      -64.8263001982009541
     -50.1363333966107731       11.2947334085910018      -64.8092805326423473
     -49.7342487327417473       11.3100185693789630      -64.7925693535073322
     -49.3239863271701111       11.3243383509048563      -64.7761105359700906
     -48.9059306554436972       11.3382534800038250      -64.7598349421965054
     -48.4804980807499604       11.3523769449534466      -64.7436619996486655
     -48.0481351973840987       11.3671908209340291      -64.7275314114036746
     -47.6093014904192415       11.3827979553126344      -64.7114460610155646
     -47.1644760419046278       11.3992364620847955      -64.6954175235899243
     -46.7141580080959145       11.4165310445713128      -64.6794565957060854
     -46.2588654550040772       11.4346936210039978      -64.6635735713383752
     -45.7991343861506408       11.4537238776252206      -64.6477776751565187
     -45.3355176966213591       11.4736100985916547      -64.6320774245681804
     -44.8685841788261044       11.4943299886556609      -64.6164802031400711
     -44.3989173425936983       11.5158517363531843      -64.6009924085576444
     -43.9271142211210872       11.5381351026904131      -64.5856189795876503
     -43.4537839155964249       11.5611328843762458      -64.5703643198036445
     -42.9795461033021411       11.5847923654700686      -64.5552325382222847
     -42.5050291713598583       11.6090567438007426      -64.5402270369164768
     -42.0308667496249058       11.6338665330097353      -64.5253503760593787
     -41.5576941623914280       11.6591602942149919      -64.5106043806633664
     -41.0861465086712769       11.6848749394828388      -64.4959903372248817
     -40.6168567979111899       11.7109460725033578      -64.4815095264724931
     -40.1504541136041695       11.7373082922564826      -64.4671635228566942
     -39.6875617134282450       11.7638954943818277      -64.4529544477466345
     -39.2287951611120533       11.7906411771591237      -64.4388852089190749
     -38.7747604228953975       11.8174787446075875      -64.4249596813798746
     -38.3260520140311485       11.8443418201891859      -64.4111829015065354
     -37.8832511274941623       11.8711645382264042      -64.3975610957778031
     -37.4469238427303637       11.8978818719337145      -64.3841018680948309
     -37.0176193206246111       11.9244299005403303      -64.3708140215743185
     -36.5958681176013911       11.9507461633729672      -64.3577078250398955
     -36.1821804825271158       11.9767698798429034      -64.3447945394281078
     -35.7770448096103024       12.0024423352511658      -64.3320868376015511
     -35.3809261668343282       12.0277070486672386      -64.3195980575852957
     -34.9942650788128873       12.0525102302397826      -64.3073427084565594
     -34.6174761240218629       12.0768010551900637      -64.2953356618527749
     -34.2509465944759555       12.1005320672234795      -64.2835922594220790
     -33.8950352624175650       12.1236594575574408      -64.2721280915791340
     -33.5500712422977756       12.1461432122732553      -64.2609584160699825
     -33.2163529829266935       12.1679474396966807      -64.2500988615788913
     -32.8941473846333139       12.1890402910490341      -64.2395642943571659
     -32.5836890354915312       12.2093939359432344      -64.2293682828728691
     -32.2851795628495282       12.2289845612919290      -64.2195229640402516
     -31.9987870832447925       12.2477923704326432      -64.2100391575057898
     -31.7246457738028909       12.2658015489391872      -64.2009265201277373
     -31.4628555555293730       12.2830002124873108      -64.1921937894254881
     -31.2134818981590492       12.2993801709468773      -64.1838482177245311
     -30.9765557239431821       12.3149367580674518      -64.1758954724444521
     -30.7520734063217951       12.3296687087410195      -64.1683398720671079
     -30.5399968782441960       12.3435779636267018      -64.1611842992368224
     -30.3402538183366204       12.3566694396838557      -64.1544299695094793
     -30.1527379060762222       12.3689508380149267      -64.1480764761241176
     -29.9773092052945493       12.3804324549010651      -64.1421218954303640
     -29.8137946415250994       12.3911270083112193      -64.1365629006987348
     -29.6619885710186679       12.4010494459438405      -64.1313946869424143
     -29.5216534236083561       12.4102167956922660      -64.1266110186371066
     -29.3925204222117173       12.4186480395938066      -64.1222043015612826
     -29.2742903783248032       12.4263640053441797      -64.1181656515625349
     -29.1666345613040434       12.4333872746448808      -64.1144849635644789
     -29.0691956385502408       12.4397421085753610      -64.1111509924163556
     -28.9815886878760303       12.4454543758333251      -64.1081513866560613
     -28.9034022753763935       12.4505514922452249      -64.1054727356112721
     -28.8341995955993653       12.4550623681087949      -64.1031006310269618
     -28.7735176242819612       12.4590046807701871      -64.1010221462945111
     -28.7199920630805110       12.4569600344090716      -64.1002614010926521
     -28.6727335014267517       12.4465846669099740      -64.1012539525541172
     -28.6316009321550524       12.4302939597577442      -64.1035244519783163
     -28.5963364143392518       12.4098970966469810      -64.1067125897616563
     -28.5666024702211914       12.3868196278433871      -64.1105316799689859
     -28.5420033407540572       12.3622257047077522      -64.1147457606081161
     -28.5220986345234984       12.3370929032640539      -64.1191554354076203
     -28.5064132488880766       12.3122637004681241      -64.1235880193615486
     -28.4944457022830520       12.2884868847079218      -64.1278895410250698
     -28.4856765152767082       12.2664590753185774      -64.1319167230540614
     -28.4795786994764875       12.2468791369438303      -64.1355265674086752
     -28.4756337957854697       12.2305368383807878      -64.1385595659840391
     -28.4731495791621398       12.2171727555087077      -64.1410526974158870
