     -27.3814442022070033       13.9248137888588364      -81.1851884634780703
     -27.3807891674807387       13.9111493246847182      -81.1875616052208642
     -27.3808740057856888       13.8942322145330746      -81.1904545030101730
     -27.3823149428906873       13.8736499953161498      -81.1939067532554049
     -27.3858004063879577       13.8500582649809783      -81.1977714949400706
     -27.3920062005745564       13.8240218059083588      -81.2019182795324213
     -27.4016002786849704       13.7961052092697027      -81.2062174892732287
     -27.4152450365856097       13.7669286759364375      -81.2105308916658117
     -27.4335986887208456       13.7372106974102834      -81.2147045338282254
     -27.4573166625614817       13.7078106098005854      -81.2185617041029957
     -27.4870537571570601       13.6797813554544589      -81.2218941545810367
     -27.5234680373741973       13.6544459400172133      -81.2244492300708458
     -27.5672282204035923       13.6335220245962248      -81.2259086423263028
     -27.6190284120582028       13.6193484056910368      -81.2258495187237912
     -27.6791953171697571       13.6094227135768975      -81.2246772948354021
     -27.7478098420661610       13.5981173959972761      -81.2233295801329689
     -27.8253265494759816       13.5853443210923039      -81.2217961893357767
     -27.9121767155227936       13.5710323367127064      -81.2200644755275505
     -28.0087662345180455       13.5551146261976072      -81.2181214897701693
     -28.1154745213938888       13.5375289777511352      -81.2159539326619750
     -28.2326534905558297       13.5182180661328371      -81.2135481054825306
     -28.3606266142174555       13.4971297491600737      -81.2108898614189911
     -28.4996880631950198       13.4742173813355386      -81.2079645597180644
     -28.6501019349480366       13.4494401529227723      -81.2047570664519043
     -28.8121015679987096       13.4227634434206333      -81.2012517342116809
     -28.9858889439594094       13.3941591857879754      -81.1974323424340412
     -29.1716341823860148       13.3636062517084415      -81.1932820700267399
     -29.3694751285103095       13.3310908511483870      -81.1887834752435253
     -29.5795170388283566       13.2966069530383582      -81.1839185462505526
     -29.8018323621905026       13.2601567264631495      -81.1786688490269910
     -30.0364605783279899       13.2217509383923346      -81.1730154483733912
     -30.2834081387805298       13.1814093456541173      -81.1669389161801149
     -30.5426485182973764       13.1391610872665048      -81.1604194801100221
     -30.8141223698462561       13.0950450798991493      -81.1534373691610398
     -31.0977377266580639       13.0491103029310551      -81.1459727113383451
     -31.3933703027993651       13.0014160668584928      -81.1380056173686199
     -31.7008639180728160       12.9520322964328614      -81.1295167122038379
     -32.0200309519497281       12.9010396734814243      -81.1204872127166823
     -32.3506528631347834       12.8485296905891904      -81.1108989234845836
     -32.6924808613845599       12.7946047304899277      -81.1007349342356889
     -33.0452365647528481       12.7393779474138586      -81.0899796693415027
     -33.4086127381421747       12.6829730690750822      -81.0786190786135137
     -33.7822741898447276       12.6255242110360371      -81.0666416047981357
     -34.1658585578932517       12.5671753674600204      -81.0540378192528266
     -34.5589773020869018       12.5080799363499526      -81.0408010289206260
     -34.9612166736237953       12.4484000649299897      -81.0269275039950969
     -35.3721387568478818       12.3883058645583830      -81.0124166248662902
     -35.7912827734171088       12.3279746293769179      -80.9972716169923785
     -36.2181662125453059       12.2675898284711060      -80.9814991780133653
     -36.6522862034384360       12.2073402004493836      -80.9651102937628337
     -37.0931206813808032       12.1474185713015697      -80.9481197721609647
     -37.5401298441398197       12.0880207633951464      -80.9305468643609487
     -37.9927574130302474       12.0293442799107382      -80.9124148255018412
     -38.4504321453566220       11.9715870527240753      -80.8937512578907416
     -38.9125691825227094       11.9149460317415858      -80.8745876793618521
     -39.3785716122019522       11.8596158231662230      -80.8549596237702985
     -39.8478318851688300       11.8057872254687215      -80.8349061664060855
     -40.3197334262519149       11.7536458172761389      -80.8144698235796000
     -40.7936521033964965       11.7033704926239430      -80.7936960187259388
     -41.2689578847517922       11.6551320605877979      -80.7726328138217156
     -41.7450163492369626       11.6090918410950081      -80.7513303382940677
     -42.2211903107452216       11.5654003352128978      -80.7298403676833516
     -42.6968405656526997       11.5241958515291838      -80.7082158439454815
     -43.1713267583462184       11.4856028836613184      -80.6865104615529134
     -43.6440088076619617       11.4497304337516006      -80.6647782669678719
     -44.1142485966140896       11.4166704405278434      -80.6430730837898153
     -44.5814115704342697       11.3864964084622091      -80.6214482133343182
     -45.0448684892770785       11.3592621603887256      -80.5999557129155306
     -45.5039971085059634       11.3350008905016786      -80.5786463777267699
     -45.9581839558226122       11.3137243413912927      -80.5575690881938158
     -46.4068260127345908       11.2954223024206417      -80.5367708717411404
     -46.8493324094857897       11.2800622129013899      -80.5162961450729426
     -47.2851259826440753       11.2675891335772427      -80.4961870895479166
     -47.7136455057372970       11.2579761003301915      -80.4764758400500710
     -48.1343506190302008       11.2515347817386893      -80.4571415465725295
     -48.5467160430092122       11.2486683788006800      -80.4381446856351943
     -48.9502326879130933       11.2496906025311922      -80.4194529651340844
     -49.3444163428800948       11.2548247581730898      -80.4010406954571550
     -49.7288135024592393       11.2642063513746411      -80.3828886145608408
     -50.1030063475513074       11.2778874510413338      -80.3649835787060169
     -50.4666171794586944       11.2958425119313954      -80.3473175413215728
     -50.8193115673486346       11.3179756355080183      -80.3298877615180231
     -51.1607993076518426       11.3441284128039648      -80.3126955631703652
     -51.4908328517576876       11.3740881192165357      -80.2957463611908224
     -51.8092035947136651       11.4075954889153071      -80.2790495434663853
     -52.1157372275773696       11.4443516570593093      -80.2626176984502138
     -52.4102892248737930       11.4840245070983027      -80.2464671193598633
     -52.6927401713679515       11.5262541116932642      -80.2306176941429214
     -52.9629951866597679       11.5706576529934697      -80.2150922879143735
     -53.2209858700756158       11.6168349042063426      -80.1999167754601956
     -53.4666718655490669       11.6643741218150279      -80.1851195771965592
     -53.7000420274482408       11.7128581014646951      -80.1707307195318890
     -53.9211152955991082       11.7618703181887181      -80.1567812977690863
     -54.1299413215449690       11.8110009384932759      -80.1433030421531782
     -54.3266008673306970       11.8598525003700406      -80.1303275607392180
     -54.5112060106435194       11.9080451882863692      -80.1178855622814723
     -54.6839001775692068       11.9552216181659237      -80.1060061220744757
     -54.8448580192851338       12.0010510620234818      -80.0947160113667991
     -54.9942851445739009       12.0452330525980766      -80.0840390521849912
     -55.1324177213588982       12.0875003381511767      -80.0739955368175771
     -55.2595219578639387       12.1276211692386706      -80.0646017133105374
     -55.3758934709538906       12.1654009052044003      -80.0558692721125169
     -55.4818565585221677       12.2006829973086894      -80.0478051280257858
     -55.5777633768216504       12.2333493396443664      -80.0404112678193087
     -55.6639930274533370       12.2633200144283716      -80.0336845949605049
     -55.7409505628533779       12.2905524938181987      -80.0276168704467352
     -55.8090659156104039       12.3150403532774249      -80.0221947463556660
     -55.8687927564281495       12.3384413790436351      -80.0171485877088742
     -55.9206072850278204       12.3626071267183395      -80.0121772054906728
     -55.9650069584159056       12.3871562101442425      -80.0073232593498886
     -56.0025091603269942       12.4117394679907740      -80.0026252420067863
     -56.0336498158070384       12.4360412108686553      -79.9981171683256065
     -56.0589819549715997       12.4597728827713468      -79.9938294338347049
     -56.0790742298942320       12.4826669623029893      -79.9897896431595967
     -56.0945093886659478       12.5044703849775498      -79.9860235237888588
     -56.1058827107510467       12.5249365191532664      -79.9825560796358559
     -56.1138004078492045       12.5438140934869189      -79.9794132386893892
     -56.1188779945593694       12.5608299565809141      -79.9766244880687367
     -56.1217386332025470       12.5756588090943069      -79.9742275782750625
     -56.1230114572425904       12.5878658481904750      -79.9722775130315569
     -56.1233298778000247       12.5977547129238765      -79.9707129470370433
     -56.1230114572425904       12.6076456611276075      -79.9691616069396076
     -56.1217386332025470       12.6198610301092380      -79.9672644199188056
     -56.1188779945593765       12.6347086132764481      -79.9649864125624248
     -56.1138004078492045       12.6517577552083704      -79.9624089164435219
     -56.1058827107510965       12.6706873049573723      -79.9595960161186810
     -56.0945093886663955       12.6912282744409133      -79.9566036274860323
     -56.0790742298972802       12.7131335901782911      -79.9534843266193178
     -56.0589819549879280       12.7361608777816535      -79.9502901425309886
     -56.0336498158792438       12.7600614191117181      -79.9470743933497516
     -56.0025091606007237       12.7845721621808437      -79.9438930554624676
     -55.9650069593300472       12.8094091811110840      -79.9408059161778795
     -55.9206072877727536       12.8342616181025164      -79.9378776603435313
     -55.8687927639555397       12.8587853880735956      -79.9351790020269135
     -55.8090659346921569       12.8826044613332655      -79.9327865968988789
     -55.7409506083324899       12.9075733208802266      -79.9304178229696731
     -55.6639931306352054       12.9353523667533707      -79.9278196022020921
     -55.5777636007704103       12.9659396003547336      -79.9250066085247397
     -55.4818570254248371       12.9992971087442761      -79.9219997510422502
     -55.3758944092280387       13.0353498391844980      -79.9188265355689254
     -55.2595237806445780       13.0739848732078894      -79.9155213628132941
     -55.1324211533504140       13.1150512570070443      -79.9121257487375374
     -54.9942914213506882       13.1583604217061403      -79.9086883526932183
     -54.8448691922659393       13.2036872466424331      -79.9052648688168716
     -54.6839195693572577       13.2507718370587551      -79.9019179998028477
     -54.5112388794657505       13.2993219922913433      -79.8987172127884975
     -54.3266553561588026       13.3490163890488773      -79.8957383390577718
     -54.1300297873969427       13.3995084833281606      -79.8930630169534197
     -53.9212561378857913       13.4504311179867759      -79.8907779434999981
     -53.7002621617281619       13.5014018261996540      -79.8889739812380100
     -53.4670100219986537       13.5520288027167357      -79.8877451119831221
     -53.2214969368342921       13.6019175007168958      -79.8871871906585937
     -52.9637558715460486       13.6506777668270214      -79.8873962174208430
     -52.6938563293414504       13.6979315489565288      -79.8884665710436934
     -52.4119053082278157       13.7433211983059973      -79.8904895266848598
     -52.1180484882183777       13.7865182001218596      -79.8935512080368824
     -51.8124716409709904       13.8272323346121819      -79.8977299793367592
     -51.4953994305302771       13.8652212397460435      -79.9030946649222642
     -51.1670898758499533       13.9002990543686611      -79.9097026994637503
     -50.8278286797091354       13.9323434567873168      -79.9175978756432102
     -50.4779232419674386       13.9613012477547915      -79.9268096275168887
     -50.1176973107748154       13.9871919657139472      -79.9373519713346923
     -49.7474875202424300       14.0101096970190735      -79.9492223936944697
     -49.3676423341143575       14.0302236789677348      -79.9624021475669338
     -48.9785229497332324       14.0477776021627498      -79.9768552627729576
     -48.5805054284591122       14.0630883128559070      -79.9925287806662766
     -48.1739832614575434       14.0765437621257288      -80.0093527346332962
     -47.7593706864427077       14.0886002458338453      -80.0272398921078576
     -47.3371088833447899       14.0997788574612937      -80.0460864741176721
     -46.9076645551865781       14.1104852452801470      -80.0658030873726290
     -46.4715215472517045       14.1207644770680307      -80.0863590301196382
     -46.0291830869019805       14.1306100101244709      -80.1077271010259722
     -45.5811712074949540       14.1400142675713578      -80.1298752689602480
     -45.1280254814647321       14.1489689351115082      -80.1527662523170363
     -44.6703017385814078       14.1574654025548163      -80.1763580141572589
     -44.2085708266948245       14.1654951063904342      -80.2006037085288028
     -43.7434172636052665       14.1730499664656495      -80.2254521299727230
     -43.2754379037050967       14.1801227594632007      -80.2508477608297142
     -42.8052404558230393       14.1867075872678079      -80.2767313170495669
     -42.3334420266894824       14.1928003194459933      -80.3030401287789317
     -41.8606674686665343       14.1983990589218241      -80.3297086646859668
     -41.3875477125747366       14.2035045956644996      -80.3566690507487635
     -40.9147171985709051       14.2081207474559861      -80.3838516177973332
     -40.4428114708101560       14.2122543714616949      -80.4111856333011019
     -39.9724652820859205       14.2159151493888594      -80.4385998384123866
     -39.5043109423477787       14.2191153938023778      -80.4660232827347812
     -39.0389764376400166       14.2218697601976682      -80.4933857210386492
     -38.5770837614966169       14.2241950346076660      -80.5206184958533413
     -38.1192470070256419       14.2261098010097786      -80.5476547619105503
     -37.6660707051249588       14.2276342289755711      -80.5744303780714972
     -37.2181479223672653       14.2287897162447390      -80.6008839314929730
     -36.7760586315907503       14.2295986931816731      -80.6269576011005142
     -36.3403678525194564       14.2300842619027321      -80.6525969796661144
     -35.9116240768717461       14.2302700292743598      -80.6777518649258525
     -35.4903574970974844       14.2301797683028699      -80.7023759289742628
     -35.0770784956324775       14.2298372749009729      -80.7264273297572572
     -34.6722760211599308       14.2292660912850142      -80.7498683899426482
     -34.2764161773465048       14.2284893652793176      -80.7726658415872976
     -33.8899408877881143       14.2275297185054477      -80.7947907583981930
     -33.5132664843840757       14.2264091128174073      -80.8162181580447623
     -33.1467824807428570       14.2251488569937230      -80.8369273081484749
     -32.7908502664679347       14.2237694506664987      -80.8569010552190832
     -32.4458020734132901       14.2222906375567124      -80.8761262938719909
     -32.1119399222868154       14.2207312916127151      -80.8945934413044370
     -31.7895346781368850       14.2191093184508617      -80.9122959556472665
     -31.4788253020556361       14.2174416902799816      -80.9292305737527471
     -31.1800180991812397       14.2157443328812416      -80.9453966699661294
     -30.8932861297706118       14.2140321021011857      -80.9607960884877826
     -30.6187687599209220       14.2123188173660147      -80.9754332670804615
     -30.3565712481854000       14.2106171830818866      -80.9893146903827983
     -30.1067644712458211       14.2089387742674464      -81.0024486782003237
     -29.8693847802344230       14.2072940793967959      -81.0148454707929631
     -29.6444339293869206       14.2056924859522908      -81.0265169598680899
     -29.4318791030235900       14.2041422668983728      -81.0374763978890797
     -29.2316530474124079       14.2026506061383664      -81.0477383109957117
     -29.0436542990796980       14.2012236387966464      -81.0573185142382187
     -28.8677475156869399       14.1998664636713823      -81.0662339676217414
     -28.7037639002965115       14.1985831570892884      -81.0745026011700816
     -28.5515017225890837       14.1973768142461640      -81.0821432583584425
     -28.4107269276533252       14.1962495977773404      -81.0891756478341392
     -28.2811738307114240       14.1952027944606218      -81.0956203142236802
     -28.1625458950466054       14.1942368770124911      -81.1014986165091614
     -28.0545165874480453       14.1933515577217086      -81.1068326443361940
     -27.9567303141631101       14.1925458523804888      -81.1116451842262762
     -27.8688034328300631       14.1918181468088918      -81.1159596987716185
     -27.7903253368440737       14.1911662627087960      -81.1198003077092977
     -27.7208596088937789       14.1905875214235540      -81.1231917704196235
     -27.6599443157477438       14.1900659163171099      -81.1261617672818574
     -27.6066975970465052       14.1840562104620940      -81.1297240864970632
     -27.5604397491555169       14.1701368836139956      -81.1343343270566919
     -27.5208175881344559       14.1507243427480311      -81.1395850010056847
     -27.4874145425035223       14.1276177458583732      -81.1451796317788308
     -27.4597683611011334       14.1022251206495106      -81.1508929860593327
     -27.4373815630706837       14.0756875924580793      -81.1565490491202439
     -27.4197284788497235       14.0489554767513471      -81.1620073859300817
     -27.4062606298424427       14.0228406783353989      -81.1671536373693669
     -27.3964114092727371       13.9980588873969278      -81.1718918063879897
     -27.3896008006145522       13.9752719093397975      -81.1761365368777206
     -27.3852410605308130       13.9551431236261774      -81.1798031207358122
     -27.3827449177040165       13.9384277770613760      -81.1827914437013618
     -27.3814442022070033       13.9248137888588364      -81.1851884634780703
