     -21.9049245424437231      -75.7314310117705531      105.4970274343710059
     -21.9061213063422322      -75.7198101725797272      105.5053482871456083
     -21.9085201291823459      -75.7055190341272919      105.5155628130217451
     -21.9128083245054910      -75.6882749121115523      105.5278604888195559
     -21.9196011774214519      -75.6687057277872270      105.5417785029606677
     -21.9295134804124991      -75.6473613486051306      105.5569103779396585
     -21.9431520470537507      -75.6247907467006968      105.5728508576671771
     -21.9611104498357506      -75.6015894651102656      105.5891620982501706
     -21.9839646137897553      -75.5784359043405232      105.6053478915800099
     -22.0122684484841749      -75.5561275119363671      105.6208279741780274
     -22.0465488689525309      -75.5356256900056735      105.6349060970186997
     -22.0872993564205515      -75.5181209252026520      105.6467236017839610
     -22.1349705166183917      -75.5051389873396914      105.6551835490166837
     -22.1899542388385598      -75.4987340471123360      105.6588125130857492
     -22.2529275541546241      -75.4968240692835906      105.6590865123464056
     -22.3247427439771755      -75.4946554260278759      105.6593855783103351
     -22.4058782099036904      -75.4922016034663130      105.6597176847458996
     -22.4967863235690650      -75.4894477341648269      105.6600824176792059
     -22.5978930022193687      -75.4863796380516021      105.6604787813320030
     -22.7095965361525352      -75.4829838875686647      105.6609051458046622
     -22.8322664870592931      -75.4792478783455181      105.6613591968466750
     -22.9662426603423135      -75.4751599049540545      105.6618378889437793
     -23.1118341543114809      -75.4707092415721945      105.6623374033548828
     -23.2693184901923011      -75.4658862357150326      105.6628531243541858
     -23.4389408234278598      -75.4606824026314627      105.6633796181130691
     -23.6209132371658939      -75.4550905117079935      105.6639106038859950
     -23.8154141226274447      -75.4491046812268280      105.6644389422330335
     -24.0225876474349107      -75.4427204750650162      105.6649566332146151
     -24.2425433169707034      -75.4359350179516213      105.6654548498498229
     -24.4753556320617101      -75.4287471155831213      105.6659239885459556
     -24.7210638502639100      -75.4211573364986236      105.6663536671507728
     -24.9796718410178684      -75.4131681182458635      105.6667327540123154
     -25.2511480377705908      -75.4047839138239624      105.6670494609794133
     -25.5354254881948428      -75.3960113279638620      105.6672914331652180
     -25.8324019921766421      -75.3868591820126426      105.6674457512107637
     -26.1419403562483019      -75.3773386395450729      105.6674990328373127
     -26.4638687617473671      -75.3674633713602304      105.6674376055524789
     -26.7979812077224651      -75.3572495814581060      105.6672475021684789
     -27.1440380807561468      -75.3467161153969727      105.6669145912238434
     -27.5017668377146016      -75.3358845916271633      105.6664247608969305
     -27.8708627552439943      -75.3247793738443079      105.6657639029796485
     -28.2509898275107503      -75.3134276925937769      105.6649181309021230
     -28.6417817346747476      -75.3018596436297400      105.6638738513621121
     -29.0428429111149846      -75.2901081599577680      105.6626178270552145
     -29.4537497390311920      -75.2782090602651124      105.6611373761626851
     -29.8740517805204249      -75.2662009052640428      105.6594203332532373
     -30.3032731332007330      -75.2541250029558739      105.6574552604269428
     -30.7409137088538458      -75.2420251817940340      105.6552314329736078
     -31.1864506836926552      -75.2299476394163662      105.6527390447672445
     -31.6393399952205634      -75.2179406224772151      105.6499692477809020
     -32.0990179484950104      -75.2060541365393078      105.6469142962229029
     -32.5649028371876739      -75.1943395570062023      105.6435676100286543
     -33.0363966505040452      -75.1828492237667803      105.6399238682269868
     -33.5128867879452557      -75.1716359882717597      105.6359790812661856
     -33.9937478461769373      -75.1607527454058726      105.6317306794494471
     -34.4783433963071317      -75.1502519214222389      105.6271775675835300
     -34.9660278238703057      -75.1401849173045946      105.6223201343398017
     -35.4561481401470147      -75.1306015868035075      105.6171603162572978
     -35.9480458480891869      -75.1215496529728739      105.6117015690961694
     -36.4410587615382795      -75.1130742058805936      105.6059489345396400
     -36.9345228661256186      -75.1052171135945201      105.5999089534772821
     -37.4277741869853955      -75.0980165798700767      105.5935897296358661
     -37.9201513185451091      -75.0915067144720467      105.5870007154780410
     -38.4109979294559878      -75.0857175019610281      105.5801524949520172
     -38.8996646305254998      -75.0806747802277812      105.5730563744893828
     -39.3855106957547392      -75.0764003329576326      105.5657240944548931
     -39.8679057282389095      -75.0729119747967957      105.5581675026196820
     -40.3462312508010186      -75.0702236626530208      105.5503982433297239
     -40.8198822363822700      -75.0683456938728568      105.5424275519185500
     -41.2882685824983824      -75.0672848200056961      105.5342659141414288
     -41.7508165435679928      -75.0670445591223086      105.5259229841742297
     -42.2069701456604989      -75.0676253396580080      105.5174072337978259
     -42.6561926152289885      -75.0690249301035237      105.5087259496144014
     -43.0979671560443975      -75.0712819331171204      105.4998540875436532
     -43.5317952193614985      -75.0747430552328581      105.4905444847118332
     -43.9572042307553659      -75.0798512510709628      105.4804783526894170
     -44.3737490923351885      -75.0869902556012931      105.4693761588931551
     -44.7810068843303881      -75.0964817361571875      105.4569999306265942
     -45.1785740939196785      -75.1085832855645492      105.4431547524255990
     -45.5660645041321217      -75.1234872622801646      105.4276901303336871
     -45.9431074554065546      -75.1413198630386603      105.4105003047161944
     -46.3093471705152808      -75.1621415747600565      105.3915249758919401
     -46.6644438425849941      -75.1859479319833497      105.3707485574628890
     -47.0080768376766187      -75.2126718110741450      105.3481991359831085
     -47.3399495834153186      -75.2421870061801314      105.3239462887096067
     -47.6597950375117634      -75.2743130373662268      105.2980975517206588
     -47.9673808451607115      -75.3088217395611110      105.2707946254640774
     -48.2625143815555049      -75.3454446346894571      105.2422082428693670
     -48.5450439187329934      -75.3838809963655621      105.2125325580505404
     -48.8148574273553990      -75.4238060337557386      105.1819800572541510
     -49.0718815633868388      -75.4648784160508654      105.1507763444401320
     -49.3160808517156823      -75.5067473072885775      105.1191550699812893
     -49.5474569953303572      -75.5490591999076742      105.0873534663324023
     -49.7660482490712965      -75.5914641417534199      105.0556080062637534
     -49.9719288246765316      -75.6336213631561236      105.0241502792877100
     -50.1652083050132163      -75.6752043529116207      104.9932032352531479
     -50.3460310524165209      -75.7159054648215317      104.9629779777205556
     -50.5145755901518854      -75.7554398265173319      104.9336708442033483
     -50.6710539474706536      -75.7935486088292407      104.9054608909248572
     -50.8157109587503015      -75.8300016589625301      104.8785078035343901
     -50.9488235095319126      -75.8645995115694376      104.8529502499645503
     -51.0706997247457579      -75.8971748151011951      104.8289047036457191
     -51.1816780921931880      -75.9275931537578685      104.8064646670053861
     -51.2821265191682585      -75.9557533126832283      104.7857003002319232
     -51.3724413206779076      -75.9815870287315533      104.7666584363456792
     -51.4530461386923434      -76.0050582721607526      104.7493629533045976
     -51.5243907928680827      -76.0261621098157860      104.7338154688632983
     -51.5869500640252596      -76.0463207521149940      104.7189814430002741
     -51.6412224124888155      -76.0671222239072478      104.7037044829550041
     -51.6877286337311688      -76.0882397587993182      104.6882182955505272
     -51.7270104545659990      -76.1093744288031075      104.6727370359341052
     -51.7596290732403688      -76.1302561983084871      104.6574544610133159
     -51.7861636471403415      -76.1506384709435764      104.6425478073459061
     -51.8072097321055764      -76.1702928412803431      104.6281815241794675
     -51.8233776775097112      -76.1890034363464537      104.6145113114846339
     -51.8352909814066294      -76.2065600187254830      104.6016890682689393
     -51.8435846101653439      -76.2227484792451691      104.5898697530552397
     -51.8489032871204003      -76.2373360474495882      104.5792221064689471
     -51.8518997548508054      -76.2500453438612595      104.5699475230922104
     -51.8532330157728367      -76.2605052297089685      104.5623158591470911
     -51.8535665557902874      -76.2689771811905928      104.5561355413392448
     -51.8532330157728367      -76.2774495249442310      104.5499557612919261
     -51.8518997548508054      -76.2879109817571646      104.5423262509623470
     -51.8489032871204003      -76.3006238260033172      104.5330565312650606
     -51.8435846101653368      -76.3152177499609081      104.5224175976970855
     -51.8352909814065868      -76.3314162704021157      104.5106120734971853
     -51.8233776775093133      -76.3489876213798198      104.4978100763587605
     -51.8072097321028480      -76.3677188596703047      104.4841681631883148
     -51.7861636471257398      -76.3874011378106275      104.4698401384640789
     -51.7596290731758231      -76.4078202678945502      104.4549840121970021
     -51.7270104543212739      -76.4287499033791988      104.4397670561574358
     -51.6877286329139167      -76.4499459658785270      104.4243699588565022
     -51.6412224100348780      -76.4711414876191355      104.4089906830964480
     -51.5869500572959012      -76.4920412533360974      104.3938484743968189
     -51.5243907758095219      -76.5123229280026180      104.3791831161098287
     -51.4530460980358271      -76.5335726305787460      104.3638356065243187
     -51.3724412284389089      -76.5572098077635843      104.3467676252511325
     -51.2821263189737664      -76.5832314042849873      104.3279833818892541
     -51.1816776748232982      -76.6116036632535611      104.3075099049944185
     -51.0706988860298523      -76.6422611106077198      104.2853979174249588
     -50.9488218802028214      -76.6751059701631732      104.2617224151642290
     -50.8157078910793203      -76.7100080548731995      104.2365829138262683
     -50.6710483371688412      -76.7468051725012401      104.2101033312828235
     -50.5145656038592108      -76.7853040717748172      104.1824314756511143
     -50.3460137208648604      -76.8252819321402001      104.1537380968834725
     -50.1651789294185591      -76.8664884488803182      104.1242155489976255
     -49.9718801288852177      -76.9086484863367446      104.0940760278406003
     -49.7659691922265708      -76.9514652727552146      104.0635493779269183
     -49.5473311390009243      -76.9946240974708047      104.0328804740275643
     -49.3158841509303159      -77.0377963907221073      104.0023261057969535
     -49.0715794216945156      -77.0806443343179524      103.9721516885689994
     -48.8144008196703965      -77.1228258122386308      103.9426276989625535
     -48.5443643382975978      -77.1639995200028892      103.9140257848611100
     -48.2615173015377010      -77.2038300732919822      103.8866145693281453
     -47.9659372879485062      -77.2419933595116959      103.8606557561408295
     -47.6577306913469343      -77.2781816474792151      103.8364002183719919
     -47.3370309306653709      -77.3121080759760275      103.8140839597574683
     -47.0039988781878932      -77.3435110813175584      103.7939247159142298
     -46.6588269457431295      -77.3721590740399563      103.7761182914835985
     -46.3017430270709838      -77.3978552520430725      103.7608339697625865
     -45.9330145248162296      -77.4204433707805464      103.7482102015560770
     -45.5529515449495861      -77.4398136818743694      103.7383496087642101
     -45.1619081740806791      -77.4559089631401321      103.7313137378838945
     -44.7602814585809554      -77.4687306851752169      103.7271185041569623
     -44.3485084430919798      -77.4783439023242977      103.7257293629919985
     -43.9270620280666009      -77.4848818493135809      103.7270582516833315
     -43.4964463315449237      -77.4885488107641294      103.7309608306933200
     -43.0571912892127031      -77.4896219469131751      103.7372352649105096
     -42.6098446742659505      -77.4884502741817869      103.7456228296963303
     -42.1549708749574705      -77.4853016542390947      103.7559221709233128
     -41.6931557978931480      -77.4801542094509443      103.7681448716066939
     -41.2250022023422744      -77.4729586557656376      103.7823193193469677
     -40.7511274480095764      -77.4636809471568739      103.7984589100555866
     -40.2721618059399233      -77.4523021792577708      103.8165620494334007
     -39.7887466807346257      -77.4388184158834463      103.8366123905320251
     -39.3015327793654450      -77.4232403588647742      103.8585792155111989
     -38.8111782690821414      -77.4055928498039236      103.8824179455079388
     -38.3183469289905574      -77.3859143116128507      103.9080709108775267
     -37.8237063372379438      -77.3642559324850083      103.9354680954164820
     -37.3279260709165968      -77.3406809012364818      103.9645282402939444
     -36.8316759729756455      -77.3152633445996003      103.9951598039633325
     -36.3356244959316257      -77.2880873831587962      104.0272622871724479
     -35.8404377252890924      -77.2592460181465839      104.0607272669318490
     -35.3467783338732175      -77.2288403858899670      104.0954395538339412
     -34.8553039484996106      -77.1969788895384141      104.1312781305914825
     -34.3666654446913782      -77.1637764195929066      104.1681172886390669
     -33.8815052995042407      -77.1293534450395413      104.2058276480558874
     -33.4004559521745676      -77.0938351456645421      104.2442772661971304
     -32.9241382133700924      -77.0573504795726052      104.2833326679748325
     -32.4531597025180929      -77.0200312930418676      104.3228599190730961
     -31.9881133225711807      -76.9820113824068528      104.3627255976170431
     -31.5295757794049649      -76.9434255836010266      104.4027977453072680
     -31.0781061338406914      -76.9044088573366480      104.4429467349635985
     -30.6342444093228039      -76.8650954434418026      104.4830461362049903
     -30.1985102350376380      -76.8256180006230380      104.5229734495845548
     -29.7714015437396426      -76.7861068189779417      104.5626108135905667
     -29.3533933214128702      -76.7466890585156989      104.6018456092689490
     -28.9449363627484431      -76.7074880133268664      104.6405709645161579
     -28.5464560762913742      -76.6686224667125060      104.6786862808002923
     -28.1583513925978295      -76.6302059890729055      104.7160975386809980
     -27.7809938132344456      -76.5923464710048449      104.7527177332861470
     -27.4147264541768330      -76.5551455430912142      104.7884669614823991
     -27.0598632024784997      -76.5186982554532307      104.8232726743383694
     -26.7166879039096443      -76.4830927227489497      104.8570696995026310
     -26.3854536135306219      -76.4484098432787960      104.8898001907686535
     -26.0663819461272723      -76.4147232097907647      104.9214136773933177
     -25.7596624553042055      -76.3820989234955618      104.9518668304136213
     -25.4654521114976902      -76.3505955748914005      104.9811233213734170
     -25.1838748650094928      -76.3202643155922402      105.0091536849713520
     -24.9150212618189215      -76.2911488606015240      105.0359349804514437
     -24.6589481591253801      -76.2632856148904210      105.0614505339752753
     -24.4156785347188325      -76.2367038819751457      105.0856897199866751
     -24.1852013656024987      -76.2114260148988052      105.1086476046960456
     -23.9674716013924076      -76.1874676212717930      105.1303246199256876
     -23.7624102431759994      -76.1648378192766558      105.1507262731631158
     -23.5699045215587191      -76.1435395240382320      105.1698628697842821
     -23.3898081417583086      -76.1235696947954210      105.1877491726637572
     -23.2219416230377149      -76.1049196070833460      105.2044041047621050
     -23.0660927335540649      -76.0875751326723986      105.2198504786669133
     -22.9220170183057022      -76.0715170162246324      105.2341147435690374
     -22.7894384195156086      -76.0567211504412342      105.2472267562622079
     -22.6680499842775376      -76.0431588257573310      105.2592195456102075
     -22.5575146610886392      -76.0307969773914607      105.2701291030770818
     -22.4574661827462414      -76.0195984283215154      105.2799941969770998
     -22.3675100322259581      -76.0095221231971152      105.2888562018119814
     -22.2872244888181434      -76.0005233541078837      105.2967589410312996
     -22.2161617516076006      -75.9925539795313227      105.3037485412030634
     -22.1538499529374988      -75.9855516559459545      105.3098812052747917
     -22.1001435827416266      -75.9747396771744121      105.3186079814718425
     -22.0546770567749668      -75.9580000614233626      105.3314625888845484
     -22.0167576463134651      -75.9373348111298299      105.3470109939872401
     -21.9857122722049212      -75.9142179706791893      105.3642003231915680
     -21.9608747029667768      -75.8897885822762817      105.3822201147412585
     -21.9415792486835421      -75.8649567362625845      105.4004259136281121
     -21.9271575452965024      -75.8404685701430878      105.4182923300539585
     -21.9169368783184559      -75.8169510661841457      105.4353806127495119
     -21.9102391878795011      -75.7949481553956730      105.4513124880959083
     -21.9063800965160986      -75.7749569457888299      105.4657439458143386
     -21.9046671329638443      -75.7574751600813698      105.4783310282014668
     -21.9043957742104602      -75.7430782975803965      105.4886743562262410
     -21.9049245424437231      -75.7314310117705531      105.4970274343710059
