     -38.2996919106426361     -134.0998611553312685        0.2798074674438142
     -38.3001637090480003     -134.0998476012955223        0.2860652336797113
     -38.3011495733583658     -134.0998302341619990        0.2937596324051189
     -38.3029489898193916     -134.0998082439542998        0.3030419824488842
     -38.3058339923096298     -134.0997818965326474        0.3135732600406252
     -38.3100760518558658     -134.0997514253776330        0.3250565596765716
     -38.3159431458473207     -134.0997171490351150        0.3371955805793597
     -38.3236976680356634     -134.0996795597846756        0.3496691096406285
     -38.3335946632123168     -134.0996394039055701        0.3621115298331886
     -38.3458800783324634     -134.0995977651862745        0.3740933839986320
     -38.3607887852381637     -134.0995561604231625        0.3850972445819837
     -38.3785420547504401     -134.0995166582272589        0.3944826904759947
     -38.3993439003062136     -134.0994820421770726        0.4014291593384098
     -38.4233750093161746     -134.0994560657730403        0.4048319736310818
     -38.4509224268820304     -134.0994356239825436        0.4058102047616950
     -38.4823380041045837     -134.0994130630130883        0.4069190070390611
     -38.5178310788760143     -134.0993885132591288        0.4081715900065517
     -38.5575996762651769     -134.0993621937550984        0.4095747893711582
     -38.6018302770508583     -134.0993344001901733        0.4111349518254789
     -38.6506973081697893     -134.0993055107783789        0.4128578931927775
     -38.7043626643425966     -134.0992759918208037        0.4147488548485603
     -38.7629752622042645     -134.0992464025488289        0.4168124587826408
     -38.8266706281580980     -134.0992173990267702        0.4190526616916485
     -38.8955705209908018     -134.0991897385657694        0.4214727085058054
     -38.9697825902927946     -134.0991642831919819        0.4240750857592784
     -39.0494000715803296     -134.0991420023094065        0.4268614752441943
     -39.1345015189582810     -134.0991239745899293        0.4298327084245616
     -39.2251505761208819     -134.0991113890266035        0.4329887221358485
     -39.3213957864528751     -134.0991055450895999        0.4363285161429191
     -39.4232704443975308     -134.0991078519287498        0.4398501129293087
     -39.5307924940547011     -134.0991198265819833        0.4435505179854459
     -39.6439644672190354     -134.0991430911226701        0.4474256798334525
     -39.7627734603768772     -134.0991793647754093        0.4514704523187629
     -39.8871911546201048     -134.0992304531975776        0.4556785602369912
     -40.0171738787163278     -134.0992982472440929        0.4600425689769490
     -40.1526627161397940     -134.0993847161020653        0.4645538587998471
     -40.2935836562407630     -134.0994918984901005        0.4692026044583795
     -40.4398477896993427     -134.0996218927505481        0.4739777608648979
     -40.5913515483023914     -134.0997768456221877        0.4788670555118587
     -40.7479769891814101     -134.0999589276859183        0.4838569883017786
     -40.9095921228709116     -134.1001703112150949        0.4889328395175342
     -41.0760512842596199     -134.1004131702574114        0.4940786866556725
     -41.2471955464953268     -134.1006896670159279        0.4992774305980981
     -41.4228531766363801     -134.1010019362540788        0.5045108317156097
     -41.6028401318938990     -134.1013520640911167        0.5097595563670684
     -41.7869605952791474     -134.1017420382967202        0.5150032341156001
     -41.9750075368950704     -134.1021737469835955        0.5202205281666070
     -42.1667632756885666     -134.1026489762338940        0.5253892316060589
     -42.3620000867771651     -134.1031693931792290        0.5304863926087421
     -42.5604808514346047     -134.1037365185003409        0.5354884591925575
     -42.7619597351455454     -134.1043516645098634        0.5403714411875915
     -42.9661828897800930     -134.1050159521040541        0.5451110887032135
     -43.1728891784904505     -134.1057303124512714        0.5496830851709220
     -43.3818109207346367     -134.1064954721884703        0.5540632530229583
     -43.5926746548534609     -134.1073118920860736        0.5582277695886936
     -43.8052019148677232     -134.1081797382166485        0.5621533909253598
     -44.0191100183333361     -134.1090989309232384        0.5658176808890918
     -44.2341128632570388     -134.1100691421727333        0.5691992417841669
     -44.4499217309393231     -134.1110897603010983        0.5722779433545387
     -44.6662460918411099     -134.1121598202534528        0.5750351466717832
     -44.8827944109473620     -134.1132780787130230        0.5774539202013077
     -45.0992749744325465     -134.1144430353672021        0.5795192412786228
     -45.3153969533877543     -134.1156529304750507        0.5812181308976232
     -45.5308714722425663     -134.1169057043184978        0.5825396608738411
     -45.7454124270740579     -134.1181990422470278        0.5834749105488366
     -45.9587372557360609     -134.1195304116922102        0.5840169095604145
     -46.1705676816802040     -134.1208970717484021        0.5841605688597357
     -46.3806304312333992     -134.1222960057700107        0.5839026008011851
     -46.5886579254668689     -134.1237239516959789        0.5832414296449829
     -46.7943889493971596     -134.1251775017348393        0.5821770922323429
     -46.9975693033898594     -134.1266531259415444        0.5807111270989547
     -47.1979524445846081     -134.1281471674018917        0.5788464496713498
     -47.3953001310837649     -134.1296558166694410        0.5765872088069383
     -47.5893828167424005     -134.1311753019301420        0.5739153133457978
     -47.7799790928127521     -134.1327025267650015        0.5706465406451471
     -47.9668787060912862     -134.1342346039315885        0.5665445858411640
     -48.1498832159190329     -134.1357684688793199        0.5614048821598464
     -48.3288040708281912     -134.1373008568242255        0.5550561403259621
     -48.5034616348998142     -134.1388283564671724        0.5473613225650267
     -48.6736844576034500     -134.1403474146262340        0.5382182516024463
     -48.8393086800911647     -134.1418543418070328        0.5275598452318062
     -49.0001778354561424     -134.1433453133907108        0.5153539485150345
     -49.1561433148406266     -134.1448163782014262        0.5016026856075225
     -49.3070656291032989     -134.1462635350393100        0.4863412166796804
     -49.4528163061117212     -134.1476827935998699        0.4696357989522302
     -49.5932800060106800     -134.1490702373294823        0.4515811294225749
     -49.7283565120021578     -134.1504220894390471        0.4322970482571518
     -49.8579626767670092     -134.1517347680857029        0.4119246827277812
     -49.9820328962342444     -134.1530048979285823        0.3906222568946009
     -50.1005186788442813     -134.1542294031896176        0.3685609735776308
     -50.2133882802940832     -134.1554055588166534        0.3459210733759123
     -50.3206264070217060     -134.1565310145356307        0.3228880850276775
     -50.4222339583869257     -134.1576038116792517        0.2996492879719301
     -50.5182277883797113     -134.1586223925481534        0.2763904114572063
     -50.6086404739475810     -134.1595856024106013        0.2532925948371444
     -50.6935200807298045     -134.1604926849201433        0.2305296318224961
     -50.7729299190856551     -134.1613432803840738        0.2082655181729462
     -50.8469482854936174     -134.1621374057372975        0.1866523179853544
     -50.9156681849101247     -134.1628754202900780        0.1658283589135978
     -50.9791970300512176     -134.1635580022650061        0.1459167614420205
     -51.0376563151129261     -134.1641861237882836        0.1270243019098991
     -51.0911812618084511     -134.1647610246094189        0.1092406037064568
     -51.1399204361789685     -134.1652841855216423        0.0926376459571211
     -51.1840353351842623     -134.1657573023328212        0.0772695742564357
     -51.2236999425820159     -134.1661822610871013        0.0631727936858765
     -51.2591002540539478     -134.1665611150714312        0.0503663205688406
     -51.2904337719305730     -134.1668960639706256        0.0388523662292767
     -51.3179089701945088     -134.1671895950506155        0.0278584266509335
     -51.3417447307749484     -134.1674440876863912        0.0165215941064660
     -51.3621697522478016     -134.1676617309574056        0.0050183503777517
     -51.3794219324012644     -134.1678449015862213       -0.0064897635711921
     -51.3937477262007789     -134.1679961475882408       -0.0178567415281081
     -51.4054014807822028     -134.1681181705206711       -0.0289491734326143
     -51.4146447492364373     -134.1682138078918172       -0.0396434167949883
     -51.4217455850204388     -134.1682860161529334       -0.0498225434478266
     -51.4269778188898670     -134.1683378547667758       -0.0593726110329011
     -51.4306203203027650     -134.1683724720412840       -0.0681775129677798
     -51.4329562452871869     -134.1683930938960145       -0.0761109539118814
     -51.4342722728042290     -134.1684030179266074       -0.0830223555551985
     -51.4348578316689071     -134.1684056174479451       -0.0887101436712816
     -51.4350043201157590     -134.1684040535664337       -0.0933167084036465
     -51.4348578316689071     -134.1683992095405813       -0.0979232708544888
     -51.4342722728042290     -134.1683886980933096       -0.1036110498516408
     -51.4329562452871869     -134.1683691600511281       -0.1105224310035190
     -51.4306203203027650     -134.1683375024998099       -0.1184558355862870
     -51.4269778188898528     -134.1682906373070807       -0.1272606808486600
     -51.4217455850202896     -134.1682255142380313       -0.1368106670845128
     -51.4146447492354071     -134.1681391464964292       -0.1469896834446879
     -51.4054014807766677     -134.1680286331206275       -0.1576837834247713
     -51.3937477261763220     -134.1678911803135463       -0.1687760348567594
     -51.3794219323085457     -134.1677241225607418       -0.1801427914182280
     -51.3621697519382039     -134.1675249438849278       -0.1916506394016664
     -51.3417447298453098     -134.1672912993708451       -0.2031535691391355
     -51.3179089676451881     -134.1670210370016605       -0.2144900363715250
     -51.2904337654682436     -134.1667122131800056       -0.2254835560794938
     -51.2591002386520103     -134.1663612481686982       -0.2369970309956816
     -51.2236999076391939     -134.1659645800675094       -0.2498029590583287
     -51.1840352593450945     -134.1655200121662119       -0.2638991219838062
     -51.1399202780686153     -134.1650255174428708       -0.2792664928472881
     -51.0911809440833267     -134.1644792601618974       -0.2958686491732409
     -51.0376556978890363     -134.1638796192672203       -0.3136514158767592
     -50.9791958679616144     -134.1632252131566361       -0.3325427636107316
     -50.9156660596422839     -134.1625149252570282       -0.3524529843879491
     -50.8469445025663020     -134.1617479296571389       -0.3732751618976441
     -50.7729233537482258     -134.1609237159112240       -0.3948859487687481
     -50.6935089531227803     -134.1600421120115527       -0.4171466571764714
     -50.6086220279719470     -134.1591033052397393       -0.4399046627290509
     -50.5181978420000064     -134.1581078732339449       -0.4629951145938677
     -50.4221862852114171     -134.1570568002605626       -0.4862429372087492
     -50.3205518997320524     -134.1559514746691946       -0.5094651010512595
     -50.2132738353996260     -134.1547936887325818       -0.5324731317401339
     -50.1003457284826936     -134.1535856315188084       -0.5550758179636008
     -49.9817754948017097     -134.1523298741116719       -0.5770820696120246
     -49.8575850252639370     -134.1510293471709474       -0.5983038676469148
     -49.7278097661098002     -134.1496873111506432       -0.6185592362080489
     -49.5924981558930966     -134.1483072989543643       -0.6376751541877224
     -49.4517109253765810     -134.1468930175322214       -0.6554903086019468
     -49.3055212291357563     -134.1454483498129946       -0.6718576793597494
     -49.1540161577223742     -134.1439773369938848       -0.6866472447013492
     -48.9972981940038892     -134.1424841439261115       -0.6997489146349728
     -48.8354866940249295     -134.1409730216096534       -0.7110756594510516
     -48.6687190499872244     -134.1394482577636609       -0.7205668029535996
     -48.4971511231125447     -134.1379140923615410       -0.7281913501812941
     -48.3209568003850407     -134.1363746842697253       -0.7339511432809946
     -48.1403268143229397     -134.1348340709056117       -0.7378836287511984
     -47.9554671069276921     -134.1332961203001446       -0.7400640658239951
     -47.7665970021532118     -134.1317644859041138       -0.7406070703736368
     -47.5739470842851588     -134.1302425138314618       -0.7396674177507910
     -47.3777560943460188     -134.1287332374581069       -0.7374394396861726
     -47.1782703797401268     -134.1272398729037718       -0.7340732004102580
     -46.9757456570045520     -134.1257664463756214       -0.7295603178409041
     -46.7704451493318842     -134.1243169430909177       -0.7238777549661903
     -46.5626386330926465     -134.1228950869124503       -0.7170111755438999
     -46.3526016962471559     -134.1215043776768425       -0.7089549213237454
     -46.1406149588172241     -134.1201480926097815       -0.6997119050438690
     -45.9269632723164065     -134.1188292634327013       -0.6892934160304987
     -45.7119349102004762     -134.1175505688636918       -0.6777188384718070
     -45.4958207582424805     -134.1163143455365230       -0.6650152865398422
     -45.2789135114879002     -134.1151226537863010       -0.6512171612691892
     -45.0615068827606535     -134.1139772759561879       -0.6363656355829649
     -44.8438948263209554     -134.1128796811850066       -0.6205080760549798
     -44.6263708024552486     -134.1118310103624651       -0.6036974136154283
     -44.4092272866289193     -134.1108321305260631       -0.5859915237169453
     -44.1927552680289324     -134.1098836463050645       -0.5674526866225823
     -43.9772435133739563     -134.1089858741393925       -0.5481470583886864
     -43.7629778184381593     -134.1081387916117649       -0.5281441225859173
     -43.5502402719494839     -134.1073421290948318       -0.5075161287468096
     -43.3393085338335808     -134.1065953997827478       -0.4863375228848924
     -43.1304551288436429     -134.1058979036140499       -0.4646843763834712
     -42.9239467568813708     -134.1052486798654400       -0.4426338191029882
     -42.7200436199378046     -134.1046465681524751       -0.4202634828948998
     -42.5189987674699381     -134.1040902588187578       -0.3976509603239729
     -42.3210574613515789     -134.1035783091489861       -0.3748732834248132
     -42.1264565614216622     -134.1031091337171688       -0.3520064269791888
     -41.9354239321828004     -134.1026810042731086       -0.3291248403652882
     -41.7481778710173330     -134.1022921109859851       -0.3063010114883951
     -41.5649265597954880     -134.1019405827612445       -0.2836050653269023
     -41.3858675279307917     -134.1016245013024104       -0.2611043968154622
     -41.2111871279161974     -134.1013418938900656       -0.2388633305739279
     -41.0410600702132413     -134.1010907444341740       -0.2169428164816335
     -40.8756489934361795     -134.1008690357532771       -0.1954001718800178
     -40.7151040607881214     -134.1006747630989935       -0.1742888708135875
     -40.5595625832509938     -134.1005059447201120       -0.1536583793003888
     -40.4091486706511063     -134.1003606285484864       -0.1335540349384218
     -40.2639729119485210     -134.1002368866467123       -0.1140169685933780
     -40.1241320850854635     -134.1001328383485998       -0.0950840654755490
     -39.9897088984410161     -134.1000466652845660       -0.0767879624302917
     -39.8607717651629940     -134.0999766174340380       -0.0591570780124654
     -39.7373746114266666     -134.0999210183821617       -0.0422156717010178
     -39.6195567197940974     -134.0998782698285368       -0.0259839284627908
     -39.5073426088167210     -134.0998468536920711       -0.0104780648271724
     -39.4007419499074061     -134.0998253305537844        0.0042895473339656
     -39.2997495219247170     -134.0998123491496017        0.0183102430260689
     -39.2043452047983365     -134.0998066500414438        0.0315789158734034
     -39.1144940161323049     -134.0998070663219153        0.0440938618587495
     -39.0301461898208757     -134.0998125237039460        0.0558566162224005
     -38.9512372885580476     -134.0998220400193475        0.0668717883616224
     -38.8776883556578454     -134.0998347241502131        0.0771468987184104
     -38.8094061074685968     -134.0998497744170379        0.0866922195165645
     -38.7462831660249307     -134.0998664764497619        0.0955206207273488
     -38.6881983313939060     -134.0998842005708411        0.1036474222611404
     -38.6350168930089950     -134.0999023984783491        0.1110902530133590
     -38.5865909791133106     -134.0999205995526893        0.1178689170318956
     -38.5427599432858869     -134.0999384077592538        0.1240052667320456
     -38.5033507870298521     -134.0999554974705461        0.1295230827619078
     -38.4681786172320770     -134.0999716088860794        0.1344479598432044
     -38.4370471372347779     -134.0999865432434888        0.1388071976928618
     -38.4097494780386626     -134.1000001513704376        0.1426356206684790
     -38.3862005205018164     -134.1000094547536321        0.1485110944899012
     -38.3662307539983516     -134.1000127521157879        0.1575764165500969
     -38.3495459554679101     -134.1000107964818540        0.1687515813937421
     -38.3358581534093545     -134.1000042125129141        0.1812415884737440
     -38.3248808855630614     -134.0999936342520016        0.1944323986477469
     -38.3163269113414700     -134.0999797548147399        0.2078337149826144
     -38.3099070934869275     -134.0999633372444180        0.2210438861755615
     -38.3053298633330428     -134.0999452092252113        0.2337257010950283
     -38.3023009455472945     -134.0999262545004456        0.2455868757866837
     -38.3005230935322842     -134.0999074111225013        0.2563604837154701
     -38.2996955232072480     -134.0998896894008681        0.2657793593640518
     -38.2995125249523696     -134.0998742309611202        0.2735345043888771
     -38.2996919106426361     -134.0998611553312685        0.2798074674438142
