     -21.9049245424437231       75.8896561622937611     -105.3832649339913985
     -21.9058948302550789       75.8780386016825332     -105.3916136889837531
     -21.9080148027318877       75.8637395605551461     -105.4018711010179032
     -21.9119660267654979       75.8464679567512405     -105.4142334058802390
     -21.9183757781209003       75.8268427723853762     -105.4282425590315029
     -21.9278693192981855       75.8054050630703671     -105.4434969512624889
     -21.9410639154885985       75.7826950892738580     -105.4595961152946160
     -21.9585644960233601       75.7592997753112627     -105.4761068004199274
     -21.9809599536542883       75.7358889966569535     -105.4925371053811602
     -22.0088194801646360       75.7132517712237956     -105.5083106987694066
     -22.0426884606549010       75.6923411642274431     -105.5227347845551691
     -22.0830833015813397       75.6743394043583493     -105.5349535348038899
     -22.1304840565598901       75.6607640452313177     -105.5438719926324893
     -22.1853223464288725       75.6536609956185089     -105.5480174666804487
     -22.2482345141973781       75.6509428532008741     -105.5488752640556100
     -22.3199802263766500       75.6478525372749999     -105.5498400511694683
     -22.4010372212295223       75.6443574074894087     -105.5509242382465800
     -22.4918574542976266       75.6404367888205655     -105.5521315855089597
     -22.5928664645803856       75.6360710380485699     -105.5534650184002459
     -22.7044622076364320       75.6312416282125781     -105.5549265609022029
     -22.8270139603261946       75.6259312396122283     -105.5565172702094685
     -22.9608613002259325       75.6201238572751748     -105.5582371737437768
     -23.1063131625612996       75.6138048749488689     -105.5600852098338862
     -23.2636469785283531       75.6069612137141149     -105.5620591847274738
     -23.4331078957198891       75.5995814445211920     -105.5641557325110682
     -23.6149080811885916       75.5916559038361271     -105.5663702645393727
     -23.8092261119712596       75.5831768198198830     -105.5686969346410251
     -24.0162064540583451       75.5741384423900513     -105.5711286130525792
     -24.2359590345702287       75.5645371925394755     -105.5736568930892219
     -24.4685589098992757       75.5543718201837606     -105.5762721176023433
     -24.7140460325312823       75.5436435213994315     -105.5789633517513408
     -24.9724251126342942       75.5323560775612037     -105.5817183875975758
     -25.2436655778413055       75.5205160320963245     -105.5845238121239049
     -25.5277016307454012       75.5081328594144168     -105.5873650800439094
     -25.8244323917766785       75.4952190560430125     -105.5902264969424209
     -26.1337221559530128       75.4817902865729451     -105.5930913016752726
     -26.4554007619490754       75.4678655690257472     -105.5959418302860655
     -26.7892640328343141       75.4534673142649268     -105.5987595058215760
     -27.1350743392177343       75.4386214358710845     -105.6015249604081561
     -27.4925612738508924       75.4233574837039669     -105.6042182278807786
     -27.8614223879633371       75.4077086053933385     -105.6068187363558479
     -28.2413240710438522       75.3917116453788196     -105.6093055373452216
     -28.6319024999401002       75.3754071206632403     -105.6116574092374663
     -29.0327646799105636       75.3588391480525956     -105.6138529422712367
     -29.4434896102870667       75.3420554480078835     -105.6158707824691021
     -29.8636294825381334       75.3251071395570477     -105.6176896360310167
     -30.2927110063429872       75.3080486763026755     -105.6192885319039334
     -30.7302366804705152       75.2909375520760022     -105.6206468639747129
     -31.1756862212995536       75.2738340759179039     -105.6217446443824031
     -31.6285180307068146       75.2568009813711853     -105.6225626058241289
     -32.0881707681491193       75.2399030524661896     -105.6230823997129136
     -32.5540649410184457       75.2232066543154048     -105.6232867276431193
     -33.0256045764249961       75.2067792368205659     -105.6231594953901265
     -33.5021789053029693       75.1906887926384542     -105.6226859546243446
     -33.9831641155687194       75.1750032937651156     -105.6218528567640504
     -34.4679251008468199       75.1597900856699255     -105.6206485783311564
     -34.9558172707082875       75.1451152331805474     -105.6190631974620402
     -35.4461883376285840       75.1310429015938297     -105.6170886257989139
     -35.9383801597480357       75.1176346764955980     -105.6147186463744987
     -36.4317305420834856       75.1049489664838319     -105.6119490459499985
     -36.9255750831762981       75.0930403194426646     -105.6087775893348208
     -37.4192490166875515       75.0819588900235715     -105.6052041476086600
     -37.9120895534117466       75.0717498865611503     -105.6012305636129867
     -38.4034381961392484       75.0624533681525890     -105.5968605646158380
     -38.8926425918463536       75.0541040333272065     -105.5920994699827702
     -39.3790582659369974       75.0467311473473160     -105.5869540264792050
     -39.8620503161288440       75.0403584643945294     -105.5814321752273344
     -40.3409950421188910       75.0350042081206965     -105.5755428415918828
     -40.8152815258891337       75.0306811446328652     -105.5692957966339236
     -41.2843131618761774       75.0273966057129229     -105.5627013887463050
     -41.7475091473376807       75.0251527184590543     -105.5557705016032202
     -42.2043059495572805       75.0239464985151869     -105.5485142471679865
     -42.6541587720679942       75.0237702355256175     -105.5409439808140917
     -43.0965425280386114       75.0246549682491803     -105.5330402034253865
     -43.5309509526410565       75.0269377487839080     -105.5245629425647422
     -43.9569026735478232       75.0310497435616668     -105.5152021853330382
     -44.3739426769426188       75.0373607559561151     -105.5046886500341401
     -44.7816387348047087       75.0461766412435480     -105.4927958694401866
     -45.1795796707524957       75.0577377796648051     -105.4793413309002545
     -45.5673740908109224       75.0722184957342478     -105.4641874223376874
     -45.9446493665891182       75.0897267931971584     -105.4472412782758681
     -46.3110513837050846       75.1103055168548082     -105.4284550115175279
     -46.6662455689772457       75.1339338014543756     -105.4078244881898883
     -47.0099194618341656       75.1605299536478384     -105.3853878961165407
     -47.3417865137754745       75.1899554147443894     -105.3612233027310907
     -47.6615903006092054       75.2220197183617216     -105.3354450400003657
     -47.9691084924408031       75.2564869922313591     -105.3081999856170938
     -48.2641567206935704       75.2930830166188514     -105.2796626590493787
     -48.5465895677870733       75.3315028455821931     -105.2500299313729784
     -48.8162997885669228       75.3714186069992849     -105.2195162039660659
     -49.0732176395110997       75.4124867357797086     -105.1883483966753374
     -49.3173103263216248       75.4543547902653415     -105.1567610338581460
     -49.5485815198345918       75.4966681198498861     -105.1249918995718389
     -49.7670708929822823       75.5390759660275251     -105.0932777855507965
     -49.9728536548900735       75.5812369953840317     -105.0618504359949981
     -50.1660400667733484       75.6228243067634338     -105.0309328441539094
     -50.3467749296663527       75.6635299864360320     -105.0007360843115833
     -50.5152370271898832       75.7030689796059022     -104.9714564204176810
     -50.6716385172975876       75.7411823333203387     -104.9432728118623999
     -50.8162242664033812       75.7776398110069209     -104.9163448392402813
     -50.9492711211939664       75.8122418908528601     -104.8908110680548873
     -51.0710871154822073       75.8448211834344335     -104.8667878792261945
     -51.1820106069082215       75.8752432478820822     -104.8443686973764954
     -51.2824093427807597       75.9034068533599111     -104.8236236226087783
     -51.3726794546323902       75.9292437274720129     -104.8045994472396103
     -51.4532443817839820       75.9527178364761966     -104.7873200285750670
     -51.5245537250107688       75.9738242475359726     -104.7717869837166091
     -51.5870820320703984       75.9939853359914252     -104.7569667408863978
     -51.6413275175062338       76.0147893117678848     -104.7417039884374503
     -51.6878107194503045       76.0359093733855076     -104.7262322133252894
     -51.7270730967733243       76.0570465605365769     -104.7107653693018534
     -51.7596755700239228       76.0779308082087482     -104.6954970311472835
     -51.7861970099481610       76.0983154929643177     -104.6806042689161416
     -51.8072326776080203       76.1179721840945405     -104.6662513774638086
     -51.8233926202699351       76.1366849845314420     -104.6525939106790588
     -51.8353000273704652       76.1542436331992576     -104.6397836251508551
     -51.8435895509847953       76.1704339966429274     -104.6279753342159609
     -51.8489055953244744       76.1850232778150627     -104.6173376205156558
     -51.8519005798765278       76.1977340653389064     -104.6080716902172867
     -51.8532331808669937       76.2081951775112287     -104.6004471472650579
     -51.8535665557902874       76.2166681216794899     -104.5942725967040730
     -51.8532331808669937       76.2251414576566617     -104.5880985838334567
     -51.8519005798765278       76.2356041389390100     -104.5804761942148531
     -51.8489055953244744       76.2483184701038681     -104.5712151269544989
     -51.8435895509847953       76.2629140995045987     -104.5605861251065392
     -51.8353000273704438       76.2791145109288635     -104.5487916232973760
     -51.8233926202696509       76.2966879106001699     -104.5360015809852712
     -51.8072326776060166       76.3154213295467798     -104.5223724095602051
     -51.7861970099373963       76.3351058948662029     -104.5080577706414573
     -51.7596755699763236       76.3555273923615943     -104.4932155275733976
     -51.7270730965928607       76.3764594474906318     -104.4780127969638954
     -51.6878107188476719       76.3976579514427812     -104.4626300998197053
     -51.6413275156966876       76.4188559029270351     -104.4472652155275227
     -51.5870820271081811       76.4397580493826325     -104.4321371865631676
     -51.5245537124318034       76.4600420148122026     -104.4174855742962365
     -51.4532443518039244       76.4812941048959374     -104.4021524566396977
     -51.3726793866155163       76.5049339342426293     -104.3851004793673809
     -51.2824091951576975       76.5309584462606836     -104.3663338472995719
     -51.1820102991403800       76.5593338797900884     -104.3458795621242814
     -51.0710864970145551       76.5899947542052075     -104.3237882963075691
     -50.9492699197295309       76.6228432857570141     -104.3001349703151988
     -50.8162220043082016       76.6577492810926486     -104.2750189971368115
     -50.6716343802710298       76.6945505466241855     -104.2485641622268417
     -50.5152296633158358       76.7330538405194318     -104.2209181076962068
     -50.3467621494126405       76.7730363712741308     -104.1922513782547526
     -50.1660184052673586       76.8142478956218326     -104.1627560748509751
     -49.9728177467149166       76.8564133904464626     -104.1326440801717865
     -49.7670125966438874       76.8992362740132904     -104.1021448476403322
     -49.5484887136950931       76.9424021401907083     -104.0715027579957450
     -49.3171652797328264       76.9855828890416376     -104.0409739686317749
     -49.0729948412623784       77.0284414052203061     -104.0108230742546738
     -48.8159630879593109       77.0706366010643080     -103.9813194760300519
     -48.5460884486872359       77.1118286497989374     -103.9527334021596516
     -48.2634214804162482       77.1516842573913806     -103.9253315899942294
     -47.9680440254889007       77.1898822293553621     -103.8993732277307203
     -47.6600680742462401       77.2261188692430665     -103.8751058281442141
     -47.3396343407062759       77.2601128508265163     -103.8527609014222577
     -47.0069124501364044       77.2916100969735425     -103.8325502121105472
     -46.6621038046383774       77.3203887949087374     -103.8146618810000064
     -46.3054443242263361       77.3462643289378491     -103.7992557217893221
     -45.9372072367459268       77.3690949328590278     -103.7864590315976727
     -45.5577052377690137       77.3887872705079332     -103.7763619035106757
     -45.1672912201748176       77.4053018811673326     -103.7690124317113458
     -44.7663572929802029       77.4186586428421606     -103.7644127149895894
     -44.3553323475601573       77.4289409220114919     -103.7625146020304925
     -43.9346787347592880       77.4362994581659621     -103.7632171584876630
     -43.5048885552838627       77.4409546205512527     -103.7663643902344859
     -43.0664793684842380       77.4431977053008751     -103.7717443792834615
     -42.6199879764436389       77.4433896678559677     -103.7790900731384198
     -42.1659691665131078       77.4418080855693631     -103.7881934128011636
     -41.7049989544268982       77.4384386147324761     -103.7990608056660733
     -41.2376707584883917       77.4332373594067747     -103.8117171009683091
     -40.7645933404724872       77.4261735746913473     -103.8261738118904134
     -40.2863891492979178       77.4172296000542701     -103.8424290454087640
     -39.8036925877949344       77.4064007736549939     -103.8604677047857194
     -39.3171482295727799       77.3936951710304299     -103.8802617656632066
     -38.8274090187817791       77.3791332352327572     -103.9017707146251581
     -38.3351344558496407       77.3627473305177489     -103.9249421830857045
     -37.8409888042842724       77.3445810904182594     -103.9497125854236828
     -37.3456392975607372       77.3246888043499183     -103.9760080656296850
     -36.8497543957392537       77.3031345435371264     -104.0037453221763428
     -36.3540020883695760       77.2799913975246966     -104.0328327701480902
     -35.8590487060352885       77.2553405269418789     -104.0631714497881006
     -35.3655576715730646       77.2292705202837055     -104.0946560994101162
     -34.8741878310511382       77.2018766114939723     -104.1271760168938414
     -34.3855917210138600       77.1732599927535148     -104.1606161242558528
     -33.9004138937837993       77.1435269947335343     -104.1948579090460498
     -33.4192892410819624       77.1127883139369885     -104.2297804617194714
     -32.9428413693106066       77.0811581721992383     -104.2652614313801678
     -32.4716809933229911       77.0487535191967368     -104.3011780276051752
     -32.0064043731555614       77.0156931893093173     -104.3374079275447031
     -31.5475917864335713       76.9820970788010044     -104.3738301575224057
     -31.0958060406685348       76.9480853229179473     -104.4103259030715805
     -30.6515910333453050       76.9137775306934799     -104.4467793089222170
     -30.2154703561852216       76.8792920136712468     -104.4830781674674540
     -29.7879459472698933       76.8447450686505249     -104.5191145640951902
     -29.3694968049379561       76.8102502988974578     -104.5547854473916942
     -28.9605777109270583       76.7759179395983438     -104.5899930772065431
     -28.5616180214454900       76.7418542933272079     -104.6246455180378518
     -28.1730205354721406       76.7081610891210914     -104.6586568948517737
     -27.7951605044512462       76.6749350770139699     -104.6919477995534606
     -27.4283846412412622       76.6422674972585298     -104.7244453541551223
     -27.0730102453182084       76.6102437918828514     -104.7560834355479642
     -26.7293243688960551       76.5789432872997509     -104.7868026977926519
     -26.3975830466441224       76.5484389248795907     -104.8165505045746357
     -26.0780106333734700       76.5187971860015352     -104.8452809822893528
     -25.7707991750279177       76.4900779113655744     -104.8729547942874518
     -25.4761078810017771       76.4623342716689081     -104.8995390004738795
     -25.1940626879427718       76.4356128335509482     -104.9250069392148248
     -24.9247558788754588       76.4099535457975065     -104.9493379053039774
     -24.6682458043947044       76.3853898420337032     -104.9725169070715367
     -24.4245567010594335       76.3619488256816936     -104.9945344700376637
     -24.1936785814052584       76.3396513958441147     -105.0153863065701501
     -23.9755672192731168       76.3185124203157415     -105.0350730102980066
     -23.7701442395666902       76.2985409590794745     -105.0535997896102316
     -23.5772973067251073       76.2797405176450525     -105.0709762169323227
     -23.3968803848463622       76.2621092607123927     -105.0872159149708551
     -23.2287140923443509       76.2456402498956436     -105.1023362819185536
     -23.0725861515561377       76.2303216917773625     -105.1163582438079942
     -22.9282519305823662       76.2161371840865911     -105.1293060224665084
     -22.7954350766951173       76.2030659625392843     -105.1412069264247293
     -22.6738282361111700       76.1910831245293281     -105.1520911344162243
     -22.5630938614848695       76.1801598508188249     -105.1619915017788003
     -22.4628651048791177       76.1702636254181584     -105.1709433899419537
     -22.3727467927602532       76.1613584479075598     -105.1789845098088136
     -22.2923164802979663       76.1534050388133181     -105.1861547775873476
     -22.2211255820598801       76.1463610390191263     -105.1924961813320181
     -22.1587011774826799       76.1401702293635623     -105.1980605893275538
     -22.1048047314957330       76.1300653797379852     -105.2063044710540964
     -22.0590295435864441       76.1139366182639066     -105.2187612198818840
     -22.0207221716741550       76.0937916594547943     -105.2339875499950068
     -21.9892385233703394       76.0711108227665846     -105.2509222278538346
     -21.9639348163734844       76.0470398598815649     -105.2687469511911331
     -21.9441633411740042       76.0224959256567558     -105.2868097471156830
     -21.9292705140008302       75.9982325201127651     -105.3045779162286948
     -21.9185960752682050       75.9748842392314572     -105.3216055316015201
     -21.9114727996363641       75.9530028357269913     -105.3375072200865787
     -21.9072262308795018       75.9330934024720250     -105.3519318885459910
     -21.9051738307473869       75.9156617568978476     -105.3645284287193533
     -21.9046225247123196       75.9012915292938288     -105.3748900947921925
     -21.9049245424437231       75.8896561622937611     -105.3832649339913985
