     -25.8536261872919297     -102.8796106491511608       -0.1126165941634455
     -25.8538168038693144     -102.8796125524045664       -0.0988072633007965
     -25.8549403554607942     -102.8795550813164112       -0.0817727931430491
     -25.8576327467842759     -102.8793958529218031       -0.0611403615929292
     -25.8625357908209956     -102.8790910252056818       -0.0376179719122395
     -25.8702843712399755     -102.8785975009812859       -0.0118212420625573
     -25.8815056012947124     -102.8778730017437510        0.0156350119377958
     -25.8968176666113870     -102.8768762266210217        0.0440804501531033
     -25.9168285647457530     -102.8755670567696399        0.0727461708226390
     -25.9421348708107402     -102.8739067803469567        0.1007218081804605
     -25.9733206329254216     -102.8718583176347323        0.1269023052010606
     -26.0109565313981470     -102.8693864204840906        0.1499107096513069
     -26.0555995404701335     -102.8664578017844065        0.1679722580911130
     -26.1077936123629506     -102.8630411014538311        0.1786853452358414
     -26.1725189753920020     -102.8585597809111931       -0.2907676049722328
     -26.2412868218198945     -102.8540484472714667       -0.2938114596428639
     -26.3189755789040269     -102.8489354240367533       -0.2972498198444810
     -26.4060169769757458     -102.8431861714627473       -0.3011015077449484
     -26.5028171701116193     -102.8367667124180684       -0.3053840778167872
     -26.6097556063225014     -102.8296436405084791       -0.3101137255214081
     -26.7271839699737335     -102.8217841357881781       -0.3153051920887688
     -26.8554252029093874     -102.8131560164746219       -0.3209716654154240
     -26.9947726025675898     -102.8037277900991313       -0.3271246770403510
     -27.1454889975086360     -102.7934686864838767       -0.3337739953490221
     -27.3078060086050272     -102.7823487201636254       -0.3409275155264651
     -27.4819233962158584     -102.7703387670632509       -0.3485911467859255
     -27.6680084957018408     -102.7574106578688315       -0.3567686976632450
     -27.8661957561019165     -102.7435373782905685       -0.3654617607077129
     -28.0765863659438786     -102.7286932541210263       -0.3746695974234652
     -28.2992479533282619     -102.7128540197731468       -0.3843890244738998
     -28.5342143921161444     -102.6959969731220781       -0.3946143026744850
     -28.7814857195814326     -102.6781012466404519       -0.4053370301068488
     -29.0410281701811179     -102.6591482190209916       -0.4165460423330110
     -29.3127742424382483     -102.6391215584128673       -0.4282273201503413
     -29.5966228862881238     -102.6180074179054458       -0.4403639091640468
     -29.8924398523611643     -102.5957949928369288       -0.4529358546454658
     -30.2000580767963065     -102.5724767634410881       -0.4659201514098067
     -30.5192781212384965     -102.5480485261489605       -0.4792907114245907
     -30.8498688296241887     -102.5225100299206673       -0.4930183553183741
     -31.1915680022775916     -102.4958652524794616       -0.5070708259334785
     -31.5440830987623286     -102.4681223655769600       -0.5214128260293682
     -31.9070922116947457     -102.4392944961869887       -0.5360060875932905
     -32.2802449354354053     -102.4093996580144363       -0.5508094665217579
     -32.6631634011399683     -102.3784609765090039       -0.5657790694318117
     -33.0554434658219023     -102.3465071983358854       -0.5808684138607534
     -33.4566557651337462     -102.3135723449424859       -0.5960286161144520
     -33.8663471151232471     -102.2796963493008349       -0.6112086175901512
     -34.2840416867274485     -102.2449246504748430       -0.6263554425041902
     -34.7092424703928089     -102.2093084502881339       -0.6414144978516778
     -35.1414326510081096     -102.1729044900397838       -0.6563299038165857
     -35.5800770946505267     -102.1357749051189785       -0.6710448548951743
     -36.0246238882319787     -102.0979870846131661       -0.6855020086076915
     -36.4745058455211648     -102.0596132090572041       -0.6996438962589299
     -36.9291421564823210     -102.0207300561314412       -0.7134133557033161
     -37.3879399234253782     -101.9814183557310656       -0.7267539768937613
     -37.8502958703205863     -101.9417624613143687       -0.7396105605501722
     -38.3155979106967806     -101.9018496017279034       -0.7519295796256414
     -38.7832268788840580     -101.8617693965650943       -0.7636596428418688
     -39.2525581239230874     -101.8216130595914848       -0.7747519504456916
     -39.7229632353096136     -101.7814727817704039       -0.7851607399119749
     -40.1938116522990541     -101.7414409246855627       -0.7948437130061780
     -40.6644723713024732     -101.7016093250911695       -0.8037624399633814
     -41.1343156220397290     -101.6620685022188297       -0.8118827163902721
     -41.6027146020851575     -101.6229069512278897       -0.8191748429375385
     -42.0690470838562476     -101.5842104006975859       -0.8256138510551418
     -42.5326970394045318     -101.5460611770793804       -0.8311796898779770
     -42.9930562056645087     -101.5085375413062962       -0.8358573713448549
     -43.4495256557837166     -101.4717131698967165       -0.8396370728142315
     -43.9015173152241331     -101.4356566142981393       -0.8425141939831982
     -44.3484554744024564     -101.4004309083798034       -0.8444893679088130
     -44.7897782490290481     -101.3660932226680984       -0.8455684238471649
     -45.2249390269145763     -101.3326945494723219       -0.8457623002933029
     -45.6534078767998537     -101.3002796687721627       -0.8450869085083971
     -46.0746728567715920     -101.2688870620601023       -0.8435318454992206
     -46.4882410794103649     -101.2385509219625419       -0.8408685524463241
     -46.8936405583561466     -101.2092992894017840       -0.8368027832323357
     -47.2904215131133085     -101.1811539724937887       -0.8310864049378996
     -47.6781568996291014     -101.1541299084212824       -0.8235188924418910
     -48.0564432284171019     -101.1282362321216084       -0.8139477273293825
     -48.4249012957370226     -101.1034760054902790       -0.8022681442185925
     -48.7831769453323574     -101.0798467814457808       -0.7884222632234689
     -49.1309418753184559     -101.0573413294250713       -0.7723976238633121
     -49.4678944762645827     -101.0359473549518725       -0.7542251185581204
     -49.7937609015223046     -101.0156487473493883       -0.7339763435678774
     -50.1082961487206688     -100.9964256527878348       -0.7117603552056071
     -50.4112851393304950     -100.9782547344523778       -0.6877198862813401
     -50.7025437539849264     -100.9611102642745664       -0.6620271137172340
     -50.9819197210885093     -100.9449641819748535       -0.6348790523239431
     -51.2492930913852547     -100.9297864114965080       -0.6064927292094051
     -51.5045764560357640     -100.9155457708247923       -0.5771003556002525
     -51.7477150670784383     -100.9022102356494059       -0.5469445820307658
     -51.9786868846554029     -100.8897469325367524       -0.5162738952356319
     -52.1975025971351343     -100.8781227900310284       -0.4853382162419022
     -52.4042055534845943     -100.8673048795108116       -0.4543847456604013
     -52.5988716106797582     -100.8572605480915314       -0.4236541044255520
     -52.7816088989243681     -100.8479574248136714       -0.3933768119497715
     -52.9525575224071261     -100.8393636514865364       -0.3637701375013789
     -53.1118891768481447     -100.8314480105663762       -0.3350353499693502
     -53.2598066830153698     -100.8241799433812105       -0.3073553850053861
     -53.3965434408066670     -100.8175295441657653       -0.2808929407356539
     -53.5223628019407300     -100.8114674837656253       -0.2557890047081394
     -53.6375573665588021     -100.8059649568362630       -0.2321618074220849
     -53.7424482091722595     -100.8009937420645485       -0.2101061902752776
     -53.8373840233976964     -100.7965261339499250       -0.1896933682714990
     -53.9227401925930963     -100.7925348563497892       -0.1709710627895438
     -53.9989177892239738     -100.7889929749175195       -0.1539639740984801
     -54.0663425053479116     -100.7858738107843237       -0.1386745588474658
     -54.1254635160424158     -100.7827882689832535        0.2978783704558978
     -54.1767522840378390     -100.7804902649417897        0.2734435074075962
     -54.2207012935481387     -100.7785336637635112        0.2486521639582872
     -54.2578227394280361     -100.7768904353916781        0.2238520920723642
     -54.2886471551889400     -100.7755329428234177        0.1993575732475219
     -54.3137219930200459     -100.7744338328749762        0.1754557627967327
     -54.3336101575579065     -100.7735659356593629        0.1524127934896346
     -54.3488884973131334     -100.7729021751039511        0.1304803603107839
     -54.3601462576739536     -100.7724154902652742        0.1099037576472576
     -54.3679834996505988     -100.7720787700507969        0.0909329771118156
     -54.3730094885674760     -100.7718648020151733        0.0738399967815166
     -54.3758410569870207     -100.7717462341356480        0.0589491461467335
     -54.3771009462252763     -100.7716955456132837        0.0466946570025565
     -54.3774161308846615     -100.7716853690710082        0.0367697087680582
     -54.3771009462252763     -100.7717027884666692        0.0268447706027136
     -54.3758410569870207     -100.7717624198434549        0.0145903217123000
     -54.3730094885674760     -100.7718918544773743       -0.0003004384309907
     -54.3679834996505988     -100.7721182962738879       -0.0173932580639549
     -54.3601462576739536     -100.7724688605649703       -0.0363637878220975
     -54.3488884973132045     -100.7729705613092506       -0.0569400298422458
     -54.3336101575583115     -100.7736503271574975       -0.0788719727932769
     -54.3137219930222273     -100.7745350400392397       -0.1019143026058125
     -54.2886471551985750     -100.7756515923422000       -0.1258153046036591
     -54.2578227394645509     -100.7770269597316144       -0.1503088262624440
     -54.2207012936700679     -100.7786882858270445       -0.1751076923914842
     -54.1767522844039533     -100.7806629782683672       -0.1998976014291649
     -54.1254635170464340     -100.7829788133173992       -0.2243307811055756
     -54.0663425037799996     -100.7857457744143233        0.2122242833041496
     -53.9989177854870306     -100.7888537801773339        0.2275159698045850
     -53.9227401841147582     -100.7923832497586574        0.2445256364680694
     -53.8373840049959966     -100.7963608639436330        0.2632508445776231
     -53.7424481708069735     -100.8008135753450887        0.2836669104671092
     -53.6375572894604815     -100.8057686953776368        0.3057261268405500
     -53.5223626521611067     -100.8112539823106175        0.3293572882170580
     -53.3965431587944295     -100.8172977280515710        0.3544655548075498
     -53.2598061672382599     -100.8239288265520486        0.3809326844614682
     -53.1118882587306089     -100.8311767136690946        0.4086176563791101
     -52.9525559289105843     -100.8390714200092759        0.4373577051644049
     -52.7816061979427928     -100.8476436473173408        0.4669697756220459
     -52.5988671330385316     -100.8569247747119846        0.4972524006582372
     -52.4041982836935603     -100.8669468410757162        0.5279879967368184
     -52.1974910231260623     -100.8777424183420806        0.5589455618821505
     -51.9786687944745367     -100.8893443826545422        0.5898837524143359
     -51.7476872777985406     -100.9017859113569671        0.6205543073136919
     -51.5045344567960584     -100.9151003548699066        0.6507057762148739
     -51.2492305780862196     -100.9293209026746325        0.6800874987487178
     -50.9818279942038828     -100.9444799419704424        0.7084537734817000
     -50.7024109419684379     -100.9606090782149295        0.7355681532292986
     -50.4110951959398292     -100.9777388902447939        0.7612077819947378
     -50.1080275748091495     -100.9958980447579791        0.7851676817913108
     -49.7933856129922745     -101.0151129820362996        0.8072649409657298
     -49.4673775115357230     -101.0354078120768264        0.8273428614827218
     -49.1302419399936667     -101.0568031683737473        0.8452750416158736
     -48.7822478310921426     -101.0793158845769142        0.8609693394031416
     -48.4236940435260905     -101.1029588516069992        0.8743716452810966
     -48.0549087045400682     -101.1277397147104864        0.8854693485285360
     -47.6762483789747975     -101.1536611260877834        0.8942943908581797
     -47.2880969277297396     -101.1807200032843355        0.9009257568565315
     -46.8908642058804617     -101.2089069859575545        0.9054913062880648
     -46.4849847102755049     -101.2382067231531693        0.9081688802927708
     -46.0709160099952229     -101.2685968532468621        0.9091866075432022
     -45.6491369935896643     -101.3000487368742881        0.9088217851888171
     -45.2201465899436030     -101.3325276099107271        0.9072890809482834
     -44.7844630871574481     -101.3659944649389786        0.9045880179032447
     -44.3426224781666605     -101.4004039388354386        0.9006947820871960
     -43.8951770181035172     -101.4357044161091750        0.8955934700546290
     -43.4426937914158415     -101.4718380486226721        0.8892761665676088
     -42.9857532325728187     -101.5087411056532005        0.8817429478731812
     -42.5249476292798434     -101.5463443089861073        0.8730018059315994
     -42.0608795755682934     -101.5845732619444277        0.8630684949689621
     -41.5941604272933461     -101.6233489829115229        0.8519663024651253
     -41.1254087082647715     -101.6625884577386643        0.8397257472625176
     -40.6552485342920633     -101.7022052988568817        0.8263842101778098
     -40.1843079835546106     -101.7421104078448764        0.8119855019132490
     -39.7132175115941166     -101.7822127149802895        0.7965793761579505
     -39.2426083530637442     -101.8224198929794397        0.7802210116997783
     -38.7731109860754302     -101.8626391392613471        0.7629704989142380
     -38.3053534411631489     -101.9027778792256811        0.7448923090298695
     -37.8399597100560499     -101.9427445764129772        0.7260547376169346
     -37.3775480302091836     -101.9824493497119988        0.7065293262696458
     -36.9187293157685019     -102.0218047765243483        0.6863902721891555
     -36.4641054407917622     -102.0607263693610776        0.6657138289298842
     -36.0142677014892953     -102.0991333337980507        0.6445777093367419
     -35.5697951237292216     -102.1369488808098538        0.6230604923231097
     -35.1312529608453232     -102.1741008858254673        0.6012410449761516
     -34.6991910614923285     -102.2105220580492215        0.5791979604900276
     -34.2741423998488912     -102.2461504226812679        0.5570090223108672
     -33.8566215520468816     -102.2809294278978456        0.5347506951411742
     -33.4471232455870933     -102.3148081149793569        0.5124976496890997
     -33.0461209993910288     -102.3477413056303504        0.4903223243067498
     -32.6540656847609583     -102.3796893677227615        0.4682945234220488
     -32.2713843545365151     -102.4106185960605586        0.4464810563619473
     -31.8984788666650623     -102.4405005756028970        0.4249454125784499
     -31.5357248609370622     -102.4693125333660078        0.4037474878934277
     -31.1834705865491202     -102.4970367985429363        0.3829433537371205
     -30.8420358944269282     -102.5236606026428774        0.3625850742343405
     -30.5117113794508974     -102.5491761197784939        0.3427205688741753
     -30.1927574210945195     -102.5735797073685092        0.3233935151540472
     -29.8854034938376891     -102.5968719526729132        0.3046432945061791
     -29.5898474949575530     -102.6190573702827180        0.2865049742827377
     -29.3062550941540039     -102.6401437751315626        0.2690093230437577
     -29.0347592967271808     -102.6601422585416401        0.2521828582757849
     -28.7754600545446344     -102.6790669266215019        0.2360479202079460
     -28.5284239151927537     -102.6969343491102791        0.2206227681429971
     -28.2936838310398784     -102.7137633690009721        0.2059216971484277
     -28.0712390858333833     -102.7295750557528748        0.1919551706455542
     -27.8610552528790478     -102.7443922873517010        0.1787299643666906
     -27.6630642723193603     -102.7582394851291383        0.1662493198353388
     -27.4771646395938234     -102.7711424598010694        0.1545131048848391
     -27.3032216967453678     -102.7831283447418400        0.1435179776472970
     -27.1410679964325361     -102.7942254056482625        0.1332575505297682
     -26.9905037547735631     -102.8044628445091604        0.1237225523894573
     -26.8512974073535702     -102.8138707074823799        0.1149009874424870
     -26.7231862540146068     -102.8224798090558068        0.1067782895260539
     -26.6058771902003919     -102.8303216707104610        0.0993374708466217
     -26.4990475245682902     -102.8374284894444912        0.0925592647037562
     -26.4023458742540349     -102.8438330855356071        0.0864222619413640
     -26.3153931380821291     -102.8495688529057759        0.0809030412490239
     -26.2377835489457603     -102.8546697445583789        0.0759762936903573
     -26.1690857989879078     -102.8591702653715743        0.0716149419828911
     -26.1132665495196754     -102.8620656481817690       -0.3989921829516561
     -26.0608790387912350     -102.8655149335066170       -0.3892815514442570
     -26.0159019770296851     -102.8685016927429956       -0.3720791544525122
     -25.9778370134734722     -102.8710491779739300       -0.3497965409951266
     -25.9461609021592672     -102.8731846238253524       -0.3242187934690393
     -25.9203291568741143     -102.8749385367504345       -0.2967335280594067
     -25.8997787747650676     -102.8763441583837874       -0.2684567797739177
     -25.8839305395616961     -102.8774370170626327       -0.2403101747518936
     -25.8721911342547095     -102.8782545304080287       -0.2130741252864133
     -25.8639551879939589     -102.8788356398421797       -0.1874306992819366
     -25.8586073516723722     -102.8792204627593350       -0.1640066250538769
     -25.8555245221089898     -102.8794499429938440       -0.1434295838024731
     -25.8540784182479300     -102.8795654647466051       -0.1264197594120782
     -25.8536261872919297     -102.8796106491511608       -0.1126165941634455
