  -68.514382439271373       -35.978732724449436        51.015903590761944     
  -66.990382439271372       -35.894198144729359        50.896038113504062     
  -65.466382439271371       -35.809663565009281        50.776172636246180     
  -63.942382439271370       -35.725128985289203        50.656307158988298     
  -57.836415132706122       -35.386437791033934        50.176061302477500     
  -57.828133774623765       -35.385978433340362        50.175409958029412     
  -57.816238267684980       -35.385318876305661        50.174474741707208     
  -57.800094797213163       -35.384424303580545        50.173206285803829     
  -57.779081126912281       -35.383260746622689        50.171556424754982     
  -57.752588315155990       -35.381795243996280        50.169478421010353     
  -57.720022399267805       -35.379996006241612        50.166927198787036     
  -57.680806042570197       -35.377832585494147        50.163859584511265     
  -57.634380139010240       -35.375276049053454        50.160234552745024     
  -57.580205370225436       -35.372299156148785        50.156013476378234     
  -57.517763709997716       -35.369285387311244        50.151740107231269     
  -57.446559871161334       -35.365460587311027        50.146316728071255     
  -57.366122690186621       -35.361144640973848        50.140196903325773     
  -57.276006444862375       -35.356315632907730        50.133349526823267     
  -57.175792100752886       -35.350953563867087        50.125746178401087     
  -57.065088482419590       -35.345040496979081        50.117361305738712     
  -56.943533366052669       -35.338560712917101        50.108172401612286     
  -56.810794505956778       -35.331500762914843        50.098160009608762     
  -56.666570580303862       -35.323849514332977        50.087307679176170     
  -56.510592022544103       -35.315598431441288        50.075602195411982     
  -56.342621778191315       -35.306741800644765        50.063033645824405     
  -56.162455975996011       -35.297276995214425        50.049595424767134     
  -55.969924512791096       -35.287204809889779        50.035284173667584     
  -55.764891550914740       -35.276529867729643        50.020099601922972     
  -55.547255936746303       -35.265261169977265        50.004044213384368     
  -55.316951548639480       -35.253412854246065        49.987122934376714     
  -55.073947575408432       -35.241005166408002        49.969342527299773     
  -54.818248761610363       -35.228065537340001        49.950710477105751     
  -54.549895619427382       -35.214629983906256        49.931233457292770     
  -54.268964555595716       -35.200745559601586        49.910916136618980     
  -53.975568031813850       -35.186473222634454        49.889759073358974     
  -53.669854805090949       -35.171891242830569        49.867755380313888     
  -53.352010188001330       -35.157100378019337        49.844887247215127     
  -53.022256348162692       -35.142229875225432        49.821121742778786     
  -52.680852353034219       -35.127441046157095        49.796406848708621     
  -52.328093600402667       -35.112928610306192        49.770670640596983     
  -51.964310741859450       -35.098918665728206        49.743822352253240     
  -51.589868126246884       -35.085662749248200        49.715754923592996     
  -51.205161641184951       -35.073430095995512        49.686350779815562     
  -50.810616386149455       -35.062497420099199        49.655487409702694     
  -50.406684149514142       -35.053138875150673        49.623043861872183     
  -49.993840904236919       -35.045616670709279        49.588906854127089     
  -49.572584467016704       -35.040172360414651        49.552975461901397     
  -49.143432173747200       -35.037020371274110        49.515165932720045     
  -48.706919105071108       -35.036343842449178        49.475413051589200     
  -48.263596587975606       -35.038295059178694        49.433670528415242     
  -47.814030884640843       -35.042995563486393        49.389909928498270     
  -47.358801655285916       -35.050536702928859        49.344120467959030     
  -46.898500539124484       -35.060979760569495        49.296308076977631     
  -46.433729580940266       -35.074356888026657        49.246495217080849     
  -45.965099787129127       -35.090671892737362        49.194719985463173     
  -45.493229567819036       -35.109901685453814        49.141035581752149     
  -45.018743315220448       -35.131997731033813        49.085509198156586     
  -44.542269868262750       -35.156888136498644        49.028221241416901     
  -44.064441088172927       -35.184480050521238        48.969264467790723     
  -43.585890419105816       -35.214661722678862        48.908742185244591     
  -43.107251653012568       -35.247304113418480        48.846765459061437     
  -42.629157397963660       -35.282264323725009        48.783452583341166     
  -42.152237696617526       -35.319388348819956        48.718928090167800     
  -41.677118406947841       -35.358512976984521        48.653322199952044     
  -41.204419679334379       -35.399467507757116        48.586770627028997     
  -40.734754370115468       -35.442074914851688        48.519413590376395     
  -40.268726581799321       -35.486153318331304        48.451395218222366     
  -39.806930108488537       -35.531517305233969        48.382862732516919     
  -39.349947018777115       -35.577979450511414        48.313965914539502     
  -38.898346166713296       -35.625351525205097        48.244856171299332     
  -38.452681838664105       -35.673445946194256        48.175685976856023     
  -38.013492337383433       -35.722076855484993        48.106607875466338     
  -37.581298703617563       -35.771061481262294        48.037773947342394     
  -37.156603388056624       -35.820221035319555        47.969334746179811     
  -36.739889056876358       -35.869381933137333        47.901438783610736     
  -36.331617367833410       -35.918376525664421        47.834231483658336     
  -35.932227861235589       -35.967044103991938        47.767854641313420     
  -35.542136863150077       -36.015231546307348        47.702445519872192     
  -35.161736478176074       -36.062794069586566        47.638136079417222     
  -34.791393650732033       -36.109595977995738        47.575052280447679     
  -34.431449246609134       -36.155511108238798        47.513313243121097     
  -34.082217237858181       -36.200423414198177        47.453030864669763     
  -33.743983900015500       -36.244227109200104        47.394309121988350     
  -33.417007110543963       -36.286826717475925        47.337243515092680     
  -33.101515703721304       -36.328137111238398        47.281920736081240     
  -32.797708827843103       -36.368083608738765        47.228418642210698     
  -32.505755364413218       -36.406602466778068        47.176806942944850     
  -32.225793472903810       -36.443640652193061        47.127147127193723     
  -31.957930282686128       -36.479154609719394        47.079491258597507     
  -31.702241582849869       -36.513109893532608        47.033882035600044     
  -31.458771581410250       -36.545480831416100        46.990353006875644     
  -31.227532756075266       -36.576250004442990        46.948928639149671     
  -31.008505776555516       -36.605407791090329        46.909624536211496     
  -30.801639503984095       -36.632951936445735        46.872447736073312     
  -30.606851073214290       -36.658887103158570        46.837397019932347     
  -30.424026060916528       -36.683224365304554        46.804463193703867     
  -30.253018732281980       -36.705980744299154        46.773629428258111     
  -30.093652372266479       -36.727178776130515        46.744871602919297     
  -29.945719699607142       -36.746846127723259        46.718158664310124     
  -29.808983367135394       -36.765015230588823        46.693452954421836     
  -29.683176550406124       -36.781722907927183        46.670710474845947     
  -29.568003613572767       -36.797010073977710        46.649881186680290     
  -29.463140855074041       -36.810921469753737        46.630909301992958     
  -29.368237331655102       -36.823505428215491        46.613733562014282     
  -29.282915758361330       -36.834813665366688        46.598287503820899     
  -29.206773481828986       -36.844901092845475        46.584499718072848     
  -29.139383523734264       -36.853825648282346        46.572294102653835     
  -29.080297499640420       -36.861259163147068        46.561071847715972     
  -29.029039433442772       -36.868070542350971        46.551821496032801     
  -28.985118143307911       -36.873927406279293        46.543923214985050     
  -28.948021126026966       -36.878888955120971        46.537272279629583     
  -28.917217702212032       -36.883018999179718        46.531763711084658     
  -28.892160414396077       -36.886385468227310        46.527292104218027     
  -28.872286471999995       -36.889059923622284        46.523751477461445     
  -28.857019239578683       -36.891117078306991        46.521035150783788     
  -28.845769764654712       -36.892634329730001        46.519035657255849     
  -28.837938341333338       -36.893691310495505        46.517644693062167     
  -28.832916105773091       -36.894369461169873        46.516753110229949     
  -28.830086659469757       -36.894751629225254        46.516250955725269     
  -28.828827716198994       -36.894921697592842        46.516027559910526     
  -22.732512768358959       -37.718461848732581        45.434254237529991     
  -21.208512768358958       -37.924336250084110        45.163824878578964     
  -19.684512768358957       -38.130210651435640        44.893395519627937     
  -18.160512768358956       -38.336085052787169        44.622966160676910     
