  -60.310095074533436       -91.497313419279891        125.37008217943584     
  -58.786095074533435       -91.439193402911243        125.29044583868969     
  -57.262095074533434       -91.381073386542596        125.21080949794354     
  -55.738095074533433       -91.322953370173948        125.13117315719740     
  -49.630249831073854       -91.090021568647003        124.81200882318635     
  -49.620408080941715       -91.089646238805287        124.81149454433657     
  -49.606271030637409       -91.089107489027370        124.81075634666286     
  -49.587085235504858       -91.088377066918667        124.80975551859085     
  -49.562110888283144       -91.087427527720024        124.80845445517389     
  -49.530623821945667       -91.086232397014172        124.80681688103513     
  -49.491917471373846       -91.084766339124300        124.80480808111820     
  -49.445304788511329       -91.083005328970557        124.80239513619021     
  -49.390120105768588       -91.080926824922258        124.79954715975479     
  -49.325720942588070       -91.078509939989743        124.79623553278843     
  -49.251489750233539       -91.075938149333695        124.79271165497555     
  -49.166835590036378       -91.072821809860670        124.78844163793300     
  -49.071195740513417       -91.069314102505757        124.78363537657424     
  -48.964037228967342       -91.065400262375974        124.77827265169421     
  -48.844858283390629       -91.061067498912863        124.77233596093224     
  -48.713189700717933       -91.056305072856148        124.76581063378353     
  -48.568596127710748       -91.051104352980772        124.75868492536836     
  -48.410677251012523       -91.045458848808238        124.75095008728938     
  -48.239068893182711       -91.039364214923040        124.74260041462809     
  -48.053444011807180       -91.032818221777276        124.73363326909248     
  -47.853513599090640       -91.025820686906670        124.72404907956262     
  -47.639027479666396       -91.018373359240329        124.71385132284202     
  -47.409775004713346       -91.010479747612550        124.70304648935321     
  -47.165585640852996       -91.002144882572125        124.69164404089186     
  -46.906329452715283       -90.993374998025530        124.67965637044348     
  -46.631917478518943       -90.984177115956186        124.66709877760080     
  -46.342301998521833       -90.974558513180384        124.65398947745949     
  -46.037476696775592       -90.964526043434859        124.64034966628913     
  -45.717476717296456       -90.954085280393386        124.62620367420800     
  -45.382378616585093       -90.943239436475920        124.61157924423919     
  -45.032300215472851       -90.931987996800743        124.59650798972972     
  -44.667400185184562       -90.920325892196459        124.58102734417434     
  -44.287877056207968       -90.908244797848127        124.56518642685407     
  -43.893969156238768       -90.895728601392648        124.54904463889629     
  -43.485954199501009       -90.882750644250663        124.53267131968563     
  -43.064148541132205       -90.869273033207165        124.51614587494527     
  -42.628906273720467       -90.855247138898420        124.49955702752781     
  -42.180618165545809       -90.840615351964843        124.48300114469043     
  -41.719710453572660       -90.825313880561566        124.46657980597551     
  -41.246643514666800       -90.809276152342889        124.45039693718729     
  -40.761910440300504       -90.792436350481410        124.43455586008511     
  -40.266035534773252       -90.774732731791701        124.41915651994066     
  -39.759572749641499       -90.756110538534855        124.40429303252604     
  -39.243104064112806       -90.736524383083903        124.39005164167652     
  -38.717237846201456       -90.715939445783846        124.37650957458668     
  -38.182607231975268       -90.694331559083395        124.36373518963585     
  -37.639868849406852       -90.671686595585243        124.35178754687526     
  -37.089701021962000       -90.647999807885867        124.34071581987124     
  -36.532801600383777       -90.623276015475994        124.33055992393301     
  -35.969886072601170       -90.597529307109895        124.32135062529954     
  -35.401685642032312       -90.570782648780110        124.31310971584669     
  -34.828945269036183       -90.543067402964255        124.30585028480303     
  -34.252421681032374       -90.514422755846553        124.29957708922828     
  -33.672881356606638       -90.484895054953853        124.29428702031922     
  -33.091098488771813       -90.454537063906116        124.28996965903963     
  -32.507852932440528       -90.423407144212987        124.28660791181036     
  -31.923928141054972       -90.391568376749490        124.28417871526264     
  -31.340109041475802       -90.359088341560039        124.28265475469094     
  -30.757179823516363       -90.326039977514284        124.28200749083364     
  -30.175922004693241       -90.292499145340116        124.28220502879689     
  -29.597112391303533       -90.258543654342986        124.28321176147711     
  -29.021521011879212       -90.224252812318881        124.28498874612616     
  -28.449909070064248       -90.189706974240565        124.28749409418010     
  -27.883026922113043       -90.154987092786101        124.29068337042177     
  -27.321612084143354       -90.120174273656161        124.29450999761903     
  -26.766387274201925       -90.085349338514689        124.29892566287761     
  -26.218058494114953       -90.050592398259099        124.30388072207508     
  -25.677313155999823       -90.015982439204038        124.30932459889497     
  -25.144818265119195       -89.981596901086021        124.31520614270694     
  -24.621218785125226       -89.947510836451002        124.32147337168860     
  -24.107135904356106       -89.913796626668301        124.32807394093051     
  -23.603165241463845       -89.880524139422945        124.33495617501644     
  -23.109875256515661       -89.847760439532266        124.34206943152711     
  -22.627805740586858       -89.815569495765260        124.34936441459716     
  -22.157466382614295       -89.784011880687203        124.35679348529740     
  -21.699335416514785       -89.753144480532001        124.36431095593787     
  -21.253858350619186       -89.723020248485028        124.37187334381412     
  -20.821446782618843       -89.693688005194588        124.37943958154038     
  -20.402477303217491       -89.665192285568736        124.38697118472675     
  -19.997290491484087       -89.637573230203870        124.39443237841867     
  -19.606190004691648       -89.610866519160211        124.40179018430460     
  -19.229441765205561       -89.585103345254751        124.40901447120065     
  -18.867273246743380       -89.560310423677237        124.41607797186879     
  -18.519872831249511       -89.536510364161586        124.42295672755007     
  -18.187389232936226       -89.513722457297732        124.42963104284402     
  -17.869931203194945       -89.491961603887489        124.43608380226524     
  -17.567567258396537       -89.471238156163267        124.44230000338521     
  -17.280325484787276       -89.451558096805584        124.44826672083835     
  -17.008193451221654       -89.432923230875176        124.45397305879563     
  -16.751118230240060       -89.415331386029294        124.45941009410495     
  -16.509006527610147       -89.398776618544062        124.46457081088634     
  -16.281724919971555       -89.383249426740349        124.46945002458520     
  -16.069100200385151       -89.368736963505384        124.47404430077654     
  -15.870919831300101       -89.355223239527902        124.47835187421853     
  -15.686932503881335       -89.342689314969519        124.48237256943027     
  -15.516848802304533       -89.331113478362710        124.48610772347210     
  -15.360341971316561       -89.320471412069438        124.48956011138515     
  -15.217048785055326       -89.310736344177698        124.49273387451970     
  -15.086570514824976       -89.301879187239535        124.49563445175546     
  -14.968473993231019       -89.293868664774152        124.49826851338555     
  -14.862292771796406       -89.286671426953191        124.50064389720468     
  -14.767528368907167       -89.280252157323744        124.50276954613872     
  -14.683651604677145       -89.274573672740033        124.50465544661247     
  -14.610104046517373       -89.269401192971571        124.50604109760511     
  -14.546299394693541       -89.265100887363062        124.50750230863804     
  -14.491625224987811       -89.261430267938309        124.50877421795472     
  -14.445444519879326       -89.258340159180847        124.50986277940740     
  -14.407097406283887       -89.255781386017446        124.51077660149321     
  -14.375902928119125       -89.253704678583802        124.51152660965019     
  -14.351160876128217       -89.252060587108403        124.51212571624663     
  -14.332153670059370       -89.250799410161548        124.51258850300350     
  -14.318148288160838       -89.249871139191441        124.51293092036062     
  -14.308398238825571       -89.249225421957107        124.51317000798137     
  -14.302145569105068       -89.248811547148975        124.51332364020017     
  -14.298622904710959       -89.248578452150866        124.51341029978072     
  -14.297055516034929       -89.248474755549012        124.51344888286668     
  -8.2006634046434126       -88.845144582763865        124.66351862913949     
  -6.6766634046434117       -88.744318524975355        124.70103365263878     
  -5.1526634046434125       -88.643492467186846        124.73854867613808     
  -3.6286634046434116       -88.542666409398336        124.77606369963738     
