  -63.774060611990706       -67.570910548082495        92.894083390362525     
  -62.250060611990705       -67.598784592275408        92.932403634452498     
  -60.726060611990704       -67.626658636468321        92.970723878542472     
  -59.202060611990703       -67.654532680661234        93.009044122632446     
  -53.096524827158575       -67.766203267464263        93.162564871697285     
  -53.088601884231998       -67.766348178528091        93.162764090271338     
  -53.077221028382240       -67.766556593361770        93.163050611568551     
  -53.061775648247909       -67.766839928242305        93.163440130280094     
  -53.041670073197139       -67.767209592374584        93.163948331375423     
  -53.016321173979755       -67.767677017808779        93.164590931230805     
  -52.985159928975435       -67.768253695981088        93.165383727867152     
  -52.947632951864513       -67.768951220065460        93.166342659177701     
  -52.903203976653671       -67.769781332251696        93.167483867938401     
  -52.851355296105595       -67.770755975008996        93.168823772316131     
  -52.791589149748965       -67.772086460030550        93.170652876320617     
  -52.723429057781644       -67.773419553506841        93.172485567178668     
  -52.646421097327334       -67.774934039003952        93.174567631273021     
  -52.560135117662476       -67.776641554902511        93.176915070925830     
  -52.464165891196068       -67.778553871187611        93.179544071650753     
  -52.358134197016945       -67.780682918406242        93.182471043830375     
  -52.241687833802033       -67.783040807708829        93.185712653401964     
  -52.114502560589749       -67.785639859667853        93.189285866566436     
  -51.976282962166820       -67.788492628131152        93.193207990616116     
  -51.826763236778291       -67.791611917191290        93.197496709617511     
  -51.665707904233528       -67.795010791462659        93.202170117090745     
  -51.492912432550042       -67.798702577091035        93.207246744659656     
  -51.308203777728650       -67.802700791067693        93.212745504172105     
  -51.111440837658733       -67.807019033161822        93.218685594793129     
  -50.902514829399323       -67.811671000374787        93.225086600491380     
  -50.681349576316642       -67.816670420663939        93.231968505673549     
  -50.447901706293798       -67.822030931329749        93.239351673066210     
  -50.202160752142774       -67.827765771266002        93.247256615819708     
  -49.944149177691095       -67.833887627424573        93.255704046980242     
  -49.673922319443868       -67.840408474657437        93.264715005170800     
  -49.391568228475471       -67.847339168540174        93.274310752631905     
  -49.097207415172619       -67.854688804141077        93.284512499956463     
  -48.790992540951869       -67.862464426543497        93.295341812067775     
  -48.473108007562132       -67.870670417781966        93.306820712003784     
  -48.143769435843552       -67.879307663646472        93.318971215851491     
  -47.803223106362594       -67.888373565492273        93.331815567394244     
  -47.451745289714104       -67.897861927647682        93.345375811766289     
  -47.089641474619135       -67.907762820178320        93.359672816068610     
  -46.717245573365496       -67.918063383168118        93.374726154286591     
  -46.334918990915348       -67.928747971273339        93.390552835346398     
  -45.943049657736154       -67.939798793719575        93.407166656767899     
  -45.542050996669481       -67.951196552345849        93.424577645962600     
  -45.132360786745778       -67.962920526353514        93.442790909590286     
  -44.714440027894852       -67.974949384572241        93.461806702554057     
  -44.288771680864670       -67.987260871358259        93.481619441529617     
  -43.855859417120143       -67.999832217616131        93.502218268345473     
  -43.416226265941503       -68.012639803333030        93.523586658059429     
  -42.970413250129219       -68.025659250944130        93.545702599678293     
  -42.518977955076039       -68.038865198501199        93.568538346984013     
  -42.062493067272030       -68.052231460045292        93.592060729913598     
  -41.601544874561554       -68.065730965835357        93.616231201379478     
  -41.136731727018180       -68.079335902401752        93.641006201802867     
  -40.668662478861798       -68.093017728243353        93.666337397190276     
  -40.197954887761824       -68.106747330699577        93.692172154824632     
  -39.725234012482460       -68.120495081190867        93.718453919936451     
  -39.251130562725507       -68.134231021457182        93.745122808946576     
  -38.776279268441421       -68.147924939856381        93.772116082615540     
  -38.301317190037821       -68.161546579494185        93.799368823404563     
  -37.826882076266081       -68.175065760396919        93.826814460181765     
  -37.353610643661192       -68.188452674366559        93.854385408642827     
  -36.882136938807456       -68.201678116762466        93.882013580089179     
  -36.413090599969813       -68.214713773855948        93.909630970468157     
  -35.947095240137706       -68.227532471445926        93.937170200332559     
  -35.484766706790168       -68.240108396440220        93.964565020185916     
  -35.026711500138674       -68.252417350744864        93.991750861356195     
  -34.573525049907346       -68.264436883794673        94.018665219244355     
  -34.125790182786162       -68.276146538137482        94.045248190206721     
  -33.684075438596437       -68.287527882495795        94.071442712234557     
  -33.248933599648019       -68.298564736528832        94.097195064700514     
  -32.820900074202754       -68.309243107031435        94.122454964316432     
  -32.400491492974204       -68.319551360621944        94.147175979231051     
  -31.988204199599487       -68.329480103691054        94.171315531014073     
  -31.584512908552242       -68.339022257588937        94.194835155670191     
  -31.189869353574377       -68.348172957802461        94.217700513678466     
  -30.804700992637915       -68.356929435694582        94.239881377353271     
  -30.429409858089837       -68.365291023933125        94.261351782909159     
  -30.064371326346322       -68.373258827779367        94.282089701877368     
  -29.709933147498226       -68.380835813868998        94.302077266420014     
  -29.366414381789809       -68.388026472213852        94.321300384829868     
  -29.034104506038219       -68.394836709328786        94.339748654886861     
  -28.713262628280425       -68.401273795703105        94.357415332443807     
  -28.404116675445614       -68.407346004815494        94.374296855928051     
  -28.106862788006602       -68.413062598029583        94.390392830748965     
  -27.821664764329388       -68.418433687368363        94.405705829787863     
  -27.548653545160295       -68.423469946469822        94.420240970592062     
  -27.287926864874020       -68.428182567362256        94.434005819772722     
  -27.039548987337831       -68.432583193679108        94.447010254897449     
  -26.803550483406973       -68.436683679399678        94.459266077401722     
  -26.579928142102837       -68.440495995249989        94.470786822892322     
  -26.368644994835609       -68.444032217172378        94.481587680144159     
  -26.169630409235040       -68.447304426706765        94.491685284809066     
  -25.982780267848895       -68.450324587378006        94.501097475459318     
  -25.807957257356382       -68.453104501512769        94.509843159508392     
  -25.644991251197791       -68.455655782454713        94.517942202698450     
  -25.493679786958985       -68.457989854232821        94.525415359725557     
  -25.353788619080845       -68.460117895065636        94.532284131057111     
  -25.225052363511647       -68.462050809560623        94.538570663403007     
  -25.107175231648046       -68.463799225979216        94.544297688959418     
  -24.999831847232873       -68.465373498879387        94.549488476160576     
  -24.902668143801975       -68.466783716673390        94.554166791027384     
  -24.815302340109927       -68.468039713896090        94.558356868373636     
  -24.737325991268218       -68.469151090780613        94.562083395833483     
  -24.668305110724493       -68.470127229511760        94.565371495292624     
  -24.607781355457170       -68.470779102288745        94.567972065831100     
  -24.555273305708429       -68.471526380542869        94.570480082982243     
  -24.510277749792277       -68.472174914608530        94.572640625519526     
  -24.472271083965659       -68.472728587723680        94.574473743839022     
  -24.440710738258822       -68.473192436804297        94.576001622593822     
  -24.415036658018344       -68.473572506722491        94.577248336540762     
  -24.394672831493015       -68.473875708267883        94.578239610344809     
  -24.379028859189013       -68.474109681673909        94.579002584997951     
  -24.367501560614890       -68.474282667467875        94.579565593383606     
  -24.359476613944452       -68.474403386269202        94.579957947356206     
  -24.354330224046311       -68.474480929014589        94.580209738513375     
  -24.351430814265111       -68.474524658925205        94.580351654617758     
  -24.350140737288726       -68.474544126354260        94.580414813383413     
  -18.253818000401207       -68.566538427897441        94.878874693024997     
  -16.729818000401206       -68.589535785747856        94.953485712848732     
  -15.205818000401207       -68.612533143598270        95.028096732672466     
  -13.681818000401206       -68.635530501448685        95.102707752496201     
