     -24.4246481791456880      -74.1284604665449507     -101.2885742981461306
     -24.4254830409208985      -74.1398030511213477     -101.2802435346878553
     -24.4274204890277780      -74.1537451738706892     -101.2699695119861616
     -24.4311274492695780      -74.1705579725389867     -101.2575290294972348
     -24.4372267902515858      -74.1896237566358110     -101.2433510436792545
     -24.4463385992392048      -74.2104013205415924     -101.2278088944670600
     -24.4590750863581192      -74.2323507613003954     -101.2112756447747302
     -24.4760368020441206      -74.2548873101462021     -101.1941581683094284
     -24.4978093666266901      -74.2773461010783080     -101.1769232392342133
     -24.5249602342194706      -74.2989470526207612     -101.1601235572520352
     -24.5580351116723570      -74.3187512516621922     -101.1444300177477373
     -24.5975535361352549      -74.3355976008126760     -101.1306784617783308
     -24.6440027080349573      -74.3479993674619806     -101.1199458281973733
     -24.6978275878599014      -74.3539558547831092     -101.1136885304566846
     -24.7596321100444001      -74.3554902066246797     -101.1103972910618296
     -24.8301141192817738      -74.3572232447213821     -101.1066470435430631
     -24.9097425622702033      -74.3591752620930322     -101.1024027069819482
     -24.9989611176679745      -74.3613547594246569     -101.0976380399371379
     -25.0981874587896030      -74.3637690770516002     -101.0923278089958615
     -25.2078121048723354      -74.3664243007715697     -101.0864478610060928
     -25.3281973437956154      -74.3693251689571895     -101.0799752056373677
     -25.4596762290392427      -74.3724749805615630     -101.0728881070269836
     -25.6025516536687476      -74.3758755048441742     -101.0651661847414573
     -25.7570955039190110      -74.3795268937965943     -101.0567905242919835
     -25.9235478953327387      -74.3834276011883162     -101.0477438012032110
     -26.1021164977760414      -74.3875743291099667     -101.0380104453711425
     -26.2929759411046611      -74.3919619546525865     -101.0275767794003201
     -26.4962673074634054      -74.3965834575224250     -101.0164311568594258
     -26.7120977152618622      -74.4014298655893640     -101.0045641208161697
     -26.9405400001711541      -74.4064902244946325     -100.9919685884304670
     -27.1816325095563869      -74.4117516177208245     -100.9786400999796427
     -27.4353789682840308      -74.4171991100111256     -100.9645769601329164
     -27.7017484389500765      -74.4228157170778530     -100.9497804024517080
     -27.9806753950388583      -74.4285824476172735     -100.9342548341745385
     -28.2720598970147741      -74.4344783766835292     -100.9180081014155377
     -28.5757678324959237      -74.4404806063900963     -100.9010515750885730
     -28.8916312821010663      -74.4465643351930879     -100.8834003531519272
     -29.2194490079180937      -74.4527030215412822     -100.8650735551387640
     -29.5589869819431534      -74.4588683729213585     -100.8460943399699659
     -29.9099790553185585      -74.4650304817733115     -100.8264900784448344
     -30.2721277388262067      -74.4711580228877210     -100.8062925603665008
     -30.6451050116915091      -74.4772182728762431     -100.7855379083894576
     -31.0285533079222482      -74.4831773677415327     -100.7642667585574827
     -31.4220865312721997      -74.4890004247639297     -100.7425241985312709
     -31.8252911726724008      -74.4946517014433880     -100.7203596952049054
     -32.2377275476067027      -74.5000948566268590     -100.6978270980808787
     -32.6589310186430239      -74.5052930543118066     -100.6749843620809060
     -33.0884133396999331      -74.5102092907764018     -100.6518934725673233
     -33.5256639788231610      -74.5148065563978008     -100.6286200380282310
     -33.9701516286501786      -74.5190481599913284     -100.6052330198589004
     -34.4213256791396915      -74.5228979601965733     -100.5818042625248268
     -34.8786178256142350      -74.5263206718422708     -100.5584080567700482
     -35.3414436491776200      -74.5292821394077691     -100.5351205974831004
     -35.8092043021056554      -74.5317496105400181     -100.5120193895507157
     -36.2812881681963901      -74.5336920366145392     -100.4891826482342054
     -36.7570726075009659      -74.5350803127357011     -100.4666885872885018
     -37.2359256690510350      -74.5358875937786109     -100.4446147914638061
     -37.7172078738194756      -74.5360894825390119     -100.4230374117379512
     -38.2002739555008191      -74.5356643588227143     -100.4020305595830678
     -38.6844746582981358      -74.5345934994843446     -100.3816654429549260
     -39.1691584847930798      -74.5328614159919596     -100.3620098332686439
     -39.6536735212105214      -74.5304558953666429     -100.3431271909339557
     -40.1373695864822011      -74.5273682564692592     -100.3250762748828180
     -40.6196004220809286      -74.5235931169123518     -100.3079104572435369
     -41.0997254618052565      -74.5191284479635812     -100.2916776010137738
     -41.5771115449706627      -74.5139752751335607     -100.2764195383950749
     -42.0511345659470166      -74.5081376985098558     -100.2621720543656778
     -42.5211810883995938      -74.5016225989091367     -100.2489645227404225
     -42.9866499043489441      -74.4944396263432225     -100.2368199986190263
     -43.4469535549293866      -74.4866009205142916     -100.2257550289650396
     -43.9015198106939906      -74.4781210607571893     -100.2157798548589369
     -44.3497931273639097      -74.4690167666455949     -100.2068983684690693
     -44.7912360959595048      -74.4593068428143852     -100.1991085012173954
     -45.2253304892591288      -74.4489700081425951     -100.1924333305973533
     -45.6515768313471568      -74.4376873335890394     -100.1871131893798008
     -46.0694994693605224      -74.4250465933291849     -100.1834532589358275
     -46.4786479938758461      -74.4106929256750504     -100.1817124648491699
     -46.8785946231383974      -74.3943310120888412     -100.1821012960411679
     -47.2689330626985793      -74.3757269439957156     -100.1847817502223705
     -47.6492776893732000      -74.3547084559600080     -100.1898666351278280
     -48.0192629505381561      -74.3311651660090007     -100.1974204327883911
     -48.3785433348935570      -74.3050476333014132     -100.2074601600446044
     -48.7267943511726358      -74.2763655722423408     -100.2199568394850644
     -49.0637147307722614      -74.2451855453554259     -100.2348382617073383
     -49.3890295678522762      -74.2116268900724094     -100.2519915614845729
     -49.7024938020774414      -74.1758572552686957     -100.2712674559071218
     -50.0038954825094919      -74.1380870591288215     -100.2924849414800264
     -50.2930589285615639      -74.0985628127752705     -100.3154360947407042
     -50.5698456107428811      -74.0575604310663351     -100.3398918371225790
     -50.8341535968256721      -74.0153783941426440     -100.3656073564029327
     -51.0859170579945001      -73.9723307820897702     -100.3923268746386981
     -51.3251058729072156      -73.9287411139624169     -100.4197889262525365
     -51.5517252604866201      -73.8849364144365808     -100.4477312547981285
     -51.7658154069346423      -73.8412414451890271     -100.4758951259533291
     -51.9674510747731091      -73.7979733762246184     -100.5040293185799527
     -52.1567411805977983      -73.7554368046654503     -100.5318935678953238
     -52.3338283302935139      -73.7139193364466792     -100.5592616692233037
     -52.4988883037656464      -73.6736877336396674     -100.5859241805130893
     -52.6521294830568465      -73.6349846483349495     -100.6116907067212622
     -52.7937922186816735      -73.5980259387457068     -100.6363917357819702
     -52.9241481297806331      -73.5629984990197130     -100.6598799293324475
     -53.0434993362597922      -73.5300587261992433     -100.6820310546610386
     -53.1521776207867021      -73.4993315656441268     -100.7027445158509238
     -53.2505435196752970      -73.4709101003788732     -100.7219434934532387
     -53.3389853426100444      -73.4448556518075009     -100.7395747214691539
     -53.4179181219158679      -73.4211983516833442     -100.7556079347309890
     -53.4877824926810135      -73.3999381372666733     -100.7700350211727596
     -53.5490435058306815      -73.3796782519448811     -100.7838648687584708
     -53.6021893767204318      -73.3588582651002525     -100.7982239682509658
     -53.6477301716499753      -73.3377914617820323     -100.8128740421768583
     -53.6861964357845594      -73.3167644452287277     -100.8275967833384783
     -53.7181377659752997      -73.2960360321594919     -100.8421945799388197
     -53.7441213321426616      -73.2758425157968105     -100.8564866039587997
     -53.7647303511390575      -73.2564027320817530     -100.8703050478179222
     -53.7805625171557935      -73.2379235342378792     -100.8834910720783142
     -53.7922283928713867      -73.2206064900579321     -100.8958898752436539
     -53.8003497656537277      -73.2046571500932970     -100.9073439097257960
     -53.8055579732286873      -73.1902995109969936     -100.9176823430806280
     -53.8084922033128450      -73.1778014440914149     -100.9267025834741105
     -53.8097977717811560      -73.1675229152833140     -100.9341352989101637
     -53.8101243839994510      -73.1592027920361403     -100.9401613048876243
     -53.8097977717811560      -73.1508866942955223     -100.9461928649889586
     -53.8084922033128450      -73.1406242600230740     -100.9536477865858757
     -53.8055579732286873      -73.1281623847754076     -100.9627179618015873
     -53.8003497656537277      -73.1138690521375025     -100.9731451208947703
     -53.7922283928713583      -73.0980201586762348     -100.9847377447254502
     -53.7805625171555519      -73.0808477643054744     -100.9973361259958722
     -53.7647303511374588      -73.0625655631140773     -101.0107939530249297
     -53.7441213321341209      -73.0433833999782678     -101.0249678444798178
     -53.7181377659375272      -73.0235166020955688     -101.0397106527401547
     -53.6861964356413637      -73.0031927486490986     -101.0548666335504180
     -53.6477301711717871      -72.9826572256412476     -101.0702675044526870
     -53.6021893752845600      -72.9621783790553877     -101.0857288013494752
     -53.5490435018931450      -72.9420528702284514     -101.1010460941520250
     -53.4877824826995294      -72.9226046430980119     -101.1159958108500092
     -53.4179180981264068      -72.9022775208506744     -101.1317103090839851
     -53.3389852886377156      -72.8796780283581143     -101.1492029994682156
     -53.2505434025337010      -72.8548138603304665     -101.1684764628786866
     -53.1521773765657812      -72.8277231663776661     -101.1895114762220658
     -53.0434988454879530      -72.7984756704277203     -101.2122663277825438
     -52.9241471763768203      -72.7671733807507621     -101.2366764410406432
     -52.7937904236154338      -72.7339508443650260     -101.2626543408959776
     -52.6521262001248971      -72.6989749040493223     -101.2900899886727899
     -52.4988824601152473      -72.6624439234877713     -101.3188515058816108
     -52.3338181883312288      -72.6245864650342412     -101.3487863139184100
     -52.1567239905870252      -72.5856594472793688     -101.3797227548867284
     -51.9674225786242374      -72.5459456508909000     -101.4114720133529630
     -51.7657691432947260      -72.5057506529155091     -101.4438304279934897
     -51.5516516090430272      -72.4653992291964784     -101.4765821985426584
     -51.3249907614769612      -72.4252312632260669     -101.5095024630245746
     -51.0857402387987776      -72.3855972411059980     -101.5423607485311521
     -50.8338863770666833      -72.3468532273185048     -101.5749245087451129
     -50.5694478948409056      -72.3093555406632760     -101.6069628843740276
     -50.2924753908572271      -72.2734550098986119     -101.6382503131830504
     -50.0030506322680424      -72.2394910419611165     -101.6685700762679545
     -49.7012856128619305      -72.2077862493873823     -101.6977185517645665
     -49.3873213577575214      -72.1786409254497698     -101.7255088531953220
     -49.0613279762360008      -72.1523275207519390     -101.7517739698791104
     -48.7235068441140342      -72.1290854181930570     -101.7763705306227706
     -48.3740926663816353      -72.1091151482331867     -101.7991821971484399
     -48.0133555528241089      -72.0925723154516760     -101.8201229071225953
     -47.6416026090780491      -72.0795621013446208     -101.8391410361990381
     -47.2591783545785233      -72.0701332154719410     -101.8562224726755261
     -46.8664637820784904      -72.0642727542822570     -101.8713940519518104
     -46.4638742553018318      -72.0619017691860506     -101.8847264397147683
     -46.0518566661244932      -72.0628714654462499     -101.8963358517977866
     -45.6308862988590320      -72.0669612347237631     -101.9063859904108682
     -45.2014631879435385      -72.0738770971287011     -101.9150879512079797
     -44.7641069644955181      -72.0832534173157597     -101.9226998824888000
     -44.3193556006236520      -72.0948053349487310     -101.9294183166966690
     -43.8677677339883445      -72.1085372248181926     -101.9352310904253613
     -43.4099193557957079      -72.1244801137331137     -101.9401022807275012
     -42.9464019043780496      -72.1426492373410184     -101.9440026444870711
     -42.4778206640874316      -72.1630437935500737     -101.9469093183385695
     -42.0047930988925273      -72.1856472751171054     -101.9488060575869781
     -41.5279471408432883      -72.2104275826056892     -101.9496828761194536
     -41.0479194530714224      -72.2373376937480600     -101.9495361848823194
     -40.5653536877558736      -72.2663160928334776     -101.9483683132195608
     -40.0808987379240449      -72.2972877731146468     -101.9461875766096455
     -39.5952070128101639      -72.3301649602548480     -101.9430077090683398
     -39.1089327123229964      -72.3648483819338395     -101.9388478495927899
     -38.6227301828558041      -72.4012282362167667     -101.9337319220566513
     -38.1372526196964117      -72.4391855616887455     -101.9276885589864889
     -37.6531507839514816      -72.4785931925056133     -101.9207506193149015
     -37.1710713190307658      -72.5193170202853281     -101.9129551433545089
     -36.6916550824624679      -72.5612170476766636     -101.9043429393994558
     -36.2155354620923404      -72.6041486653210058     -101.8949584283049745
     -35.7433367478708917      -72.6479637810826944     -101.8848492463568789
     -35.2756724992631803      -72.6925120632657098     -101.8740659960820807
     -34.8131439679161971      -72.7376420721161310     -101.8626618493263152
     -34.3563385278263809      -72.7832024265880051     -101.8506922292963708
     -33.9058281631195371      -72.8290428735927549     -101.8382144046663171
     -33.4621679694906149      -72.8750153404807861     -101.8252871268626762
     -33.0258947252973556      -72.9209748983265200     -101.8119702254674621
     -32.5975254693032639      -72.9667806494754814     -101.7983241953066624
     -32.1775561760750008      -73.0122965641563724     -101.7844098225517229
     -31.7664604155761623      -73.0573921744026933     -101.7702877324804831
     -31.3646881315770401      -73.1019432931100681     -101.7560180949798792
     -30.9726643559998465      -73.1458324907632544     -101.7416600971429688
     -30.5907881437457618      -73.1889496901071084     -101.7272717081734186
     -30.2194314858150683      -73.2311924577878557     -101.7129091808605494
     -29.8589383549427794      -73.2724663614271634     -101.6986268045880877
     -29.5096237965250978      -73.3126851774124617     -101.6844766078632603
     -29.1717730547710374      -73.3517709364916186     -101.6705079875968067
     -28.8456408453838833      -73.3896540839704414     -101.6567676418071358
     -28.5314506256884322      -73.4262733486164620     -101.6432992337176984
     -28.2293939777615996      -73.4615756522562435     -101.6301432375805405
     -27.9396300978568597      -73.4955160401387673     -101.6173369265744242
     -27.6622853117017158      -73.5280573801872350     -101.6049141420620288
     -27.3974527072610883      -73.5591701279698356     -101.5929052424286994
     -27.1451918735431477      -73.5888321252675439     -101.5813371736060731
     -26.9055286895879604      -73.6170282335993988     -101.5702333740185708
     -26.6784552161225896      -73.6437499954820112     -101.5596137679213626
     -26.4639296917793700      -73.6689953348434443     -101.5494948506461981
     -26.2618766256021807      -73.6927682465847056     -101.5398897874104307
     -26.0721869672951883      -73.7150784081706405     -101.5308084279386094
     -25.8947183717174916      -73.7359408428125533     -101.5222574010034293
     -25.7292955559391032      -73.7553756002957641     -101.5142402293429598
     -25.5757107508307122      -73.7734074619260127     -101.5067574672550137
     -25.4337242399320900      -73.7900656428987958     -101.4998068191526670
     -25.3030649844514954      -73.8053834950961232     -101.4933832395797424
     -25.1834313403769308      -73.8193982477824164     -101.4874790637985029
     -25.0744918613864165      -73.8321507665557846     -101.4820841406506418
     -24.9758861849364173      -73.8436853288510093     -101.4771859652506265
     -24.8872259989789626      -73.8540494150433631     -101.4727698111613421
     -24.8080960866543769      -73.8632935141423701     -101.4688188625390808
     -24.7380554461477971      -73.8714709428551686     -101.4653143471750667
     -24.6766389602636274      -73.8786484287755201     -101.4622278121662049
     -24.6235635679485227      -73.8895102140556190     -101.4561610612125975
     -24.5784081211394252      -73.9061335002213013     -101.4456162452139978
     -24.5405511063554158      -73.9265586268245585     -101.4320409626378279
     -24.5093747561199251      -73.9493436215454238     -101.4165060605544397
     -24.4842581447969856      -73.9733754568171946     -101.3998436313392375
     -24.4645741151355622      -73.9977661902719746     -101.3827227977312049
     -24.4496880354081085      -74.0217892134073452     -101.3656961142359449
     -24.4389574752127672      -74.0448352506797534     -101.3492315122342688
     -24.4317322945594206      -74.0663768742672772     -101.3337380282575140
     -24.4273547578898018      -74.0859329269180620     -101.3195916292986851
     -24.4251591859550068      -74.1030220321995756     -101.3071690724804057
     -24.4244703350636279      -74.1170871182620914     -101.2969030558376460
     -24.4246481791456880      -74.1284604665449507     -101.2885742981461306
