  -68.514382439271373        37.459642142768658        49.938630168149629     
  -66.990382439271372        37.371628098642041        49.821295870547431     
  -65.466382439271371        37.283614054515425        49.703961572945232     
  -63.942382439271370        37.195600010388809        49.586627275343034     
  -57.836391848064984        36.842966857284374        49.116520899237507     
  -57.828091144137645        36.842487475052259        49.115881819667351     
  -57.816167848838937        36.841799166530237        49.114964213872042     
  -57.799986667346474        36.840865597934453        49.113719644139053     
  -57.778923910559236        36.839651320428075        49.112100852508675     
  -57.752369215483746        36.838121936421317        49.110061982480836     
  -57.719727233544006        36.836244271680037        49.107558808482274     
  -57.680419281578544        36.833986552358489        49.104548971946180     
  -57.633884950319100        36.831318586054508        49.100992222874957     
  -57.579583665201227        36.828211945953718        49.096850665798918     
  -57.516996194443841        36.824640130699613        49.092088973966433     
  -57.445626099455389        36.820571104567492        49.086664446658418     
  -57.365001122786047        36.815973228198757        49.080534920107070     
  -57.274674509054407        36.810821209939881        49.073666709872178     
  -57.174226254542880        36.805091646223943        49.066028680887598     
  -57.063264281488991        36.798763225092600        49.057592545384281     
  -56.941425533820762        36.791816937345295        49.048333188992494     
  -56.808377007322299        36.784236164691841        49.038228860709701     
  -56.663816698269365        36.776006738597566        49.027261365637941     
  -56.507474438736828        36.767117187228280        49.015416569814221     
  -56.339112658108824        36.757558840834143        49.002684804220223     
  -56.158527060006264        36.747325856122956        48.989061284252145     
  -55.965547214517628        36.736415139190825        48.974546564275279     
  -55.760037065238997        36.724826104179655        48.959147004484336     
  -55.541895360911482        36.712560263002707        48.942875322458434     
  -55.311056020578064        36.699620608706496        48.925751280202419     
  -55.067488435153379        36.686010672055524        48.907802474855707     
  -54.811197744728560        36.671732966871865        48.889065018789488     
  -54.542225089540921        36.656786886355690        48.869584404745162     
  -54.260647790687209        36.641166501390757        48.849417435689155     
  -53.966579582961330        36.624857254415815        48.828634249218801     
  -53.660170949977292        36.607831215004417        48.807320500593072     
  -53.341609507365057        36.590041552637686        48.785581262183456     
  -53.011120452048715        36.571415952481338        48.763545453949170     
  -52.668966712224240        36.551851167896196        48.741367923368209     
  -52.315448404552377        36.531211536982731        48.719230235182863     
  -51.950901715673517        36.509330518070215        48.697338551652095     
  -51.575697212127558        36.486015188327215        48.675918160095364     
  -51.190237483443227        36.461054577111838        48.655207124010843     
  -50.794954581593210        36.434228681174552        48.635447436534001     
  -50.390307244142079        36.405318441239942        48.616876786664228     
  -49.976778167821593        36.374115024482940        48.599720803881894     
  -49.554871454549222        36.340427641015800        48.584185808045660     
  -49.125110129965719        36.304090606015926        48.570453746077646     
  -48.688034271457582        36.264966344847828        48.558678724310155     
  -48.244199520225095        36.222948331842794        48.548991146650060     
  -47.794175767509607        36.177963751106510        48.541502444851105     
  -47.338545638170508        36.129968470755941        48.536299459807609     
  -46.877903068639014        36.078945382147737        48.533443414510792     
  -46.412851762123189        36.024903854276808        48.532970743332854     
  -45.944003748613511        35.967878635864380        48.534893726745771     
  -45.471977873593268        35.907928790820620        48.539201748516703     
  -44.997398386860922        35.845136171487447        48.545862554069807     
  -44.520893469955574        35.779603934678377        48.554824140425872     
  -44.043093838104106        35.711454819888267        48.566016895752618     
  -43.564631395433928        35.640828562404550        48.579355065000733     
  -43.086137983620432        35.567878927136476        48.594738055113154     
  -42.608243977553521        35.492771779220114        48.612053431966451     
  -42.131576900846547        35.415683209961003        48.631179515279278     
  -41.656759889595584        35.336798379993020        48.651987187478923     
  -41.184410154660654        35.256310618780994        48.674341428982558     
  -40.715137463359312        35.174420199862958        48.698102430031746     
  -40.249542661108336        35.091333161629450        48.723126801357239     
  -39.788216190348415        35.007260145759055        48.749268820330549     
  -39.331736656590643        34.922415234613958        48.776381678667029     
  -38.880669409319125        34.837014731239769        48.804318612566405     
  -38.435565173383750        34.751275967789915        48.832934032080836     
  -37.996958699771930        34.665416078116003        48.862084521952106     
  -37.565367473016629        34.579650828472523        48.891629842727916     
  -37.141290443891037        34.494193399008850        48.921433749710822     
  -36.725206824264930        34.409253269206360        48.951364835812292     
  -36.317574912461851        34.325035051213256        48.981297162318306     
  -35.918830983339753        34.241737462194543        49.011110924948561     
  -35.529388222214287        34.159552246023345        49.040692927474289     
  -35.149635733689593        34.078663107940145        49.069937069908086     
  -34.779937614190622        33.999244693008350        49.098744821433485     
  -34.420632062267210        33.921461643191890        49.127025502062949     
  -34.072030559715266        33.845467885910637        49.154696588981253     
  -33.734417091258351        33.771405925396991        49.181683718642553     
  -33.408047444241710        33.699406238143347        49.207920535386592     
  -33.093148555901031        33.629586928361846        49.233348632528042     
  -32.789917880320388        33.562053676088524        49.257917660236288     
  -32.498522810151279        33.496900119174278        49.281585829140440     
  -32.219100225532351        33.434207742228935        49.304319509096239     
  -31.951756160184427        33.374045344418469        49.326091976381917     
  -31.696565491933317        33.316469128615793        49.346882909025176     
  -31.453571696748345        33.261522988729709        49.366678046370254     
  -31.222786686739152        33.209238787479194        49.385468725274485     
  -31.004190723544159        33.159636717310370        49.403251457463995     
  -30.797732407725761        33.112725739492504        49.420027568436737     
  -30.603328751629721        33.068504036816421        49.435802814932863     
  -30.420865334996392        33.026959482109241        49.450586970243570     
  -30.250196541496049        32.988070134869645        49.464393445439633     
  -30.091145879470172        32.951804738410225        49.477238955438644     
  -29.943506386941138        32.918123210405469        49.489143231883098     
  -29.807041124533658        32.886977091838304        49.500128737844811     
  -29.681483754366635        32.858309959884565        49.510220394642239     
  -29.566539199898273        32.832057830129280        49.519445360551607     
  -29.461884385624440        32.808149543789376        49.527832853286384     
  -29.367169055889839        32.786507131890190        49.535413999149554     
  -29.282016670381278        32.767046159229423        49.542221705597250     
  -29.206025373423437        32.749676052799607        49.548290554336489     
  -29.138769034026385        32.734300419397492        49.553656710473405     
  -29.079798353860877        32.720817387880082        49.558357886141003     
  -29.028641956769501        32.709134297428619        49.562453779545635     
  -28.984807761695787        32.699143527650733        49.565991100123377     
  -28.947784291413136        32.690719498975625        49.568998726197343     
  -28.917041926268350        32.683734659883406        49.571509967828383     
  -28.892034299802891        32.678059499839655        49.573562040060622     
  -28.872199741159399        32.673562583047847        49.575195544991722     
  -28.856962760674993        32.670110607073909        49.576453969322991     
  -28.845735574966820        32.667568489829392        49.577383203816446     
  -28.837919667704050        32.665799487921916        49.578031090686594     
  -28.832907382143961        32.664665348939451        49.578447004432419     
  -28.830083541393908        32.664026499792612        49.578681471002774     
  -28.828827092249853        32.663742272777363        49.578785829512803     
  -22.732512768358959        31.284667574447361        50.085135236904719     
  -21.208512768358958        30.939916676020339        50.211716061951940     
  -19.684512768358957        30.595165777593316        50.338296886999160     
  -18.160512768358956        30.250414879166293        50.464877712046381     
