     -24.9164502034993163       65.8836842079587086       90.8588480798885598
     -24.9166503812820181       65.8948558803655828       90.8507328814700372
     -24.9177862057105415       65.9086066199867417       90.8406820944369713
     -24.9204941803573092       65.9252167283064097       90.8284480331136166
     -24.9254159822771015       65.9440914786007681       90.8144172864063250
     -24.9331864233055214       65.9647112663979840       90.7989226481715264
     -24.9444325486903118       65.9865575656663594       90.7822970017707718
     -24.9597724442602740       66.0090674478848456       90.7649065415928646
     -24.9798139500310050       66.0315988719043077       90.7471762176980405
     -25.0051534005593581       66.0533960923043679       90.7296151174072065
     -25.0363744886345039       66.0735467130375724       90.7128479189658776
     -25.0740473768874566       66.0909193287198775       90.6976604246001443
     -25.1187282792923767       66.1040617195067881       90.6850736832186470
     -25.1709599953204943       66.1110155392994869       90.6764786189742722
     -25.2312218864767992       66.1137817895879181       90.6703823111743361
     -25.2999437706766628       66.1169167878517783       90.6634290231898632
     -25.3775816842351212       66.1204487095351396       90.6555610373051906
     -25.4645674946037914       66.1243933454568520       90.6467300657824779
     -25.5613075973988764       66.1287645072754060       90.6368896650370743
     -25.6681817974490158       66.1335738795873880       90.6259953434163776
     -25.7855422623172537       66.1388308697681140       90.6140046796840437
     -25.9137125529597299       66.1445424636286532       90.6008774645448227
     -26.0529867355481244       66.1507130930337723       90.5865758743599372
     -26.2036285687424062       66.1573444757580944       90.5710646227470306
     -26.3658707760535975       66.1644354632799718       90.5543111383712898
     -26.5399144045910163       66.1719818932939745       90.5362857630790643
     -26.7259282715705524       66.1799764455598307       90.5169619661831746
     -26.9240485079412331       66.1884085345361655       90.4963166174297555
     -27.1343782000595226       66.1972642387895860       90.4743303143887516
     -27.3569870990660213       66.2065261412878385       90.4509875869747617
     -27.5919114290806000       66.2161732172731377       90.4262771588480376
     -27.8391537995087823       66.2261807752969389       90.4001922651056873
     -28.0986832417172536       66.2365205231225644       90.3727311174110497
     -28.3704352859236550       66.2471604624414141       90.3438971043297840
     -28.6543121393089280       66.2580648361729061       90.3136990237839541
     -28.9501830111746905       66.2691942809925649       90.2821515461359354
     -29.2578845078761525       66.2805059404589940       90.2492755643677782
     -29.5772210555474864       66.2919534107838757       90.2150982479470969
     -29.9079655111725025       66.3034870170717454       90.1796534691410443
     -30.2498598383536859       66.3150540643112976       90.1429821076831388
     -30.6026157760023061       66.3265988629710108       90.1051319538200488
     -30.9659157488124031       66.3380632154617444       90.0661581354439988
     -31.3394137367105046       66.3493866370566963       90.0261230748227206
     -31.7227362304933358       66.3605066232651666       89.9850963945620776
     -32.1154833820619316       66.3713592469467955       89.9431551529564928
     -32.5172300172510944       66.3818793148883799       89.9003833617202162
     -32.9275269478144494       66.3920010400880329       89.8568720836811679
     -33.3459021638323705       66.4016583507256968       89.8127189272527175
     -33.7718622072840020       66.4107854424819664       89.7680277672447033
     -34.2048935428420222       66.4193172732629336       89.7229082838065182
     -34.6444639574332811       66.4271900002028133       89.6774753256598274
     -35.0900240793336948       66.4343415714011059       89.6318483937217394
     -35.5410088204361472       66.4407121157264555       89.5861507741412026
     -35.9968389943430438       66.4462445424190236       89.5405088891860999
     -36.4569228081509635       66.4508849090824896       89.4950512842163732
     -36.9206575390899943       66.4545829674044199       89.4499078181856646
     -37.3874310747310332       66.4572925192052963       89.4052085787211723
     -37.8566236186944138       66.4589718764412680       89.3610829347040578
     -38.3276092713574386       66.4595841946315886       89.3176584337547297
     -38.7997577427402334       66.4590978325879718       89.2750597686961953
     -39.2724359625400226       66.4574866456194258       89.2334077064278546
     -39.7450097753013765       66.4547302451156838       89.1928180406971194
     -40.2168454674345881       66.4508142479602100       89.1534005922528650
     -40.6873113462574807       66.4457304934969244       89.1152582013475012
     -41.1557793493072523       66.4394772514166760       89.0784858042131873
     -41.6216266959890078       66.4320593616886441       89.0431695593045305
     -42.0842374976751969       66.4234883395006079       89.0093860844530553
     -42.5430043808042981       66.4137824274974520       88.9772017948669998
     -42.9973300703055585       66.4029665952754442       88.9466723532242725
     -43.4466289694976453       66.3910724887854400       88.9178422439808571
     -43.8903286963397363       66.3781383494986272       88.8907445039654647
     -44.3278715954079985       66.3642088245892410       88.8654005057960887
     -44.7587162017875855       66.3493348606106963       88.8418200498364854
     -45.1823387436190416       66.3335327372715113       88.8200315699401699
     -45.5982349636177275       66.3165339382444046       88.8002693892518238
     -46.0059205298530429       66.2979838380039155       88.7828247630968406
     -46.4049323155597264       66.2775880517645959       88.7679375287422090
     -46.7948304931409282       66.2551135965548212       88.7557943193593957
     -47.1752002999421620       66.2303892763256243       88.7465294721927478
     -47.5456535664079141       66.2033042702683474       88.7402255966900952
     -47.9058301705293061       66.1738063870135420       88.7369156331248234
     -48.2553992620317445       66.1418994454300702       88.7365855102706718
     -48.5940601150172782       66.1076394902097775       88.7391767816710910
     -48.9215426734337839       66.0711312349675381       88.7445908341741045
     -49.2376077025624923       66.0325233227048614       88.7526924941866753
     -49.5420467854266064       65.9920034894819167       88.7633142393327716
     -49.8346822957014410       65.9497937944059203       88.7762610410225648
     -50.1153672353781801       65.9061450993458919       88.7913145392465992
     -50.3839855364963469       65.8613316818425147       88.8082376222834000
     -50.6404526160141799       65.8156459258023574       88.8267793392193568
     -50.8847157786397020       65.7693926195819643       88.8466793329788374
     -51.1167544907960831       65.7228832670096637       88.8676721159234830
     -51.3365805679054859       65.6764309016510737       88.8894916479508623
     -51.5442382370645475       65.6303449404680634       88.9118754101941562
     -51.7398040896565234       65.5849262763998695       88.9345680837362949
     -51.9233869316029768       65.5404627289711073       88.9573248581406091
     -52.0951275479849372       65.4972250882862141       88.9799145772508808
     -52.2551983660953780       65.4554635542855294       89.0021223667590391
     -52.4038030241624284       65.4154046655417005       89.0237518084165629
     -52.5411758500828512       65.3772487625387697       89.0446266838147693
     -52.6675812508449965       65.3411679694890353       89.0645922518583149
     -52.7833130220039735       65.3073047887978930       89.0835161968629166
     -52.8886935751538658       65.2757712311089477       89.1012891727329190
     -52.9840730836495339       65.2466484258503527       89.1178249177485640
     -53.0698285520048429       65.2199867198186354       89.1330600173544383
     -53.1463628119003175       65.1958062275144954       89.1469533478675373
     -53.2141034477706754       65.1740977896230191       89.1594852366574742
     -53.2735016550473262       65.1534984638548167       89.1716251113283249
     -53.3250310342234712       65.1324866326560823       89.1844565137143661
     -53.3691863240760611       65.1113567454512037       89.1977353328539095
     -53.4064820774414031       65.0903773223298288       89.2112368004876402
     -53.4374512830933597       65.0697898810869191       89.2247561786184207
     -53.4626439374858364       65.0498140363091579       89.2381049408021596
     -53.4826255700650179       65.0306524071780103       89.2511071001660667
     -53.4979757260986304       65.0124959217015714       89.2635952599290761
     -53.5092864110804314       64.9955303077639428       89.2754058146483231
     -53.5171605008480071       64.9799450783696244       89.2863723536174234
     -53.5222101216466655       64.9659475553498851       89.2963154184145083
     -53.5250550044566893       64.9537875251298402       89.3050245494693371
     -53.5263208179763907       64.9438039905253106       89.3122242884261084
     -53.5266374847165807       64.9357338477898338       89.3180767941702953
     -53.5263208179763907       64.9276776149960568       89.3239484328197477
     -53.5250550044566893       64.9177496879498364       89.3312246590951133
     -53.5222101216466655       64.9057146650882970       89.3401057357981045
     -53.5171605008480071       64.8919391331826745       89.3503541458681951
     -53.5092864110804385       64.8767003323123532       89.3617971918031060
     -53.4979757260986872       64.8602329155568356       89.3742930088815370
     -53.4826255700653874       64.8427536316627595       89.3877126487304423
     -53.4626439374878615       64.8244753934426399       89.4019298983470065
     -53.4374512831023338       64.8056163240692200       89.4168147674706830
     -53.4064820774754452       64.7864063238927343       89.4322287940489815
     -53.3691863241897053       64.7670924633400773       89.4480212167236459
     -53.3250310345647236       64.7479439895703308       89.4640254388334029
     -53.2735016559831607       64.7292575316910757       89.4800553557196565
     -53.2141034501429999       64.7113561157478188       89.4959061633388160
     -53.1463628175544756       64.6927397168092000       89.5126911043669793
     -53.0698285648328465       64.6720658002540603       89.5314076780014432
     -52.9840731114918313       64.6493502533991773       89.5520706652942806
     -52.8886936332013633       64.6246383964266755       89.5746736174261429
     -52.7833131386547052       64.5980060758700319       89.5991882035704208
     -52.6675814774621145       64.5695603618286356       89.6255638599631936
     -52.5411762767656398       64.5394398012702908       89.6537277709180387
     -52.4038038045244505       64.5078141843856230       89.6835852064689334
     -52.2551997551807048       64.4748837519620253       89.7150201860499692
     -52.0951299588784380       64.4408778500102812       89.7478965290700472
     -51.9233910180365328       64.4060530774349047       89.7820593895055907
     -51.7398108640071044       64.3706908237408584       89.8173371438408736
     -51.5442492356155668       64.3350942236694863       89.8535436600082704
     -51.3365980781464515       64.2995845178360241       89.8904808993525108
     -51.1167818589522298       64.2644967829039615       89.9279417442933919
     -50.8847578197128811       64.2301753034473819       89.9657133528191650
     -50.6405161536895960       64.1969684544958596       90.0035807558832772
     -50.3840801068871897       64.1652230998323461       90.0413305818750445
     -50.1155059977562019       64.1352784528623090       90.0787546912156927
     -49.8348832069316146       64.1074600101571122       90.1156544197315696
     -49.5423341162189885       64.0820732521691951       90.1518448349851838
     -49.2380139702639070       64.0593969046888247       90.1871585382586005
     -48.9221103534051451       64.0396764369335472       90.2214497187493265
     -48.5948420817579816       64.0231180733103855       90.2545984107173211
     -48.2564579637034257       64.0098826428579599       90.2865136721070627
     -47.9072354811360483       64.0000802628197647       90.3171368497734051
     -47.5474795122546894       63.9937658960080924       90.3464447557403929
     -47.1775211619850268       63.9909349085740402       90.3744513613195579
     -46.7977168991266410       63.9915201582425723       90.4012100699061421
     -46.4084478387520747       63.9953894434669550       90.4268148450094600
     -46.0101191055721799       64.0023437181325363       90.4514006853188590
     -45.6031592455616561       64.0121167452698359       90.4751443082799369
     -45.1880195972442849       64.0243748486880264       90.4982630690435883
     -44.7651740460009435       64.0387191799265167       90.5210141010716143
     -44.3351177053818901       64.0548339355338499       90.5435885324549048
     -43.8983647444197871       64.0726893633794106       90.5659685503429728
     -43.4554474571079297       64.0922864388996629       90.5881075638950080
     -43.0069149632011403       64.1136154330984738       90.6099598331253446
     -42.5533317806314955       64.1366557608212560       90.6314805940638024
     -42.0952763628010374       64.1613760339154595       90.6526263109479657
     -41.6333396175570911       64.1877342176454562       90.6733549150242339
     -41.1681233787910799       64.2156778796582159       90.6936260185937471
     -40.7002388663422110       64.2451445910644168       90.7134011931406832
     -40.2303050960982702       64.2760623909157971       90.7326441920620539
     -39.7589472868005274       64.3083503812521400       90.7513212200120449
     -39.2867952142239929       64.3419193902738868       90.7694011690747260
     -38.8144815697587404       64.3766727235690439       90.7868558585619496
     -38.3426401733638684       64.4125069987480998       90.8036602560784729
     -37.8719042359256832       64.4493130667057414       90.8197926519768259
     -37.4029046368387768       64.4869769812329992       90.8352347906068758
     -36.9362682888191358       64.5253810116957141       90.8499719953308187
     -36.4726164064346179       64.5644046322046137       90.8639932116921756
     -36.0125628904686295       64.6039255707615894       90.8772911034881332
     -35.5567125968181585       64.6438207517510506       90.8898619842342157
     -35.1056597539231703       64.6839673328302354       90.9017058836803074
     -34.6599862567581383       64.7242435500006792       90.9128263628255127
     -34.2202601273867870       64.7645296895929050       90.9232305408336856
     -33.7870338667265173       64.8047088083408340       90.9329288155142024
     -33.3608429613974522       64.8446675743974339       90.9419348140548607
     -32.9422043364020922       64.8842968724999167       90.9502650842923117
     -32.5316149042130291       64.9234924439567891       90.9579389163300505
     -32.1295501688664729       64.9621554238542842       90.9649781093423542
     -31.7364628150602712       65.0001926845439471       90.9714065639911098
     -31.3527815105251335       65.0375173561793929       90.9772502300388908
     -30.9789095538818522       65.0740488637864019       90.9825364838726927
     -30.6152238206159062       65.1097133724451140       90.9872941775566488
     -30.2620735844730220       65.1444437144685367       90.9915530621760382
     -29.9197795229585957       65.1781795026990523       90.9953435688643566
     -29.5886328311243716       65.2108672322187886       90.9986966673374695
     -29.2688942881848249       65.2424599986941303       91.0016432789198859
     -28.9607935710210072       65.2729175814845917       91.0042142833044352
     -28.6645285743184921       65.3022062479924017       91.0064402143152904
     -28.3802647898713296       65.3302984301836034       91.0083508491818094
     -28.1081348803743118       65.3571726653542129       91.0099752303596290
     -27.8482382902021683       65.3828133307067958       91.0113414563426915
     -27.6006409225684024       65.4072102676042135       91.0124763678622770
     -27.3653749671198909       65.4303585675709485       91.0134055005241862
     -27.1424388337763780       65.4522583858542220       91.0141531091584852
     -26.9317971271001753       65.4729145542248432       91.0147419392035602
     -26.7333807422235985       65.4923362922075256       91.0151931543557424
     -26.5470870646742192       65.5105369598651066       91.0155263336783662
     -26.3727802744340920       65.5275338518088688       91.0157595330396276
     -26.2102917191984162       65.5433479037807558       91.0159092284650484
     -26.0594203836207399       65.5580034315445204       91.0159903036294793
     -25.9199334556796757       65.5715279149790717       91.0160160956841509
     -25.7915669800505825       65.5839517944818766       91.0159984507942141
     -25.6740265969359527       65.5953082826369354       91.0159477912954600
     -25.5669883653161492       65.6056331970687694       91.0158732011565661
     -25.4700996609249728       65.6149647795505757       91.0157824803676760
     -25.3829801541255939       65.6233435383426666       91.0156822192020343
     -25.3052228642483890       65.6308121102074153       91.0155778874963772
     -25.2363952855038711       65.6374151323113466       91.0154739258612580
     -25.1760404664077519       65.6432097129903127       91.0153662074174008
     -25.1236291357224530       65.6527976426685314       91.0119761424051319
     -25.0786381006623067       65.6682140253165727       91.0038729036262595
     -25.0405668935921355       65.6875194651689327       90.9924891863595775
     -25.0088906091093293       65.7092834565995787       90.9788922008356735
     -24.9830633984545258       65.7323987421487885       90.9639177994269801
     -24.9625211027574530       65.7559791839488952       90.9482441060666105
     -24.9466834992528064       65.7792970921851321       90.9324365695429009
     -24.9349563736070543       65.8017399801946681       90.9169789560896220
     -24.9267335339300153       65.8227756919661715       90.9022982934203725
     -24.9213988539015183       65.8419174319428748       90.8887899057764486
     -24.9183284560500518       65.8586780476190512       90.8768502578052164
     -24.9168932237184286       65.8724957752633600       90.8669304969210287
     -24.9164502034993163       65.8836842079587086       90.8588480798885598
