     -28.1103435725991453       40.3154785733769927       58.5866296210186022
     -28.1085501562310291       40.3268195258235451       58.5788407773546425
     -28.1072251692731072       40.3409087377084816       58.5691514581473243
     -28.1069501415048002       40.3581230996374600       58.5572935108073693
     -28.1084677733021238       40.3779542542496657       58.5436064906864857
     -28.1125005839218538       40.3999689320026931       58.5283787166619831
     -28.1197632390733894       40.4237339097562014       58.5118990665901748
     -28.1309695012075629       40.4487698702475029       58.4944890204851333
     -28.1468371712941483       40.4745161780212257       58.4765272988410914
     -28.1680930408728933       40.5002958062792473       58.4584744915051928
     -28.1954794612748287       40.5252718538708976       58.4409035647561055
     -28.2297646259044832       40.5483844826369904       58.4245439364385462
     -28.2717603593667270       40.5682480387665194       58.4103530571325891
     -28.3223557512847783       40.5829638521931528       58.3996461536310747
     -28.3816696085503111       40.5946288096822485       58.3909692956030497
     -28.4493149056574630       40.6079160684978930       58.3810777115045951
     -28.5257396985127230       40.6229230282399811       58.3698964023957814
     -28.6113704143056857       40.6397313224995642       58.3573609092131989
     -28.7066087372774383       40.6584171461002128       58.3434101058044519
     -28.8118305705861175       40.6790509186932780       58.3279863842081525
     -28.9273850786700208       40.7016969345682327       58.3110358509910256
     -29.0535938131038911       40.7264129952180198       58.2925085379343955
     -29.1907499247378404       40.7532500219827156       58.2723586298986191
     -29.3391174647242927       40.7822516476228571       58.2505447127498996
     -29.4989307757486685       40.8134538119824413       58.2270300793677293
     -29.6703939763953954       40.8468843384581746       58.2017830598726462
     -29.8536805419621665       40.8825624452715317       58.1747773076458827
     -30.0489329795523510       40.9204982627677722       58.1459921375134883
     -30.2562625980461348       40.9606923423055775       58.1154128873461673
     -30.4757493618588136       41.0031352138235334       58.0830313737965511
     -30.7074417915432250       41.0478069841343967       58.0488464020531154
     -30.9513569642019490       41.0946768190559197       58.0128640559486897
     -31.2074806161771647       41.1437025195197705       57.9750980665575852
     -31.4757673234397437       41.1948302414652829       57.9355703195900205
     -31.7561407536598068       41.2479942785030786       57.8943113626927897
     -32.0484939828790445       41.3031166889692685       57.8513605817513650
     -32.3526898760051367       41.3601071549856485       57.8067665670678466
     -32.6685615282590831       41.4188631029055330       57.7605876817270598
     -32.9959127435062101       41.4792695659090214       57.7128920805445844
     -33.3345185681834124       41.5411994290941777       57.6637580518932182
     -33.6841258822128680       41.6045142130142622       57.6132748693149637
     -34.0444539777030499       41.6690639967916141       57.5615421894614130
     -34.4151952071764740       41.7346879481155284       57.5086700230549894
     -34.7960156508659182       41.8012150369189754       57.4547786709433694
     -35.1865557741895074       41.8684646815836103       57.3999982681512932
     -35.5864311804611475       41.9362480946886862       57.3444689822239013
     -35.9952333640638642       42.0043690171207373       57.2883400597892418
     -36.4125308055331587       42.0726251279999275       57.2317695847319854
     -36.8378699653082293       42.1408091214497844       57.1749237056203796
     -37.2707762559770615       42.2087099146394777       57.1179758784401130
     -37.7107550665860813       42.2761140695825901       57.0611062055251921
     -38.1572927720863007       42.3428069171916377       57.0045001941691538
     -38.6098578640167887       42.4085741716419946       56.9483480206380364
     -39.0679020145108993       42.4732030506844538       56.8928429917074681
     -39.5308613035288161       42.5364839370859258       56.8381806229990829
     -39.9981573549013589       42.5982115128009795       56.7845569235308716
     -40.4691986548416622       42.6581863644714687       56.7321672541165896
     -40.9433817761878558       42.7162161198335752       56.6812045302701932
     -41.4200927868110469       42.7721169312233442       56.6318578902014380
     -41.8987085765404998       42.8257145717040473       56.5843108809069477
     -42.3785983551365533       42.8768457437054664       56.5387399921099245
     -42.8591249398970859       42.9253591566226760       56.4953129865970283
     -43.3396445815884732       42.9711167988507583       56.4541873633112701
     -43.8195065993475978       43.0139955155177063       56.4155081313570221
     -44.2980546532192818       43.0538889602915447       56.3794055674292878
     -44.7746282617580746       43.0907091764776951       56.3459927519172865
     -45.2485644839526486       43.1243882687675111       56.3153636105422422
     -45.7191997192682251       43.1548800225887561       56.2875913427891277
     -46.1858716080244918       43.1821611863733992       56.2627269264330607
     -46.6479210115798040       43.2062322567918358       56.2407975393517816
     -47.1046940038022868       43.2271183420836493       56.2218056780831219
     -47.5555438318726331       43.2448695562161163       56.2057282635803617
     -47.9998327153761366       43.2595614585070862       56.1925163746931631
     -48.4369351217450230       43.2712543954681692       56.1821262390699161
     -48.8662470285645938       43.2797428729673399       56.1747126174541833
     -49.2871717850901732       43.2847551423729797       56.1704754318367776
     -49.6991211300668283       43.2860995269024045       56.1695468062183849
     -50.1015329949878137       43.2836642752401488       56.1719916942894599
     -50.4938832046156492       43.2774127348551261       56.1778111324259513
     -50.8756954013048244       43.2673775136159193       56.1869484166825472
     -51.2465499376589051       43.2536519365918224       56.1992952562847634
     -51.6060899547586374       43.2363814566032687       56.2147003930794185
     -51.9540228528225541       43.2157538901404195       56.2329776167402287
     -52.2901161899895115       43.1919903099749831       56.2539135192486057
     -52.6141889079879732       43.1653378682179465       56.2772748020152918
     -52.9261005456397484       43.1360634952692408       56.3028128203243270
     -53.2257406303662677       43.1044501123512731       56.3302676689890518
     -53.5130177367217641       43.0707944558518179       56.3593707834680586
     -53.7878575628186937       43.0354052651741057       56.3898460234085306
     -54.0502065892053807       42.9986013078914979       56.4214120924922113
     -54.3000350786755561       42.9607084586223422       56.4537855541358056
     -54.5373393664649413       42.9220557881667801       56.4866837066877210
     -54.7621436109685931       42.8829714202298078       56.5198277727561802
     -54.9745011118239404       42.8437786424631213       56.5529466221809116
     -55.1744952682234384       42.8047917363270827       56.5857799857871981
     -55.3622402270674314       42.7663119291665268       56.6180814155330978
     -55.5378812611794430       42.7286236169440627       56.6496209683624059
     -55.7015949160226356       42.6919909739219605       56.6801875973006659
     -55.8535889433694024       42.6566549709359393       56.7095911510363564
     -55.9941020487108290       42.6228308640676090       56.7376639750437661
     -56.1234034744565093       42.5907061884040132       56.7642621068582685
     -56.2417924379372565       42.5604392184945155       56.7892659928422248
     -56.3495974394376802       42.5321580209633510       56.8125809009620895
     -56.4471754539752624       42.5059601136367107       56.8341370826888408
     -56.5349110202666054       42.4819125015954597       56.8538894330391287
     -56.6132152360981635       42.4600521650222831       56.8718168223868332
     -56.6825246685203794       42.4403869672697951       56.8879211477666189
     -56.7433001861490780       42.4215555000087576       56.9032262108096418
     -56.7960257195502720       42.4020355526672574       56.9188738745897922
     -56.8412069557946253       42.3821425777827159       56.9346359335600312
     -56.8793699717438273       42.3621664490822241       56.9503049850975742
     -56.9110598107998200       42.3423703149957120       56.9656950963091191
     -56.9368390078299456       42.3229956984050801       56.9806378125998449
     -56.9572860666461409       42.3042674065722153       56.9949783150056746
     -56.9729938944492389       42.2863988455023971       57.0085712886020843
     -56.9845681976897254       42.2695985384706248       57.0212759122654873
     -56.9926258438450759       42.2540791726353078       57.0329489922571256
     -56.9977931936642719       42.2400717507422527       57.0434343351467987
     -57.0007044084796419       42.2278505140183142       57.0525441705809726
     -57.0019997372292551       42.2177802491994072       57.0600240355904020
     -57.0023237878677094       42.2096159209374164       57.0660707049637637
     -57.0019997372292551       42.2014441111487173       57.0721072595487513
     -57.0007044084796419       42.1913439455566817       57.0795466996550900
     -56.9977931936642719       42.1790555378151026       57.0885657219899585
     -56.9926258438450759       42.1649289913855441       57.0988900122598722
     -56.9845681976898248       42.1492241324089107       57.1103123113693485
     -56.9729938944502052       42.1321579357521045       57.1226574606379458
     -56.9572860666528129       42.1139295843589210       57.1357640090548671
     -56.9368390078657285       42.0947347735571711       57.1494737925194016
     -56.9110598109580650       42.0747749249807086       57.1636252936295435
     -56.8793699723436603       42.0542638855450832       57.1780488754360903
     -56.8412069577977519       42.0334334337312399       57.1925629094151589
     -56.7960257255650234       42.0125383911358696       57.2069702056382994
     -56.7433002026428923       41.9918619316685380       57.2210543051214842
     -56.6825247103307817       41.9717146076909344       57.2345803814009031
     -56.6132153357455010       41.9505589612743890       57.2486696928826433
     -56.5349112463364492       41.9270174921119150       57.2643243057704225
     -56.4471759446254779       41.9010906683824871       57.2815361616530865
     -56.3495984623348107       41.8728094801237773       57.3002761171586030
     -56.2417944934294667       41.8422365958323041       57.3204933659824363
     -56.1234074674543137       41.8094671166602438       57.3421151890331373
     -55.9941095664547177       41.7746288671807449       57.3650470534419270
     -55.8536026917860013       41.7378820698149227       57.3891729444413059
     -55.7016193873612266       41.6994185633590746       57.4143562319559067
     -55.5379237306839144       41.6594605021812967       57.4404410546690514
     -55.3623122071192739       41.6182583832556929       57.4672540665001748
     -55.1746145851923799       41.5760884292590092       57.4946066244508529
     -54.9746948143513237       41.5332493057439862       57.5222974140199028
     -54.7624519694163254       41.4900581463939631       57.5501154900663821
     -54.5378212832918834       41.4468459218962550       57.5778437859599919
     -54.3007753014597228       41.4039521187459911       57.6052630417904226
     -54.0513252073107040       41.3617186865623054       57.6321560903549184
     -53.7895223853413285       41.3204829903787427       57.6583121366640015
     -53.5154603114810499       41.2805704227147672       57.6835319659695287
     -53.2292769040445179       41.2422863729578282       57.7076337253368834
     -52.9311575436033124       41.2059070158707641       57.7304586569799767
     -52.6213387565459882       41.1716691477742245       57.7518773230030646
     -52.3001062672518202       41.1397600030676571       57.7717968732789373
     -51.9677836224153396       41.1103078844257013       57.7901664610257839
     -51.6247205528703219       41.0833750970940557       57.8069808543498169
     -51.2712805217952337       41.0589542221782011       57.8222833319968217
     -50.9078296741444021       41.0369663278606396       57.8361655340349046
     -50.5347298881323113       41.0172620273244704       57.8487662613842772
     -50.1523370153266370       40.9996245637592907       57.8602695734569323
     -49.7610035726239701       40.9837730405386651       57.8709010954793115
     -49.3610841344788795       40.9693671420629570       57.8809255183730542
     -48.9529418562128811       40.9560111754027503       57.8906427091249896
     -48.5369567873939545       40.9432587473180618       57.9003844541300268
     -48.1135406743144287       40.9306171929850180       57.9105110875676061
     -47.6831353562449323       40.9176981569603271       57.9213043248524286
     -47.2461959611952054       40.9044228214992174       57.9328229936369752
     -46.8031974234281805       40.8907625817100140       57.9450856886312451
     -46.3546348716577370       40.8766970303848822       57.9581011879129875
     -45.9010225655793036       40.8622131777755300       57.9718682864690962
     -45.4428928528827711       40.8473053039756735       57.9863766488246242
     -44.9807952375973130       40.8319741648522765       58.0016069289712775
     -44.5152952971162890       40.8162266865236774       58.0175317994606203
     -44.0469736249106916       40.8000752097259394       58.0341165696235350
     -43.5764245331057509       40.7835367639589492       58.0513200692499680
     -43.1042547476337035       40.7666319712812069       58.0690952115020238
     -42.6310818331156014       40.7493844162337311       58.0873903979280826
     -42.1575324584414233       40.7318197380289320       58.1061506794082518
     -41.6842388885252859       40.7139648172668629       58.1253189219407531
     -41.2118356099350862       40.6958475641119932       58.1448366430473484
     -40.7409573204041209       40.6774968701808533       58.1646443491925993
     -40.2722371733993185       40.6589427335495230       58.1846820808397496
     -39.8063048533083759       40.6402162348411622       58.2048897522714697
     -39.3437847630286939       40.6213496886051431       58.2252077524166154
     -38.8852940658247874       40.6023765247176556       58.2455771717375796
     -38.4314408563950920       40.5833314242103640       58.2659404077612209
     -37.9828222075087325       40.5642500931981047       58.2862412670138141
     -37.5400223696050688       40.5451693874409145       58.3064255855944964
     -37.1036108597443430       40.5261269450561912       58.3264411584606677
     -36.6741407332608276       40.5071613167382836       58.3462383973173218
     -36.2521467548363105       40.4883114440880050       58.3657700622142315
     -35.8381437760088346       40.4696168031503731       58.3849919588154691
     -35.4326250374718654       40.4511167717598070       58.4038625214972811
     -35.0360607538083713       40.4328506967600418       58.4223434075286434
     -34.6488967763290177       40.4148572830426573       58.4403992118926965
     -34.2715531842683347       40.3971743221542781       58.4579977781476003
     -33.9044229039960783       40.3798383446164593       58.4751103333016005
     -33.5478703981544371       40.3628840094275461       58.4917111393997473
     -33.2022305330839202       40.3463440321347733       58.5077778208847690
     -32.8678074987934536       40.3302487494317106       58.5232910637614197
     -32.5448738876632788       40.3146262191180469       58.5382349924707270
     -32.2336698911339141       40.2995021922212118       58.5525972695075296
     -31.9344025843175210       40.2848994941928993       58.5663682502713030
     -31.6472453569745866       40.2708380802112345       58.5795410377697436
     -31.3723374578459762       40.2573350354133694       58.5921113890353453
     -31.1097836464364761       40.2444044230711739       58.6040773413131291
     -30.8596539633899596       40.2320573878551215       58.6154391604491849
     -30.6219836105301297       40.2203023203473151       58.6261993404164770
     -30.3967729350900022       40.2091448062838879       58.6363622609127333
     -30.1839875175108396       40.1985877153454751       58.6459340293554519
     -29.9835583359208044       40.1886313632837400       58.6549224189343761
     -29.7953820114175834       40.1792736967918245       58.6633368129669890
     -29.6193211884494687       40.1705103488335951       58.6711879452721448
     -29.4552050109759911       40.1623347727523097       58.6784877778790701
     -29.3028296836701401       40.1547383833026856       58.6852494184375999
     -29.1619591158200677       40.1477106896158560       58.6914870567261673
     -29.0323256452975045       40.1412394290568457       58.6972159334082022
     -28.9136308431530153       40.1353106371410462       58.7024522451082547
     -28.8055463936401672       40.1299087266551595       58.7072130903982341
     -28.7077150476372260       40.1250165694415344       58.7115164437433847
     -28.6197516473681652       40.1206155685254302       58.7153811348502970
     -28.5412442193344518       40.1166857230281764       58.7188268314623087
     -28.4717551320722144       40.1132056886514974       58.7218740235108925
     -28.4108203163386186       40.1101635496325386       58.7245367084239192
     -28.3570950291382005       40.1121418549736788       58.7236989603095765
     -28.3096973429669525       40.1211239925784540       58.7180141090172825
     -28.2684753005866547       40.1350695752236106       58.7088744833496747
     -28.2331621914908233       40.1524502622044182       58.6973234562481565
     -28.2034131012408160       40.1720624111035818       58.6841841791397627
     -28.1788257089142355       40.1929240779667438       58.6701301670213127
     -28.1589536622951755       40.2142118670540469       58.6557284024022252
     -28.1433163161615880       40.2352174004412291       58.6414689079635565
     -28.1314069209485176       40.2553122435010380       58.6277884888923566
     -28.1227008599032295       40.2739127305354074       58.6150945426879204
     -28.1166659445853817       40.2904339292951335       58.6037963408698843
     -28.1127781284243490       40.3042147634036638       58.5943561378070257
     -28.1103435725991453       40.3154785733769927       58.5866296210186022
