     -27.3814442022069962       47.5448880272542240       67.2638007206008552
     -27.3805213057334598       47.5562300749484734       67.2558343071006988
     -27.3802752004661194       47.5702541953074274       67.2459296191251212
     -27.3813145089639107       47.5872901444836813       67.2338163847391996
     -27.3843410083020515       47.6067807860735925       67.2198460831876332
     -27.3900420651279006       47.6282446748922936       67.2043177788878694
     -27.3990971841348419       47.6512009522317612       67.1875310617337504
     -27.4121813945865682       47.6751231966612892       67.1698187585077164
     -27.4299674615278875       47.6994042051537050       67.1515720441837942
     -27.4531281128750280       47.7233209139947263       67.1332655140285794
     -27.4823392307710890       47.7459908780580449       67.1154882319107315
     -27.5182852434355141       47.7663091111455245       67.0989886081382139
     -27.5616689535797583       47.7828450015254234       67.0847473405597157
     -27.6132307154281946       47.7936546868081464       67.0741097258121641
     -27.6732485434503275       47.8008016535371354       67.0655912173826039
     -27.7416933730211284       47.8089342531360799       67.0558786063301113
     -27.8190184063459149       47.8181147529235915       67.0448972161852055
     -27.9056538835027901       47.8283912691527888       67.0325828698121171
     -28.0020047421463616       47.8398082080605036       67.0188745089131999
     -28.1084495290064531       47.8524060172876489       67.0037143643558437
     -28.2253393889793607       47.8662209274153696       66.9870481357737333
     -28.3529971348949914       47.8812846818108895       66.9688251829001331
     -28.4917164009247443       47.8976242544620021       66.9489987320501996
     -28.6417608843522480       47.9152615795231327       66.9275261332799545
     -28.8033636753864002       47.9342132588359888       66.9043691216846668
     -28.9767266754759412       47.9544902278753753       66.8794940545812437
     -29.1620201096841356       47.9760974284572228       66.8528721893191005
     -29.3593821330185989       47.9990334750625607       66.8244799786148178
     -29.5689185349493791       48.0232903501710808       66.7942994260743461
     -29.7907025398290379       48.0488531619563375       66.7623185391721421
     -30.0247746591247413       48.0756997711974634       66.7285315898419498
     -30.2711426462789781       48.1038004817019527       66.6929394239907651
     -30.5297815626922784       48.1331178271768039       66.6555498621476374
     -30.8006339474948803       48.1636065123857904       66.6163782604241703
     -31.0836100318922561       48.1952131198411706       66.5754476759928622
     -31.3785880463331850       48.2278759476088723       66.5327891265845324
     -31.6854146483785186       48.2615251612014262       66.4884421766129634
     -32.0039053808396545       48.2960827626583011       66.4424551442707809
     -32.3338451831791645       48.3314625313870749       66.3948851268682176
     -32.6749890507593719       48.3675704589741926       66.3457985447065397
     -33.0270626819897686       48.4043049157261152       66.2952711372811336
     -33.3897631861777171       48.4415569159460091       66.2433879040189595
     -33.7627599540573229       48.4792109887923957       66.1902436688898632
     -34.1456954111787567       48.5171453477421437       66.1359424693412308
     -34.5381859568237957       48.5552326777364556       66.0805975695154757
     -34.9398228968512328       48.5933408759843104       66.0243311834167628
     -35.3501734245853854       48.6313337482512296       65.9672739153806305
     -35.7687819130292795       48.6690722083974521       65.9095647266367024
     -36.1951710021044377       48.7064147946003345       65.8513498840260354
     -36.6288429222156040       48.7432189776012947       65.7927828434152531
     -37.0692806131310988       48.7793417772619335       65.7340230485038717
     -37.5159491177764295       48.8146410461454892       65.6752354982653515
     -37.9682968013638913       48.8489762254885136       65.6165894849485909
     -38.4257567949587795       48.8822095422039169       65.5582578284555524
     -38.8877483055068822       48.9142068453175156       65.5004155475700998
     -39.3536781095449513       48.9448387127316238       65.4432388387903501
     -39.8229419361807686       48.9739812918963437       65.3869036659011584
     -40.2949260155545588       49.0015173057477611       65.3315845632431405
     -40.7690085196446219       49.0273368416147122       65.2774531663149133
     -41.2445611676737443       49.0513382343146063       65.2246769116289187
     -41.7209507158145954       49.0734287714305921       65.1734175688060446
     -42.1975405249489839       49.0935254194888628       65.1238298931991721
     -42.6736910753293373       49.1115555765640508       65.0760602313477960
     -43.1487605708340283       49.1274581041534191       65.0302449223332530
     -43.6221063150094110       49.1411844468224857       64.9865086442456743
     -44.0930863798374943       49.1526995332582928       64.9449627019860429
     -44.5610612077386747       49.1619827246681638       64.9057036756913703
     -45.0253953822695223       49.1690283426705435       64.8688118537882588
     -45.4854593445266886       49.1738464734412872       64.8343504065739609
     -45.9406312176348877       49.1764632023636139       64.8023642093616417
     -46.3902985432784334       49.1769211160825890       64.7728794340607408
     -46.8338600285987283       49.1752791101881144       64.7459026398533268
     -47.2707271433382061       49.1716127288735834       64.7214209574657815
     -47.7003265773590357       49.1659731548006462       64.6994322749200848
     -48.1221061537842232       49.1581377170837968       64.6801354033622999
     -48.5355271018766246       49.1478085549418466       64.6637789686220117
     -48.9400651292584072       49.1347586075529605       64.6505511213237014
     -49.3352211866042722       49.1188314954004213       64.6405786108284701
     -49.7205286080464148       49.0999388895430968       64.6339288818117694
     -50.0955591987909514       49.0780564889778930       64.6306135350255317
     -50.4599286481444764       49.0532183205131034       64.6305923385479844
     -50.8133003175794045       49.0255108977991441       64.6337792247898619
     -51.1553862705424152       48.9950659945172120       64.6400476623228002
     -51.4859450812318187       48.9620542154898573       64.6492370415365230
     -51.8047769316758320       48.9266790577703716       64.6611585198252072
     -52.1117175270067250       48.8891713667675134       64.6755995519023941
     -52.4066321792578762       48.8497853903401378       64.6923286840080465
     -52.6894096996249530       48.8087952950196140       64.7110990877762191
     -52.9599615251554852       48.7664917910021245       64.7316512042066563
     -53.2182240752127100       48.7231787272619385       64.7537162928201298
     -53.4641606571811323       48.6791689401711878       64.7770200201837554
     -53.6977628954894541       48.6347795645050027       64.8012858930292737
     -53.9190518135430779       48.5903275035596991       64.8262390773473243
     -54.1280786247801373       48.5461250250253897       64.8516102486470913
     -54.3249252625310177       48.5024753236189241       64.8771390042316511
     -54.5097046890331427       48.4596683279034082       64.9025769957757603
     -54.6825610097366095       48.4179768621648492       64.9276907607992229
     -54.8436694132377269       48.3776532334399363       64.9522642147727538
     -54.9932359520168959       48.3389262618894122       64.9761007305929610
     -55.1314971800458054       48.3019988064415458       64.9990248094962766
     -55.2587196603421731       48.2670458020435049       65.0208833298665496
     -55.3751993521143859       48.2342127724797578       65.0415463175121431
     -55.4812608960989735       48.2036149880341966       65.0609074830373970
     -55.5772568005698346       48.1753371149198699       65.0788843609741861
     -55.6635665337801555       48.1494332872371871       65.0954180171701609
     -55.7405955326264717       48.1259276291866627       65.1104724388967213
     -55.8087741335629559       48.1048151867713401       65.1240336441291277
     -55.8685564310951648       48.0847358790713812       65.1370884239514965
     -55.9204190684764058       48.0641706267686004       65.1507388847401643
     -55.9648599653506338       48.0434185660582926       65.1647443401882782
     -56.0023969862585957       48.0227531586930212       65.1788840442465300
     -56.0335665540823769       48.0024210920490688       65.1929578571087376
     -56.0589222125513160       47.9826473568990721       65.2067823504720252
     -56.0790331417966357       47.9636401347810377       65.2201870618304724
     -56.0944826310167599       47.9455960835686170       65.2330104689418278
     -56.1058665123928577       47.9287068128966212       65.2450951065625020
     -56.1137915604737856       47.9131678593823054       65.2562808673581287
     -56.1188738613325171       47.8991927108287499       65.2663946203133207
     -56.1217371558563158       47.8870374831611301       65.2752320394645693
     -56.1230111616140377       47.8770477352430888       65.2825232239843842
     -56.1233298778000247       47.8689658629579071       65.2884404797308804
     -56.1230111616140377       47.8608919147964471       65.2943685431827845
     -56.1217371558563158       47.8509338481791957       65.3017029378009255
     -56.1188738613325171       47.8388498593836928       65.3106375195872317
     -56.1137915604737856       47.8250012813268839       65.3209239019317351
     -56.1058665123929217       47.8096600077905407       65.3323792782756385
     -56.0944826310173283       47.7930553613249032       65.3448521146013093
     -56.0790331418005081       47.7753988448914555       65.3582040800576465
     -56.0589222125720994       47.7568982606308623       65.3722997943474269
     -56.0335665541743282       47.7377667981221094       65.3870002828155492
     -56.0023969866071951       47.7182296390580518       65.4021582694860228
     -55.9648599665147728       47.6985293860290582       65.4176143469117761
     -55.9204190719720202       47.6789311046278712       65.4331934416585739
     -55.8685564406811395       47.6597275648466479       65.4487011430895222
     -55.8087741578632333       47.6412382747100338       65.4639245523301412
     -55.7405955905433501       47.6219552823513013       65.4799809578867240
     -55.6635666651804186       47.6005284283460455       65.4978706946665454
     -55.5772570857646286       47.5769695449463015       65.5176027002290624
     -55.4812614906912671       47.5513202081681925       65.5391648137696592
     -55.3752005469899871       47.5236528573521042       65.5625231618646751
     -55.2587219816212993       47.4940715168768719       65.5876218546449508
     -55.1315015506269930       47.4627120692488944       65.6143830226887275
     -54.9932439453830852       47.4297419733877206       65.6427071371593911
     -54.8436836418364919       47.3953594317566456       65.6724736939987253
     -54.6825857048493518       47.3597921077803292       65.7035424643180335
     -54.5097465469306428       47.3232951965280719       65.7357550842835821
     -54.3249946531707977       47.2861488735699780       65.7689370471922956
     -54.1281912846669186       47.2486551162973356       65.8029001010467027
     -53.9192311741343104       47.2111338790615420       65.8374450200491879
     -53.6980432335569020       47.1739186584467092       65.8723647792550935
     -53.4645912955105871       47.1373514563816371       65.9074481086583859
     -53.2188749140802599       47.1017771309339324       65.9424833681057692
     -52.9609302529972652       47.0675369855582488       65.9772624847364995
     -52.6908311254953148       47.0349618857728657       66.0115853111243780
     -52.4086902694223369       47.0043650890934046       66.0452646372609706
     -52.1146609478045022       46.9760342847897832       66.0781311570483751
     -51.8089388669415669       46.9502228280872203       66.1100384225454718
     -51.4917607935070976       46.9271412188357502       66.1408687404002791
     -51.1633976631819536       46.9069493478403032       66.1705382812598373
     -50.8241475314924855       46.8897498631519909       66.1990006037867857
     -50.4743281165009918       46.8755839313354699       66.2262500533436196
     -50.1142701599765985       46.8644284070977122       66.2523233098076503
     -49.7443131980803841       46.8561944723398298       66.2772994775055082
     -49.3648043955056934       46.8507282227536948       66.3013001885985034
     -48.9760999031158377       46.8478112646067544       66.3244878425304734
     -48.5785677932223194       46.8471625498284610       66.3470643180888828
     -48.1725915756425991       46.8484404483830517       66.3692689983673318
     -47.7585747009087029       46.8512450490703145       66.3913761990767881
     -47.3369487619080189       46.8551214415491017       66.4136928276031995
     -46.9081720354649150       46.8597087587192433       66.4364522296011586
     -46.4727191681458649       46.8649444502725743       66.4596715634051236
     -46.0310844030943258       46.8708072420650694       66.4833321859369590
     -45.5837812370617002       46.8772755355030668       66.5074096812298450
     -45.1313412009596036       46.8843268629368595       66.5318737971146987
     -44.6743126442682481       46.8919378660215642       66.5566891333576507
     -44.2132595680620497       46.9000839387784154       66.5818153966106081
     -43.7487603487139651       46.9087391300884349       66.6072080824719848
     -43.2814064678153727       46.9178757893228280       66.6328188572118023
     -42.8118010840108383       46.9274644659459952       66.6585963613227506
     -42.3405576143151308       46.9374736978625435       66.6844869072349553
     -41.8682981072380187       46.9478698592657153       66.7104352995376075
     -41.3956515623969636       46.9586170023782969       66.7363856645171865
     -40.9232511482779913       46.9696768025031872       66.7622822259283595
     -40.4517315787207465       46.9810089317977742       66.7880699362399355
     -39.9817271924502577       46.9925714862592443       66.8136947731882742
     -39.5138702869452345       47.0043216075182428       66.8391042635477532
     -39.0487892207941059       47.0162158576070794       66.8642476348455403
     -38.5871067215249965       47.0282108823939922       66.8890763657953755
     -38.1294379525864002       47.0402636924889919       66.9135441900427566
     -37.6763888212533047       47.0523323313691222       66.9376076564959845
     -37.2285540460468169       47.0643760330461376       66.9612259775500860
     -36.7865154920329402       47.0763558580698387       66.9843615789676363
     -36.3508402793028154       47.0882347176031359       67.0069798068299889
     -35.9220791692387849       47.0999779380504222       67.0290494365318636
     -35.5007647629717198       47.1115531753736008       67.0505422936390545
     -35.0874099498645649       47.1229308355596572       67.0714336351816627
     -34.6825062578782095       47.1340839708638981       67.0917018268461476
     -34.2865224131712836       47.1449884412100673       67.1113284466962199
     -33.8999030055785084       47.1556228986666426       67.1302982454107280
     -33.5230670384351797       47.1659684922594309       67.1485988045372864
     -33.1564066692427488       47.1760090181574370       67.1662208343524156
     -32.8002858702982181       47.1857304875372279       67.1831576316063774
     -32.4550393636455539       47.1951213596094306       67.1994054720488805
     -32.1209715490333281       47.2041722355751290       67.2149632228585716
     -31.7983555354677350       47.2128755398635036       67.2298319243543006
     -31.4874323790897606       47.2212256540210475       67.2440150042873199
     -31.1884103215696840       47.2292185436996945       67.2575177594216456
     -30.9014641913528010       47.2368516470735145       67.2703471997916722
     -30.6267349519576655       47.2441239577383385       67.2825121620324751
     -30.3643292887397962       47.2510357166152843       67.2940228598428263
     -30.1143193354465843       47.2575882901699771       67.3048906956522757
     -29.8767425347585025       47.2637842289109145       67.3151283269400125
     -29.6516015747358530       47.2696271310026432       67.3247494548786989
     -29.4388644228760086       47.2751214776926645       67.3337685746122077
     -29.2384644639443643       47.2802725916451436       67.3422009019253522
     -29.0503007330367495       47.2850866594205925       67.3500623806447294
     -28.8742382575233414       47.2895706696672278       67.3573695670425820
     -28.7101084924124095       47.2937323183124079       67.3641394812762258
     -28.5577098526736144       47.2975799789380957       67.3703895671104931
     -28.4168083327499978       47.3011226722643272       67.3761376648475050
     -28.2871382113943852       47.3043700400678162       67.3814020037741841
     -28.1684028393435604       47.3073323210167658       67.3862012089524285
     -28.0602755037926705       47.3100202846810518       67.3905542581295833
     -27.9624003726517891       47.3124451901543281       67.3944804811249156
     -27.8743935141982533       47.3146187510008289       67.3979995729866204
     -27.7958439884364985       47.3165531003846667       67.4011316091748398
     -27.7263150068287274       47.3182607574783702       67.4038970611557744
     -27.6653439794070444       47.3197653305163257       67.4063093421465709
     -27.6119398214436025       47.3256955382192928       67.4051781221116784
     -27.5653749153166103       47.3380772330199022       67.3991227850591059
     -27.5253431279568268       47.3549060459099778       67.3895661310820202
     -27.4914628064521480       47.3746920229072614       67.3775740654356810
     -27.4632989241131114       47.3962717288521347       67.3639870451970779
     -27.4403759698301783       47.4187049082883192       67.3494921657872680
     -27.4221864840780185       47.4412110941915159       67.3346672045635017
     -27.4081974687567858       47.4631258845031354       67.3200108648775597
     -27.3978558980191700       47.4838656938701362       67.3059670822032103
     -27.3905942692710411       47.5028924037311526       67.2929494159143502
     -27.3858373762266361       47.5196671241750508       67.2813730949692967
     -27.3830122812567147       47.5335750456594539       67.2717073526637819
     -27.3814442022069962       47.5448880272542240       67.2638007206008552
