  -63.355702381014069        119.70646034046312       0.10595629508587022     
  -61.831702381014068        119.74126180075029       0.10598709905492530     
  -60.307702381014067        119.77606326103746       0.10601790302398038     
  -58.783702381014066        119.81086472132463       0.10604870699303547     
  -52.678070194137490        119.95029051927717       0.10617211756058553     
  -52.670067157398911        119.95047327345384       0.10617227932259081     
  -52.658571256442535        119.95073617600579       0.10617251202664625     
  -52.642969753942928        119.95109370019117       0.10617282848352923     
  -52.622660967710566        119.95156035590915       0.10617324153626291     
  -52.597055888694854        119.95215074152766       0.10617376410560483     
  -52.565579764356535        119.95287960559600       0.10617440924296641     
  -52.527673643177017        119.95376191725406       0.10617519018795513     
  -52.482795876178415        119.95481294406025       0.10617612042414776     
  -52.430423571444898        119.95604833594457       0.10617721372144456     
  -52.370053997757793        119.95748419338061       0.10617848412430707     
  -52.301205933610063        119.95913104607422       0.10617994046950753     
  -52.223420958003906        119.96099853504650       0.10618159022668802     
  -52.136264679589978        119.96310011607655       0.10618344308647337     
  -52.039327900881716        119.96544944263979       0.10618550671813155     
  -51.932227714453930        119.96806047886180       0.10618778506011010     
  -51.814608528222038        119.97094762519933       0.10619027539566096     
  -51.686143017095105        119.97412585427990       0.10619296354126789     
  -51.546532998500524        119.97761085339410       0.10619581618895388     
  -51.395510228699969        119.98141914306829       0.10619876904410958     
  -51.232837116500328        119.98556812260078       0.10620170889707892     
  -51.058307358373447        119.99007622970839       0.10620444735906852     
  -50.871746488887744        119.99496305948045       0.10620668290877526     
  -50.673012345277080        120.00024944202217       0.10620794705820463     
  -50.461995444704655        120.00595746224103       0.10620752921038398     
  -50.238619268299921        120.01211025455495       0.10620437311404571     
  -50.002840465323459        120.01873200963381       0.10619693640841128     
  -49.754648970193813        120.02584796793134       0.10618300164410638     
  -49.494068026773412        120.03348422048150       0.10615942386991539     
  -49.221154113350323        120.04166710131882       0.10612179528368365     
  -48.935996798077383        120.05042308781321       0.10606400198825755     
  -48.638718508085681        120.05977865337792       0.10597763701924352     
  -48.329474194299110        120.06975948226936       0.10585122149553801     
  -48.008450922670029        120.08038998648887       0.10566928774165674     
  -47.675867391568765        120.09169326619947       0.10541172031839477     
  -47.331973326510656        120.10369009355827       0.10505354372101755     
  -46.977048806166550        120.11639850420558       0.10456518526404658     
  -46.611403510738583        120.12983370061744       0.10391324101584250     
  -46.235375848440960        120.14400686631663       0.10306165753267796     
  -45.849332048914206        120.15892537669686       0.10197315715809355     
  -45.453665150773077        120.17459210124370       0.10061071616058079     
  -45.048793927990943        120.19100500540615        9.8938956157360744E-002
  -44.635161767485442        120.20815728028251        9.6925371943178587E-002
  -44.213235451758869        120.22603650484133        9.4541346490314107E-002
  -43.783503933181542        120.24462529524094        9.1762689684803361E-002
  -43.346477015244446        120.26390273600767        8.8569639989877144E-002
  -42.902684019353607        120.28384802840606        8.4946793936484633E-002
  -42.452672371361501        120.30443603668493        8.0883051764982852E-002
  -41.997006164051214        120.32563718379220        7.6371556173720836E-002
  -41.536264664442655        120.34741707720106        7.1409602473273714E-002
  -41.071040788958356        120.36973703684180        6.5998513360549210E-002
  -40.601939546244701        120.39255395671032        6.0143470679518821E-002
  -40.129576440659115        120.41582089754091        5.3853305492574055E-002
  -39.654575864990754        120.43948711825205        4.7140244840988874E-002
  -39.177569446203677        120.46349875375117        4.0019620295072895E-002
  -38.699194404159634        120.48779898530685        3.2509540359602504E-002
  -38.220091852270549        120.51232877780429        2.4630533691472629E-002
  -37.740905137723253        120.53702716650025        1.6405169651568855E-002
  -37.262278110031801        120.56183200505401        7.8577126115732081E-003
  -36.784853454364445        120.58668035397766       -9.8610602181943845E-004
  -36.309270942259516        120.61150918241508       -1.0099271940496037E-002
  -35.836165772476519        120.63625582814979       -1.9453675721452054E-002
  -35.366166825134343        120.66085861005823       -2.9020304491234803E-002
  -34.899895024083953        120.68525731854342       -3.8769436065646930E-002
  -34.437961613293112        120.70939371046094       -4.8670833813415790E-002
  -33.980966557100608        120.73321198957068       -5.8693941051244196E-002
  -33.529496855451491        120.75665915700358       -6.8808073022934083E-002
  -33.084125002691458        120.77968545382612       -7.8982605654082771E-002
  -32.645407356377049        120.80224454852944       -8.9187158912832923E-002
  -32.213882678793581        120.82429394662755       -9.9391774412717085E-002
  -31.790070573187755        120.84579497253203      -0.10956708492107969     
  -31.374470128112719        120.86671314447176      -0.11968447576117061     
  -30.967558445836183        120.88701797365874      -0.12971623593834625     
  -30.569789394138848        120.90668327809733      -0.13963570136844008     
  -30.181592271724337        120.92568689276379      -0.14941739913214622     
  -29.803370647143709        120.94401077278016      -0.15903718594228869     
  -29.435501221113647        120.96164083837704      -0.16847236765794685     
  -29.078332733596802        120.97856668398691      -0.17770179701180178     
  -28.732185045716534        120.99478168364530      -0.18670595169748544     
  -28.397348170241088        121.01028245274681      -0.19546699137197157     
  -28.074081492694500        121.02506882854432      -0.20396879613349633     
  -27.762613045310299        121.03914365429117      -0.21219698724473618     
  -27.463138820196580        121.05251229969291      -0.22013893054590575     
  -27.175822255998188        121.06518264807555      -0.22778372580036652     
  -26.900793768856172        121.07716480091293      -0.23512218256987477     
  -26.638150355766371        121.08847066706284      -0.24214678415646415     
  -26.387955339057015        121.09911385926146      -0.24885164252794648     
  -26.150238196663206        121.10910954468613      -0.25523244551315982     
  -25.924994451783395        121.11847406924119      -0.26128639735562464     
  -25.712185682922584        121.12722477450409      -0.26701215527392552     
  -25.511739638388082        121.13537990874985      -0.27240976271626149     
  -25.323550435351230        121.14295848348561      -0.27748057828298162     
  -25.147478838532273        121.14998004256630      -0.28222720332825879     
  -24.983352643728892        121.15646455035464      -0.28665341210138984     
  -24.830967152722124        121.16243230248904      -0.29076408510410956     
  -24.690085739064340        121.16790386943654      -0.29456514616075785     
  -24.560440499446763        121.17290003908640      -0.29806350344656130     
  -24.441732985218135        121.17744172540377      -0.30126699444759836     
  -24.333635021719665        121.18154993298513      -0.30418433501155723     
  -24.235789608884946        121.18524573792183      -0.30682507213493654     
  -24.147811899938286        121.18855027846362      -0.30919954002099270     
  -24.069290255405114        121.19148475427585      -0.31131881880328977     
  -23.999787369446793        121.19407043296400      -0.31319469521546506     
  -23.938841465340609        121.19632869417524      -0.31483962458909137     
  -23.885967557264205        121.19829427023095      -0.31626675375085561     
  -23.840658773037870        121.19999276672891      -0.31748978029377228     
  -23.802387735832042        121.20143760888581      -0.31852289973005593     
  -23.770608001417205        121.20264446087958      -0.31938083204176693     
  -23.744755545623082        121.20363095487538      -0.32007878000602269     
  -23.724250298332713        121.20441642582249      -0.32063238643168968     
  -23.708497719765973        121.20502165529859      -0.32105769036796883     
  -23.696890414697325        121.20546862749624      -0.32137108238676199     
  -23.688809780156237        121.20578030023022      -0.32158925906383451     
  -23.683627682074125        121.20598039359606      -0.32172917679283641     
  -23.680708156272324        121.20609319862959      -0.32180800507097412     
  -23.679409129129350        121.20614340800752      -0.32184307939455736     
  -17.583084153223943        121.44177565508237      -0.48644662600254340     
  -16.059084153223942        121.50068057664764      -0.52759531903023338     
  -14.535084153223943        121.55958549821290      -0.56874401205792324     
  -13.011084153223942        121.61849041977817      -0.60989270508561322     
