     -25.8536261872919297      102.8796106491511608        0.1126165941634101
     -25.8538168038693144      102.8796125524045664        0.0988072633007839
     -25.8549403554607942      102.8795550813164112        0.0817727931430822
     -25.8576327467842759      102.8793958529218031        0.0611403615928709
     -25.8625357908209956      102.8790910252056818        0.0376179719122269
     -25.8702843712399755      102.8785975009812859        0.0118212420624990
     -25.8815056012947124      102.8778730017437510       -0.0156350119378541
     -25.8968176666113870      102.8768762266210217       -0.0440804501531159
     -25.9168285647457530      102.8755670567696399       -0.0727461708226516
     -25.9421348708107402      102.8739067803469567       -0.1007218081804274
     -25.9733206329254216      102.8718583176347323       -0.1269023052011189
     -26.0109565313981470      102.8693864204840906       -0.1499107096513195
     -26.0555995404701335      102.8664578017844065       -0.1679722580911713
     -26.1077936123629506      102.8630411014538311       -0.1786853452358312
     -26.1680158944160510      102.8590995771459262       -0.1845468714326307
     -26.2366917996781410      102.8545916407593097       -0.1912159632314534
     -26.3142767171026719      102.8494820831320595       -0.1987495919237666
     -26.4012018228868044      102.8437362432487703       -0.2071891386668065
     -26.4978727635418423      102.8373199947622254       -0.2165732700910516
     -26.6046685321549994      102.8301997520534599       -0.2269377533823150
     -26.7219404176305879      102.8223424837795505       -0.2383152632619956
     -26.8500110332440762      102.8137157614276731       -0.2507351801804947
     -26.9891734234398122      102.8042878117457946       -0.2642233792280833
     -27.1396902483585585      102.7940275479478345       -0.2788020096352483
     -27.3017930548184395      102.7829046312591856       -0.2944892653586964
     -27.4756816340290939      102.7708895474577844       -0.3112991475842839
     -27.6615234682282853      102.7579537000349319       -0.3292412205314356
     -27.8594532804781458      102.7440696067954065       -0.3483203627764058
     -28.0695726738217886      102.7292110942435244       -0.3685365163120037
     -28.2919498426654386      102.7133533667552285       -0.3898844359690272
     -28.5266193859847341      102.6964731637976627       -0.4123534442620353
     -28.7735822316317709      102.6785490274038608       -0.4359271967390149
     -29.0328056806453709      102.6595617266548572       -0.4605834620651135
     -29.3042234827051935      102.6394943109410463       -0.4862939193669917
     -29.5877360281893012      102.6183323045277263       -0.5130239800936209
     -29.8832106994951978      102.5960642619621268       -0.5407326413431974
     -30.1904822613907342      102.5726820422649013       -0.5693723734813265
     -30.5093532968675234      102.5481808376896282       -0.5988890474513636
     -30.8395948554936190      102.5225598048917135       -0.6292219120618924
     -31.1809471250332635      102.4958223829260788       -0.6603036219528698
     -31.5331201169390773      102.4679762504763829       -0.6920603202724810
     -31.8957946211489762      102.4390340913410000       -0.7244117880088593
     -32.2686230605030602      102.4090135697961585       -0.7572716537875254
     -32.6512304898949992      102.3779375287408442       -0.7905476732803632
     -33.0432157634662858      102.3458345441518986       -0.8241420819985824
     -33.4441525487729834      102.3127385762519737       -0.8579520129696956
     -33.8535906952059449      102.2786896091152187       -0.8918699933405053
     -34.2710574038002918      102.2437332798735952       -0.9257844986354212
     -34.6960586582319550      102.2079211061910513       -0.9595805729401763
     -35.1280805801304439      102.1713103090552721       -0.9931405071044529
     -35.5665908683900724      102.1339636320008566       -1.0263445746089852
     -36.0110403177071561      102.0959492397041828       -1.0590718205651302
     -36.4608642771314138      102.0573402230603932       -1.0912008925387278
     -36.9154842767935918      102.0182144290269122       -1.1226109128253292
     -37.3743095195820487      101.9786537870876231       -1.1531823752460137
     -37.8367385683244777      101.9387439899070245       -1.1827980662759665
     -38.3021608742253292      101.8985737190152747       -1.2113439919157998
     -38.7699584890710369      101.8582341558162909       -1.2387103081527551
     -39.2395076265732570      101.8178181606139674       -1.2647922372967835
     -39.7101803745848869      101.7774196386372978       -1.2894909653221320
     -40.1813462807363209      101.7371327117248399       -1.3127145047526785
     -40.6523740383405467      101.6970509954028614       -1.3343785165546929
     -41.1226329782871858      101.6572668029691613       -1.3544070948060083
     -41.5914946248000348      101.6178704132401123       -1.3727335329159209
     -42.0583342736093542      101.5789493166517019       -1.3893010324548398
     -42.5225326230806147      101.5405875303667358       -1.4040633277712737
     -42.9834773535137913      101.5028649282787541       -1.4169852155644793
     -43.4405647280321006      101.4658566679193683       -1.4280429824254064
     -43.8932011459394431      101.4296326511402100       -1.4372247228389723
     -44.3408047003079702      101.3942570780971408       -1.4445305434852336
     -44.7828066861233438      101.3597881123965720       -1.4499726509973823
     -45.2186530897025634      101.3262775196303522       -1.4535753202244603
     -45.6478060290698622      101.2937706542182639       -1.4553747498498442
     -46.0697452384253410      101.2623067953832674       -1.4553683296495390
     -46.4839699061485021      101.2319240014487178       -1.4532032932302257
     -46.8899989927246708      101.2026550262036153       -1.4484242619502747
     -47.2873725018751898      101.1745255047518839       -1.4406547119356559
     -47.6756536142012237      101.1475531217580368       -1.4295989059600083
     -48.0544304908895512      101.1217485783027570       -1.4150416152058294
     -48.4233178197127287      101.0971152900158501       -1.3968465889494575
     -48.7819582852387228      101.0736499450586763       -1.3749538810116615
     -49.1300238146565960      101.0513433030173331       -1.3493761271856961
     -49.4672164065083351      101.0301800325062658       -1.3201938974262841
     -49.7932686594302893      101.0101401384911668       -1.2875503255088101
     -50.1079438774078909      100.9911992548942266       -1.2516451520430238
     -50.4110360026706132      100.9733291302642044       -1.2127283490071024
     -50.7023695529140355      100.9564989416580119       -1.1710934478815149
     -50.9817994087710247      100.9406755644872646       -1.1270706662957646
     -51.2492110966691214      100.9258240328262701       -1.0810199119299033
     -51.5045213683058378      100.9119085527795505       -1.0333236559785068
     -51.7476786176485248      100.8988928606266171       -0.9843797665609924
     -51.9786631569164470      100.8867402968573117       -0.9345944405748288
     -52.1974874162440372      100.8754145203450747       -0.8843753637036014
     -52.4041960181623807      100.8648798917875098       -0.8341251958729564
     -52.5988657376427255      100.8551016274886791       -0.7842354782344824
     -52.7816053562187406      100.8460458052096556       -0.7350810433947957
     -52.9525554323191301      100.8376795750114923       -0.6870149978236771
     -53.1118879726118038      100.8299712499651122       -0.6403643251443760
     -53.2598060065033536      100.8228902731792971       -0.5954261475145326
     -53.3965430709091535      100.8164071501943653       -0.5524646683183314
     -53.5223626054843322      100.8104933043433675       -0.5117088043071322
     -53.6375572654338413      100.8051209525835077       -0.4733505026663317
     -53.7424481588509479      100.8002630947492264       -0.4375437255744376
     -53.8373839992613483      100.7958933777708808       -0.4044040717631598
     -53.9227401814726051      100.7919859475387341       -0.3740089962885481
     -53.9989177843224581      100.7885153074153806       -0.3463985801730548
     -54.0663425032913878      100.7854561869984877       -0.3215767940661922
     -54.1254635160424158      100.7827882689832535       -0.2978783704559550
     -54.1767522840378390      100.7804902649417897       -0.2734435074076085
     -54.2207012935481387      100.7785336637635112       -0.2486521639582996
     -54.2578227394280361      100.7768904353916781       -0.2238520920723766
     -54.2886471551889400      100.7755329428234177       -0.1993575732475343
     -54.3137219930200459      100.7744338328749762       -0.1754557627967003
     -54.3336101575579065      100.7735659356593629       -0.1524127934896022
     -54.3488884973131334      100.7729021751039511       -0.1304803603108186
     -54.3601462576739536      100.7724154902652742       -0.1099037576472476
     -54.3679834996505988      100.7720787700507969       -0.0909329771118055
     -54.3730094885674760      100.7718648020151733       -0.0738399967814841
     -54.3758410569870207      100.7717462341356480       -0.0589491461467682
     -54.3771009462252763      100.7716955456132837       -0.0466946570026136
     -54.3774161308846615      100.7716853690710082       -0.0367697087680706
     -54.3771009462252763      100.7717027884666692       -0.0268447706027707
     -54.3758410569870207      100.7717624198434549       -0.0145903217122676
     -54.3730094885674760      100.7718918544773743        0.0003004384309560
     -54.3679834996505988      100.7721182962738879        0.0173932580639201
     -54.3601462576739536      100.7724688605649703        0.0363637878220852
     -54.3488884973132045      100.7729705613092506        0.0569400298421888
     -54.3336101575583115      100.7736503271574975        0.0788719727932869
     -54.3137219930222273      100.7745350400392397        0.1019143026058002
     -54.2886471551985750      100.7756515923422000        0.1258153046036468
     -54.2578227394645509      100.7770269597316144        0.1503088262624541
     -54.2207012936700679      100.7786882858270445        0.1751076923914719
     -54.1767522844039533      100.7806629782683672        0.1998976014291750
     -54.1254635170464340      100.7829788133173992        0.2243307811055408
     -54.0663425058365235      100.7856640247728564        0.2480272518213933
     -53.9989177903885462      100.7887412582187068        0.2728467998155312
     -53.9227401952352565      100.7922320460967001        0.3004546780666277
     -53.8373840291323447      100.7961616556936661        0.3308468990219924
     -53.7424482211282850      100.8005555539910745        0.3639833661218552
     -53.6375573905854424      100.8054395378364489        0.3997866112963410
     -53.5223628486175187      100.8108398746345387        0.4381410273232045
     -53.3965435286919288      100.8167834499494262        0.4788926513649335
     -53.2598068437502761      100.8232979029825174        0.5218495487017972
     -53.1118894629669427      100.8304116371848238        0.5667828364553269
     -52.9525580189985874      100.8381539443565060        0.6134283788802244
     -52.7816097406484275      100.8465551491349288        0.6614891734145240
     -52.5988730060755714      100.8556466761627775        0.7106384343118622
     -52.4042078190157739      100.8654610820626658        0.7605233685950531
     -52.1975062040171522      100.8760319628364215        0.8107696249312752
     -51.9786925222134499      100.8873937397724205        0.8609863830389568
     -51.7477237272283617      100.8995816484362251        0.9107720408624280
     -51.5045895445257074      100.9126315771317621        0.9597204387658846
     -51.2493125728017844      100.9265796723586135        1.0074275493396019
     -50.9819483065201098      100.9414616087989742        1.0534985502307008
     -50.7025851430366501      100.9573124930251282        1.0975551999128859
     -50.4113443325941262      100.9741664748656547        1.1392434119256629
     -50.1083798461104806      100.9920556945930770        1.1782409224817483
     -49.7938778550614245      101.0110098191150882        1.2142649238323779
     -49.4680555812474481      101.0310558448882574        1.2470793972134124
     -49.1311600005717395      101.0522168724768619        1.2765019353054492
     -48.7834664910341971      101.0745117234209687        1.3024099389044539
     -48.4252775192871283      101.0979547609856439        1.3247460462906162
     -48.0569214416300099      101.1225545524857523        1.3435226871963977
     -47.6787516637058104      101.1483140768098536        1.3588257440680640
     -47.2911459379025629      101.1752299516809472        1.3708172505176994
     -46.8945057699463774      101.2032918418625229        1.3797370996628908
     -46.4892558813159340      101.2324827342792304        1.3859037213872081
     -46.0758436252929329      101.2627778922333874        1.3897136544314046
     -45.6547388372552021      101.2941455332831850        1.3916392371927380
     -45.2264325218774630      101.3265485267204582        1.3920471373409515
     -44.7914346433671753      101.3599484469523446        1.3909508553546714
     -44.3502732439464182      101.3943008860632773        1.3883221064732332
     -43.9034931772629022      101.4295550899581286        1.3841415923853821
     -43.4516547070560151      101.4656539948782523        1.3783992044727755
     -42.9953320704753139      101.5025345317580303        1.3710941386088813
     -42.5351120290972062      101.5401279783970381        1.3622349203640967
     -42.0715923669669820      101.5783603462001423        1.3518393425189557
     -41.6053803833436433      101.6171529310708905        1.3399343191684696
     -41.1370913283980002      101.6564228321147567        1.3265556569390007
     -40.6673468412925914      101.6960836285758347        1.3117477497133008
     -40.1967733269072127      101.7360460208748805        1.2955631988549132
     -39.7260003419861576      101.7762185893028857        1.2780623655949155
     -39.2556588181357213      101.8165085146047772        1.2593128429887759
     -38.7863793418613270      101.8568223908203407        1.2393888280580152
     -38.3187904421049552      101.8970669354993817        1.2183704264370507
     -37.8535169752659044      101.9371498121999338        1.1963429189958554
     -37.3911783963028483      101.9769802640809502        1.1733959972287025
     -36.9323871570157465      102.0164699241808819        1.1496229816326344
     -36.4777469703588508      102.0555333174610269        1.1251200271961292
     -36.0278512330831688      102.0940886192491632        1.0999853321563946
     -35.5832813112476103      102.1320580010630437        1.0743183517452135
     -35.1446049934233073      102.1693682812261699        1.0482190337216619
     -34.7123748360512039      102.2059511355618042        1.0217870757862226
     -34.2871266460918989      102.2417435599118960        0.9951212197609337
     -33.8693779363888652      102.2766880257632351        0.9683185833020598
     -33.4596264276611990      102.3107326208739636        0.9414740380041745
     -33.0583486688623935      102.3438312848467149        0.9146796395469792
     -32.6659985646641218      102.3759435452895445        0.8880241089642152
     -32.2830061997174838      102.4070349286402717        0.8615923820817576
     -31.9097764291222994      102.4370763206220971        0.8354652113749473
     -31.5466878163480295      102.4660443062043527        0.8097188341574816
     -31.1940914390486626      102.4939206644988445        0.7844246905681110
     -30.8523098454790450      102.5206921297983342        0.7596492000461371
     -30.5216361823540900      102.5463504619859378        0.7354535943521430
     -30.2023332165941127      102.5708916779754531        0.7118937962150591
     -29.8946326283003643      102.5943160753315766        0.6890203528998537
     -29.5987343360707449      102.6166279569183359        0.6668784128193201
     -29.3148058382409538      102.6378349845681441        0.6455077413273530
     -29.0429817718778303      102.6579481383975860        0.6249427779889812
     -28.7833635292766452      102.6769814733810762        0.6052127253214267
     -28.5360189091822036      102.6949515539602515        0.5863416641869617
     -28.3009819305599031      102.7118772511862232        0.5683486955952919
     -28.0782527677254237      102.7277796952264595        0.5512481029914946
     -27.8677977191019863      102.7426818611332351        0.5350495279884254
     -27.6695492911427188      102.7566082917050920        0.5197581583586658
     -27.4834063938116984      102.7695849388385625        0.5053749236426693
     -27.3092346431779767      102.7816390914146751        0.4918966955016250
     -27.1468667387790994      102.7927991894789841        0.4793164897393354
     -26.9961029275890532      102.8030946207718159        0.4676236680768039
     -26.8567115711436344      102.8125556255410658        0.4568041381263903
     -26.7284298008700532      102.8212132186403664        0.4468405493846652
     -26.6109642592241009      102.8290991262219904        0.4377124839341987
     -26.5039919262981947      102.8362457520960760        0.4293966410057390
     -26.4071610237695538      102.8426861270628478        0.4218670146424299
     -26.3200919955425796      102.8484538569841078        0.4150950642989078
     -26.2423785669485454      102.8535831073706817        0.4090498785524416
     -26.1735888759992292      102.8581085958328742        0.4036983320567485
     -26.1132665495196754      102.8620656481817690        0.3989921829515978
     -26.0608790387912350      102.8655149335066170        0.3892815514442216
     -26.0159019770296851      102.8685016927429956        0.3720791544524996
     -25.9778370134734722      102.8710491779739300        0.3497965409950682
     -25.9461609021592672      102.8731846238253524        0.3242187934690724
     -25.9203291568741143      102.8749385367504345        0.2967335280593941
     -25.8997787747650676      102.8763441583837874        0.2684567797739280
     -25.8839305395616961      102.8774370170626327        0.2403101747519038
     -25.8721911342547095      102.8782545304080287        0.2130741252864007
     -25.8639551879939589      102.8788356398421797        0.1874306992819011
     -25.8586073516723722      102.8792204627593350        0.1640066250538415
     -25.8555245221089898      102.8794499429938440        0.1434295838025062
     -25.8540784182479300      102.8795654647466051        0.1264197594120656
     -25.8536261872919297      102.8796106491511608        0.1126165941634101
