  -68.886480424911795       -50.476441378480722        30.415108434511957     
  -67.362480424911794       -49.893709508755080        30.843425607621487     
  -65.838480424911793       -49.310977639029439        31.271742780731017     
  -64.314480424911793       -48.728245769303797        31.700059953840547     
  -58.208579476955059       -46.393532464997769        33.416111288037150     
  -58.200353332532288       -46.390387034210292        33.418423229588825     
  -58.188537261778407       -46.385868963944255        33.421743921826248     
  -58.172501832612433       -46.379737628783914        33.426250028036925     
  -58.151629208106137       -46.371756867295090        33.432114810439671     
  -58.125314879872661       -46.361695654119060        33.439507599744417     
  -58.092969372331417       -46.349328761880166        33.448593268776428     
  -58.054019912122023       -46.334437410608210        33.459531712517027     
  -58.007912056914122       -46.316809902404600        33.472477336922381     
  -57.954111277862708       -46.296242239173203        33.487578558803499     
  -57.892104491141097       -46.272538685567014        33.504977299258684     
  -57.821401864303688       -46.245501951061954        33.524802827731726     
  -57.741537970801005       -46.214941574655036        33.547175547191209     
  -57.652072877820338       -46.180682303961838        33.572210832343323     
  -57.552593614583778       -46.142558303521866        33.600015149450080     
  -57.442715356182475       -46.100413700738606        33.630685647937334     
  -57.322082521708460       -46.054103150393814        33.664309766643598     
  -57.190369781749830       -46.003492425448776        33.700964840390526     
  -57.047282970446936       -45.948459045299636        33.740717684966519     
  -56.892559897386612       -45.888892957800387        33.783624128994070     
  -56.725971054615130       -45.824697298703931        33.829728449144895     
  -56.547320213951402       -45.755789262257572        33.879062650381883     
  -56.356444909551229       -45.682101130196095        33.931645514851624     
  -56.153216800274777       -45.603581524107369        33.987481321088964     
  -55.937541905798696       -45.520196969124562        34.046558108430482     
  -55.709360709526976       -45.431933886493546        34.108845328627773     
  -55.468648120102252       -45.338801170701849        34.174290685537031     
  -55.215413281556359       -45.240833556409306        34.242815911136155     
  -54.949699375796044       -45.138096060076812        34.314311167023895     
  -54.671583828783561       -45.030689894284286        34.388627683512254     
  -54.381177212123390       -44.918760183872763        34.465567970971065     
  -54.078622117634055       -44.802506266088940        34.544872933394366     
  -53.764092673930293       -44.682195538066821        34.626204925881545     
  -53.437793109742699       -44.558179993649276        34.709128173518728     
  -53.099956164915888       -44.430908638269003        34.793095870227766     
  -52.750842220223845       -44.300932179412619        34.877447951589311     
  -52.390738780819682       -44.168899297267977        34.961419892118968     
  -52.019960313521018       -44.035543709969879        35.044162782775878     
  -51.638848337794364       -43.901663270736186        35.124772293136779     
  -51.247771600871054       -43.768094020204124        35.202322237550348     
  -50.847126169641420       -43.635682527942826        35.275898350125729     
  -50.437335325237036       -43.505259156968840        35.344629116322196     
  -50.018849209513824       -43.377613798948346        35.407712092839326     
  -49.592144190012974       -43.253475144434880        35.464434756187778     
  -49.157721707146557       -43.133498459065564        35.514184096012592     
  -48.716106608226404       -43.018267203696062        35.556447288408251     
  -48.267845437077185       -42.908297727780898        35.590812457278915     
  -47.813504806827332       -42.804031802546760        35.616961314392441     
  -47.353669638927556       -42.705835042974037        35.634665363936996     
  -46.888941336662370       -42.613997182657670        35.643782431895666     
  -46.419935905159178       -42.528733319832249        35.644252609858619     
  -45.947282020556408       -42.450186218070925        35.636093547028203     
  -45.471619053013242       -42.378429668950929        35.619395082269307     
  -44.993595049579305       -42.313472866666764        35.594313245555284     
  -44.513864683953514       -42.255265701154947        35.561063683734908     
  -44.033087181030751       -42.203704844129675        35.519914584046589     
  -43.551924157797352       -42.158640558212689        35.471179250292053     
  -43.071035681179879       -42.119886036628500        35.415210176928163     
  -42.591077963593705       -42.087224266181565        35.352392415743800     
  -42.112703540486287       -42.060409962616284        35.283137251631381     
  -41.636559585551069       -42.039172980459320        35.207878799889478     
  -41.163286131421643       -42.023221897727659        35.127070714760052     
  -40.693514321004109       -42.012247619259661        35.041182866000078     
  -40.227864694404040       -42.005926955632063        34.950698001394251     
  -39.766945516202583       -42.003926137907591        34.856108413681461     
  -39.311351147604846       -42.005904231995224        34.757912630949221     
  -38.861660467727219       -42.011516420132530        34.656612150096187     
  -38.418435348018015       -42.020417120859683        34.552708233415757     
  -37.982219183524556       -42.032262922789045        34.446698788671227     
  -37.553535484435784       -42.046715311429182        34.339075353166464     
  -37.132886531046843       -42.063443172242735        34.230320202228576     
  -36.720752095015591       -42.082125056956130        34.120903602174003     
  -36.317588229500807       -42.102451204186977        34.011281226825240     
  -35.923826128653417       -42.124125350857895        33.901891705496915     
  -35.539871049565043       -42.146866509631913        33.793154094693961     
  -35.166101303372791       -42.170410594836056        33.685465422369518     
  -34.802867328664242       -42.194511681316037        33.579198597761604     
  -34.450490849704813       -42.218942886992124        33.474700724383595     
  -34.109264120071778       -42.243496901944539        33.372291811867491     
  -33.779449251912261       -42.267986191485669        33.272263875565208     
  -33.461277630719650       -42.292242904243452        33.174880406579426     
  -33.154949415239201       -42.316118518854118        33.080376189293780     
  -32.860633122256004       -42.339483261698376        32.988957436406473     
  -32.578465363729151       -42.362224835281701        32.900801816232551     
  -32.308550701574504       -42.384246727749300        32.816058544719027     
  -32.050961404915128       -42.405467699834432        32.734849731403749     
  -31.805737188807036       -42.425821939698402        32.657272427601711     
  -31.572885182877766       -42.445258055180730        32.583399960478090     
  -31.352380013512576       -42.463737775940885        32.513283168912622     
  -31.144163962365941       -42.481234656662899        32.446951706763230     
  -30.948147200224803       -42.497732794512203        32.384415396505375     
  -30.764208096578756       -42.513225547229233        32.325665650935370     
  -30.592193601807843       -42.527714303680135        32.270676893673475     
  -30.431919698662906       -42.541207357498408        32.219407907259097     
  -30.283171921722623       -42.553718894391984        32.171803090127597     
  -30.145705943762014       -42.565268097135323        32.127793612346906     
  -30.019248228025596       -42.575878369104800        32.087298464154884     
  -29.903496745447956       -42.585576674203281        32.050225395461908     
  -29.798121755906603       -42.594392988112261        32.016471748587712     
  -29.702766652625947       -42.602359852980420        31.985925190580343     
  -29.617048868874040       -42.609512024965156        31.958464355408847     
  -29.540560846092596       -42.615886201693847        31.933959409820140     
  -29.472871062557264       -42.621520815068813        31.912272559193109     
  -29.413525120870197       -42.626455921073862        31.893258551677235     
  -29.362046608147828       -42.630752587596547        31.876782162757994     
  -29.317938786773137       -42.634459611731941        31.862689591598230     
  -29.280685919178875       -42.637608888300889        31.850804959340639     
  -29.249754267688957       -42.640236571867334        31.840949308558340     
  -29.224593463331281       -42.642382574713544        31.832940661485377     
  -29.204637922621927       -42.644090074765522        31.826594106453122     
  -29.189308309399856       -42.645405038505814        31.821721918076772     
  -29.178013038582208       -42.646375764208997        31.818133715552847     
  -29.170149818517260       -42.647052450743189        31.815636662610146     
  -29.165107228429292       -42.647486796844760        31.814035712028332     
  -29.162266327273965       -42.647731635284387        31.813133897085603     
  -29.161002290153064       -42.647840605763562        31.812732671749757     
  -23.064686068272870       -43.173393604894301        29.877665668492469     
  -21.540686068272869       -43.304775039440067        29.393924011132285     
  -20.016686068272868       -43.436156473985832        28.910182353772100     
  -18.492686068272867       -43.567537908531598        28.426440696411916     
