  -67.232367379822804       -63.455176611651304        41.756232050542792     
  -65.708367379822803       -63.211588666330307        42.108330656861135     
  -64.184367379822802       -62.968000721009311        42.460429263179478     
  -62.660367379822802       -62.724412775688315        42.812527869497821     
  -56.554944856978906       -61.748554949142331        44.223099235165776     
  -56.547116028311954       -61.747303631367231        44.224907975101956     
  -56.535870376386924       -61.745506494021768        44.227506345768518     
  -56.520608513167929       -61.743068116306610        44.231033103881337     
  -56.500741871881694       -61.739895037095373        44.235624672808243     
  -56.475694291803286       -61.735896079338801        44.241414828224904     
  -56.444903569308508       -61.730982676725830        44.248534397333792     
  -56.407822970991333       -61.725069201093703        44.257110972081172     
  -56.363922704739103       -61.718073289075285        44.267268636741328     
  -56.312691344760502       -61.709916166499291        44.279127710145396     
  -56.253637206656038       -61.700522944764089        44.292804485031510     
  -56.186289664594916       -61.689815869148887        44.308405877917899     
  -56.110200417915387       -61.677719942130800        44.326033047330526     
  -56.024944696653506       -61.664168529412549        44.345785031329413     
  -55.930122397360918       -61.649099361473205        44.367755442373635     
  -55.825359153093139       -61.632454825746727        44.392032277982409     
  -55.710307332154507       -61.614182275286282        44.418697747662613     
  -55.584646962530435       -61.594234374462246        44.447828120881560     
  -55.448086577928770       -61.572569450908361        44.479493558611907     
  -55.300363982014360       -61.549151871361509        44.513757919675143     
  -55.141246926212339       -61.523952420134805        44.550678496945444     
  -54.970533696807998       -61.496948693372254        44.590305652342145     
  -54.788053609068278       -61.468125632147519        44.632682383800969     
  -54.593667399056493       -61.437476067565854        44.677843662267016     
  -54.387267510655732       -61.405001477998155        44.725815593718345     
  -54.168778265438988       -61.370712810897814        44.776614180991352     
  -53.938155908568419       -61.334631564735496        44.830243673659837     
  -53.695388520842151       -61.296791311067317        44.886694438202966     
  -53.440495776927214       -61.257239534012456        44.945940010515855     
  -53.173528534525410       -61.216040122493744        45.007933252084307     
  -52.894568230199681       -61.173276810386582        45.072601373014798     
  -52.603726044495417       -61.129057731145281        45.139839336603828     
  -52.301141786523992       -61.083521317716539        45.209501011883667     
  -51.986982561085924       -61.036843702622271        45.281389094383307     
  -51.661441610162058       -60.989244211949924        45.355248047102499     
  -51.324737512139080       -60.940986735538445        45.430761695911649     
  -50.977113785277439       -60.892377778654435        45.507556537047094     
  -50.618838913224344       -60.843760135590252        45.585210425899319     
  -50.250206707510813       -60.795502556901042        45.663265473132476     
  -49.871536849897325       -60.747988007831225        45.741244063253667     
  -49.483175411876864       -60.701600522022417        45.818664745729258     
  -49.085495225331407       -60.656713042548972        45.895057397229372     
  -48.678896025691778       -60.613676523135425        45.969976495169497     
  -48.263804323654874       -60.572810399488183        46.043011796782174     
  -47.840672741490970       -60.534397494508895        46.113794129025166     
  -47.409978764708669       -60.498685691765111        46.181997120403665     
  -46.972223365641398       -60.465891701529394        46.247339342732516     
  -46.527929592364238       -60.436196307022797        46.309580138979264     
  -46.077641110057037       -60.409743604102346        46.368518410544723     
  -45.621920668994242       -60.386641271785031        46.423991726881653     
  -45.161348511269225       -60.366961224816812        46.475875129746079     
  -44.696520681202152       -60.350740761701722        46.524079594994603     
  -44.228047287136299       -60.337984050490505        46.568550042118453     
  -43.756550660505731       -60.328664237569640        46.609263094053162     
  -43.282663503991742       -60.322726032703990        46.646224551196980     
  -42.807026914003337       -60.320088542942102        46.679466453238454     
  -42.330288428090810       -60.320648348894672        46.709043822433301     
  -41.853099945888616       -60.324282894333443        46.735031273973419     
  -41.376115783362501       -60.330853662144243        46.757520053039613     
  -40.899990706764918       -60.340208305148366        46.776616327807041     
  -40.425378158823563       -60.352182606906823        46.792440119525509     
  -39.952928307554082       -60.366602152866413        46.805123949541795     
  -39.483286281670992       -60.383284384914859        46.814811715451583     
  -39.017090211963136       -60.402040203290873        46.821657173104050     
  -38.554969492988953       -60.422676075804155        46.825822792927632     
  -38.097542847463096       -60.444995485373944        46.827478108271670     
  -37.645416632662375       -60.468800997313011        46.826798572431450     
  -37.199182958859467       -60.493895496836359        46.823963823550315     
  -36.759418060979982       -60.520084138389862        46.819156574038701     
  -36.326680503039732       -60.547175338430279        46.812560852002164     
  -35.901509632158785       -60.574982523587714        46.804360942190279     
  -35.484423907120075       -60.603324905049050        46.794739702311759     
  -35.075919442314486       -60.632028913439910        46.783877542189089     
  -34.676468504085683       -60.660928883687134        46.771950939516955     
  -34.286518126852918       -60.689868101583237        46.759131194569562     
  -33.906488803555369       -60.718699736006229        46.745583162699390     
  -33.536773202632276       -60.747287272562666        46.731463918914365     
  -33.177735092537617       -60.775505518818889        46.716922194143635     
  -32.829708229510672       -60.803240295538750        46.702097131978590     
  -32.492995440673461       -60.830388709791926        46.687117814993357     
  -32.167867784071213       -60.856859158627692        46.672102881053469     
  -31.854563784506468       -60.882571040404400        46.657160198189473     
  -31.553288836339320       -60.907454886700208        46.642387115309184     
  -31.264214653796238       -60.931451763445317        46.627870377111456     
  -30.987478827971909       -60.954512635338006        46.613686211574553     
  -30.723184522230980       -60.976598110852748        46.599900873078354     
  -30.471400242613893       -60.997677762094206        46.586570992339396     
  -30.232159703747282       -61.017729346136100        46.573743955715763     
  -30.005461809960241       -61.036738261882185        46.561458535761695     
  -29.791270734983375       -61.054697036434284        46.549745585811301     
  -29.589516084221447       -61.071604550838401        46.538628564048786     
  -29.400093159041916       -61.087465379238729        46.528124186437609     
  -29.222863315665126       -61.102289201072033        46.518243120754292     
  -29.057654412892809       -61.116090298849294        46.508990674381444     
  -28.904261342937932       -61.128887023753180        46.500367371044824     
  -28.762446645083813       -61.140701286647243        46.492369453405935     
  -28.631941202844011       -61.151558164606321        46.484989375041899     
  -28.512445020876456       -61.161485563246458        46.478216235324616     
  -28.403628079513133       -61.170513929254440        46.472036155189606     
  -28.305131264881883       -61.178676013479453        46.466432599581751     
  -28.216567372508909       -61.186006678073831        46.461386650210351     
  -28.137522182053569       -61.192542720432158        46.456877219403189     
  -28.067555601227742       -61.198322735723913        46.452881235135301     
  -28.006202876509747       -61.203387047031008        46.449373833068279     
  -27.952975874192798       -61.207794057948625        46.446340829288282     
  -27.907364405784421       -61.211592179934904        46.443757868072595     
  -27.868837620696759       -61.214815922665522        46.441587683754662     
  -27.836845461648025       -61.217503717396880        46.439793646431731     
  -27.810820163831931       -61.219697467119246        46.438339607778616     
  -27.790177800777730       -61.221442103365035        46.437189755430182     
  -27.774319872672113       -61.222785154632462        46.436308480352587     
  -27.762634932764950       -61.223776331398312        46.435660260928167     
  -27.754500247364653       -61.224467132483660        46.435209566954107     
  -27.749283484837324       -61.224910477175662        46.434920786316404     
  -27.746344428953190       -61.225160367048744        46.434758176696057     
  -27.745036711869350       -61.225271580907034        46.434685844258283     
  -21.648709561999723       -61.743729336113880        46.097485841543609     
  -20.124709561999722       -61.873336819359288        46.013190364692740     
  -18.600709561999722       -62.002944302604696        45.928894887841871     
  -17.076709561999721       -62.132551785850104        45.844599410991002     
