     -20.7411158427782070     -108.2488822182990305       79.2670251394307286
     -20.7422186940648459     -108.2402370786526831       79.2788240543307694
     -20.7445233149651287     -108.2296031095133912       79.2933286950756440
     -20.7487298510206024     -108.2167684025164363       79.3108222674696037
     -20.7554742788406088     -108.2021984781138713       79.3306634545254354
     -20.7653912575179831     -108.1863009052607083       79.3522905218174373
     -20.7791072774299828     -108.1694827548635658       79.3751431193240080
     -20.7972357742285539     -108.1521859771734313       79.3986142617765012
     -20.8203730016636257     -108.1349144726754332       79.4220136834348125
     -20.8490939427763244     -108.1182610988460908       79.4445313070164190
     -20.8839476871457066     -108.1029411679264172       79.4651918674526172
     -20.9254515256671674     -108.0898409909381002       79.4827889967699548
     -20.9740824028928756     -108.0800969710468848       79.4957775837708027
     -21.0302627308445622     -108.0752393466584920       79.5020778165631867
     -21.0946635102067894     -108.0737170482883158       79.5037959734843156
     -21.1681072028045989     -108.0719884072872645       79.5057411306506197
     -21.2510831406890333     -108.0700330575489829       79.5079366315919600
     -21.3440541910746653     -108.0678393822264667       79.5103937651714716
     -21.4474562108820983     -108.0653963570241132       79.5131228456439345
     -21.5616968503446280     -108.0626936051415186       79.5161331378734531
     -21.6871544288216214     -108.0597214566367370       79.5194327835868506
     -21.8241768858392895     -108.0564710114511513       79.5230287297394227
     -21.9730808102175708     -108.0529342056021420       79.5269266602520020
     -22.1341505498613813     -108.0491038800482215       79.5311309322841851
     -22.3076374050572959     -108.0449738536322002       79.5356445195295976
     -22.4937589080696476     -108.0405390019864029       79.5404689653015708
     -22.6926981875873963     -108.0357953288395123       79.5456043367893102
     -22.9046034227981821     -108.0307400395276431       79.5510491890512554
     -23.1295873888307781     -108.0253716152231931       79.5568005390086768
     -23.3677271020058086     -108.0196898958036087       79.5628538556898093
     -23.6190635797321633     -108.0136961638757072       79.5692030536322648
     -23.8836016870951049     -108.0073932146729163       79.5758404740157346
     -24.1613100759929971     -108.0007854367099185       79.5827568798424210
     -24.4521212323252080     -107.9938789161705017       79.5899414770665032
     -24.7559316190353087     -107.9866815070245991       79.5973819195817356
     -25.0726019217109588     -107.9792028875824172       79.6050643139746086
     -25.4019574121214191     -107.9714546563764372       79.6129732637289180
     -25.7437884097126926     -107.9634503903356944       79.6210918968279628
     -26.0978508449571081     -107.9552056755940583       79.6294018851022258
     -26.4638669481123863     -107.9467381904879630       79.6378835147673385
     -26.8415260243239651     -107.9380677111160054       79.6465157133650195
     -27.2304853447090665     -107.9292161405869734       79.6552761085100798
     -27.6303711468788329     -107.9202075419217266       79.6641411045521437
     -28.0407797173172568     -107.9110680817312158       79.6730859094822534
     -28.4612786010900649     -107.9018260439401047       79.6820846305230361
     -28.8914078747660561     -107.8925117401742000       79.6911103113525741
     -29.3306815066765267     -107.8831574671245903       79.7001350298576483
     -29.7785886725855597     -107.8737973628833657       79.7091299945393956
     -30.2345952073188649     -107.8644672444669652       79.7180657128974275
     -30.6981451485681340     -107.8552043825471998       79.7269121650147667
     -31.1686623586890725     -107.8460472298276898       79.7356389873252738
     -31.6455521923611052     -107.8370351379115988       79.7442156895772740
     -32.1282032280884167     -107.8282080411329957       79.7526118852929784
     -32.6159890305757756     -107.8196061202756226       79.7607975404557692
     -33.1082699675346177     -107.8112694378327632       79.7687432284570832
     -33.6043950374857872     -107.8032375461676082       79.7764203856193177
     -34.1037037434879267     -107.7955489966083604       79.7838015065663058
     -34.6055279584701054     -107.7882409880888730       79.7908604478970602
     -35.1091938258878429     -107.7813489191501191       79.7975726568308374
     -35.6140236362589633     -107.7749060206373173       79.8039154471323684
     -36.1193377221683392     -107.7689428995960697       79.8098681877756064
     -36.6244563934125722     -107.7634872061694296       79.8154125435046922
     -37.1287025951478071     -107.7585633481937180       79.8205325262008500
     -37.6314045741243888     -107.7541924527499759       79.8252142784709946
     -38.1318977991800097     -107.7503924659251169       79.8294457918262879
     -38.6295267438375518     -107.7471781743179662       79.8332165432381657
     -39.1236465863641172     -107.7445614334737769       79.8365172729856027
     -39.6136248476932806     -107.7425511715864133       79.8393395902473628
     -40.0988429471877197     -107.7411537187801400       79.8416758182716961
     -40.5786977136269584     -107.7403727967366507       79.8435185873476740
     -41.0526028395310973     -107.7402099373864530       79.8448607422446912
     -41.5199903313332968     -107.7406645123380429       79.8456949489925165
     -41.9803119699640988     -107.7417342190694143       79.8460136107014620
     -42.4330408455646051     -107.7434475901877704       79.8457647004566411
     -42.8776741639778436     -107.7460644429093151       79.8445819615270693
     -43.3137379644974274     -107.7499170976592922       79.8419988497739723
     -43.7407858142654788     -107.7552941166164828       79.8376060704407280
     -44.1583926241545868     -107.7624377605853994       79.8310544573594001
     -44.5661513480037783     -107.7715427272999023       79.8220575096468679
     -44.9636704538258059     -107.7827546710941533       79.8103928584935574
     -45.3505718383691345     -107.7961698368904280       79.7959035941484274
     -45.7264899595694203     -107.8118348791847581       79.7784986502880002
     -46.0910730021768202     -107.8297474281578161       79.7581523565285693
     -46.4439864619014102     -107.8498575530911552       79.7349028140396285
     -46.7849186749879706     -107.8720700606638161       79.7088486223230888
     -47.1135870429612709     -107.8962486367859697       79.6801445475893360
     -47.4297439243806309     -107.9222205597442183       79.6489954142955696
     -47.7331824346675546     -107.9497824276318170       79.6156487961773109
     -48.0237378743937029     -107.9787066513772800       79.5803870321261826
     -48.3012864726569475     -108.0087474561993588       79.5435191311273257
     -48.5657443514428522     -108.0396466815453209       79.5053731779457706
     -48.8170667196079435     -108.0711393843282195       79.4662892518824862
     -49.0552472014007392     -108.1029588891098570       79.4266126307671243
     -49.2803172423895148     -108.1348414097378736       79.3866874242711020
     -49.4923455573202205     -108.1665304098185914       79.3468508169758024
     -49.6914375860245698     -108.1977804524442917       79.3074277930199258
     -49.8777349366666698     -108.2283605497131020       79.2687263985787069
     -50.0514147996695016     -108.2580569614308956       79.2310335429934582
     -50.2126893194002619     -108.2866757238723210       79.1946115692025501
     -50.3618049117352768     -108.3140446525100202       79.1596954164290594
     -50.4990415185825015     -108.3400147962900206       79.1264903552155943
     -50.6247117928248258     -108.3644614352069482       79.0951703436652025
     -50.7391602087338569     -108.3872846448364839       79.0658769895386371
     -50.8427620943507250     -108.4084094679285926       79.0387191014925321
     -50.9359225861802685     -108.4277856568680249       79.0137727449561282
     -51.0190755043785416     -108.4453870848997212       78.9910818053208885
     -51.0926821494201064     -108.4612108707671609       78.9706590131557391
     -51.1572559730845953     -108.4763193890448747       78.9510545847575997
     -51.2133378539485093     -108.4918983534329442       78.9306477210191275
     -51.2614560710858029     -108.5077040974603193       78.9097806665322992
     -51.3021609214896017     -108.5235138804867887       78.8887681224589130
     -51.3360232387855504     -108.5391266646386157       78.8678960661779627
     -51.3636327374537700     -108.5543590323914316       78.8474272398893419
     -51.3855963112825620     -108.5690412564647715       78.8276064318325638
     -51.4025362789138001     -108.5830130639673285       78.8086661837281071
     -51.4150885655223533     -108.5961184777607542       78.7908337772394418
     -51.4239007996834658     -108.6081987126007249       78.7743409114190740
     -51.4296302804132210     -108.6190811346320686       78.7594388197338446
     -51.4329417098619288     -108.6285599041871421       78.7464248703350904
     -51.4345044724945666     -108.6363593235691098       78.7356930365756114
     -51.4350043201157590     -108.6426753066575515       78.7269868374327615
     -51.4348195971041235     -108.6489905663432580       78.7182677337621044
     -51.4336459228589078     -108.6567870974427024       78.7074843191367677
     -51.4308072859172185     -108.6662593953863762       78.6943544574907889
     -51.4256205122580141     -108.6771303976722720       78.6792466725458581
     -51.4174105986079795     -108.6891929969543327       78.6624331857880605
     -51.4055116058829000     -108.7022734446190242       78.6441404928630874
     -51.3892679623383088     -108.7162120609801974       78.6245760773580997
     -51.3680359475879271     -108.7308522729311022       78.6039436481837015
     -51.3411852434268212     -108.7460335980433968       78.5824529433515409
     -51.3081004970612113     -108.7615865826269896       78.5603268478035659
     -51.2681828666005330     -108.7773286701594486       78.5378072362645696
     -51.2208515288675343     -108.7930603818231390       78.5151603928872106
     -51.1655451336353906     -108.8085613497842417       78.4926826402584936
     -51.1017233245271285     -108.8235911790511636       78.4706992754231010
     -51.0289042426188715     -108.8393298828805911       78.4475668793907062
     -50.9466272623585681     -108.8568327857411191       78.4218129552557599
     -50.8544308978084914     -108.8760962613364711       78.3934330284454859
     -50.7518799657626047     -108.8970937969988597       78.3624550280321728
     -50.6385667290709236     -108.9197752682762399       78.3289404749687037
     -50.5141119656006765     -108.9440665575775142       78.2929852551675793
     -50.3781659578113548     -108.9698695588000419       78.2547199343124333
     -50.2304093994954357     -108.9970625187834798       78.2143095166884450
     -50.0705542113430653     -109.0255008035375539       78.1719526620262286
     -49.8983442580440411     -109.0550180918345688       78.1278803281411740
     -49.7135559583080635     -109.0854279945158538       78.0823538214197015
     -49.5159987775470469     -109.1165260330196247       78.0356622100130863
     -49.3055155916116803     -109.1480919317975520       77.9881190908988486
     -49.0819829093506783     -109.1798925091079155       77.9400589599943174
     -48.8453109380367749     -109.2116848379401546       77.8918330197022613
     -48.5954434736588681     -109.2432196517535914       77.8438045008005872
     -48.3323575931444367     -109.2742448906486032       77.7963435458611201
     -48.0560631262311944     -109.3045095426215312       77.7498219144173817
     -47.7666018658960567     -109.3337675371754614       77.7046075179248135
     -47.4640464602129057     -109.3617814176064797       77.6610588074778008
     -47.1484989026694450     -109.3883259337251559       77.6195193771626890
     -46.8200886378926526     -109.4131915359381537       77.5803130845061162
     -46.4789731753516548     -109.4361872350467593       77.5437393542167257
     -46.1253428632944917     -109.4571438026149366       77.5100682732878852
     -45.7594255254625111     -109.4759175908672404       77.4795351531737282
     -45.3814911963832373     -109.4923942070762592       77.4523340903067918
     -44.9918559310086437     -109.5064931880639136       77.4286113774436160
     -44.5908834519599324     -109.5181726966067828       77.4084584799907987
     -44.1789841874740290     -109.5274339691725913       77.3919050950237164
     -43.7566121152057192     -109.5343254199198384       77.3789129918657466
     -43.3242602474064000     -109.5389455602198865       77.3693706498197855
     -42.8824555405093690     -109.5414457031724851       77.3630897552092875
     -42.4317529270880769     -109.5420309512113022       77.3598027550583822
     -41.9727263759972331     -109.5409598417111710       77.3591638139364761
     -41.5059647810944838     -109.5384311213017270       77.3609085143780817
     -41.0320737493357939     -109.5344300462047897       77.3650719065907708
     -40.5516753835785124     -109.5289217863684001       77.3717139233654336
     -40.0654066742072317     -109.5218830413570572       77.3808749443530530
     -39.5739177486441562     -109.5133017068772858       77.3925756746421456
     -39.0778700063738285     -109.5031768906743963       77.4068175365818263
     -38.5779342130240295     -109.4915184012601657       77.4235829682365733
     -38.0747885625076279     -109.4783465317943580       77.4428362092771039
     -37.5691167566765358     -109.4636914169639823       77.4645240539673097
     -37.0616061000452675     -109.4475925412444468       77.4885769626173015
     -36.5529456382751903     -109.4300979996277334       77.5149102260035647
     -36.0438243433159400     -109.4112637669039998       77.5434253358205297
     -35.5349294168650474     -109.3911529086237806       77.5740114736779560
     -35.0269453372125241     -109.3698347661532040       77.6065469268754384
     -34.5205528580844714     -109.3473844096322836       77.6409003753576457
     -34.0164273223973623     -109.3238819887786804       77.6769320437052215
     -33.5152369106250845     -109.2994122066167364       77.7144949976622286
     -33.0176409454439010     -109.2740636427795096       77.7534363763401615
     -32.5242882096851744     -109.2479281324080489       77.7935986875555869
     -32.0358153193076447     -109.2211000693783092       77.8348210545836423
     -31.5528451231945226     -109.1936758295098002       77.8769405357832341
     -31.0759851515366954     -109.1657531036328663       77.9197933505747926
     -30.6058261048541951     -109.1374302362777797       77.9632160637903979
     -30.1429403864801557     -109.1088055727642541       78.0070467155071441
     -29.6878806874364294     -109.0799768337316777       78.0511258964276209
     -29.2411786132510159     -109.0510405065479773       78.0952977491869831
     -28.8033433697503050     -109.0220912992459859       78.1394109177452378
     -28.3748604946259313     -108.9932215852152808       78.1833193847294581
     -27.9561906092320562     -108.9645208943231012       78.2268832391390703
     -27.5477681905423175     -108.9360754190781506       78.2699693803634631
     -27.1500004941763926     -108.9079675412729102       78.3124521301087384
     -26.7632665823746905     -108.8802754526689966       78.3542137651713517
     -26.3879163847060205     -108.8530727707612016       78.3951448976830818
     -26.0242698471780223     -108.8264283011240963       78.4351448151427917
     -25.6726161159190234     -108.8004057599427910       78.4741216515146363
     -25.3332128030713157     -108.7750636130756732       78.5119925090705664
     -25.0062853186650500     -108.7504549649073908       78.5486834917403343
     -24.6920262604447096     -108.7266274556323964       78.5841296300960153
     -24.3905948966894535     -108.7036232701384364       78.6182747834857736
     -24.1021167141341088     -108.6814791460000578       78.6510714498901962
     -23.8266830441067157     -108.6602264126153869       78.6824805187586520
     -23.5643507829131202     -108.6398911060202579       78.7124710114457997
     -23.3151421912360810     -108.6204940849714689       78.7410197677084938
     -23.0790447779022010     -108.6020511560862047       78.7681110957763053
     -22.8560112798163324     -108.5845732418586067       78.7937364218476972
     -22.6459597461409317     -108.5680665723365763       78.8178939327348189
     -22.4487737158286365     -108.5525328686651676       78.8405881914318769
     -22.2643024721944016     -108.5379695412255927       78.8618297587138670
     -22.0923613905198515     -108.5243698948589781       78.8816348289621203
     -21.9327323816670088     -108.5117233344054171       78.9000248812379823
     -21.7851644300816645     -108.5000155653523990       78.9170263461339090
     -21.6493742233294313     -108.4892287820395467       78.9326702859781051
     -21.5250468748780968     -108.4793418550749635       78.9469920987286429
     -21.4118367367865545     -108.4703305125736108       78.9600312423312829
     -21.3093682997353362     -108.4621675142872732       78.9718309784226307
     -21.2172371778525068     -108.4548228189960923       78.9824381341470172
     -21.1350111756495487     -108.4482637460315573       78.9919028802891177
     -21.0622314342063213     -108.4424551321596368       79.0002785234695750
     -20.9984143727107053     -108.4373513267716476       79.0076324999783424
     -20.9433609788099595     -108.4294050190762704       79.0188355258428885
     -20.8966749736115283     -108.4170430422893219       79.0360464306363184
     -20.8576685638461612     -108.4017522526419413       79.0572251312198375
     -20.8256685586455959     -108.3846276692792685       79.0808702837953632
     -20.8000052861538229     -108.3665158665678234       79.1058228684955935
     -20.7800072477721862     -108.3480937340318775       79.1311580981471963
     -20.7649985053079291     -108.3299167106873853       79.1561190640392311
     -20.7542974321746989     -108.3124520027470936       79.1800709370501181
     -20.7472160710229154     -108.2961053452718971       79.2024640348712410
     -20.7430595161878557     -108.2812478677080605       79.2227968001081564
     -20.7411245910257520     -108.2682513098727242       79.2405674326807343
     -20.7406966041696101     -108.2575453614883259       79.2551953756804437
     -20.7411158427782070     -108.2488822182990305       79.2670251394307286
