  -62.103004320115758        40.808754127642445        127.94480292938078     
  -60.579004320115757        40.803247011841371        127.92753685839349     
  -59.055004320115756        40.797739896040298        127.91027078740620     
  -57.531004320115755        40.792232780239225        127.89300471641891     
  -51.424677459317579        40.770166999962562        127.82382343488996     
  -51.416097260501296        40.770135994615792        127.82372622601736     
  -51.403772327183844        40.770091526922883        127.82358680960212     
  -51.387045767159329        40.770031309739977        127.82339801492310     
  -51.365272561310810        40.769953150909025        127.82315296905827     
  -51.337821304631298        40.769854975587684        127.82284516688345     
  -51.304075910750001        40.769734850131194        127.82246854591119     
  -51.263437275327966        40.769591007307916        127.82201756523789     
  -51.215324893795746        40.769421872635853        127.82148728782103     
  -51.159178429027726        40.769226091654303        127.82087346526438     
  -51.094459224686780        40.769002551485904        127.82017260379719     
  -51.020651760128089        40.768748518224847        127.81937612113235     
  -50.937265042927393        40.768461086624797        127.81847488474294     
  -50.843833935297511        40.768138637602114        127.81746376854485     
  -50.739920410884430        40.767779724233868        127.81633813685714     
  -50.625114738688858        40.767383116957376        127.81509394544990     
  -50.499036590574448        40.766947868992403        127.81372787844313     
  -50.361336069914600        40.766473403646017        127.81223751121088     
  -50.211694660953718        40.765959604673363        127.81062141879694     
  -50.049826095284459        40.765406942614966        127.80887930314971     
  -49.875477134663186        40.764816642009329        127.80701211372846     
  -49.688428269719793        40.764190902119630        127.80502214642199     
  -49.488494334537641        40.763533159552949        127.80291301218359     
  -49.275525038317319        40.762848432119505        127.80068950471265     
  -49.049405417016210        40.762143871396539        127.79835764543338     
  -48.810056207508573        40.761429458462324        127.79592454458063     
  -48.557434148674346        40.760718912691324        127.79339809818603     
  -48.291532215351879        40.760030877048912        127.79078646418161     
  -48.012379799576209        40.759390559575913        127.78809755066985     
  -47.720042846981094        40.758831879188136        127.78533823489387     
  -47.414623963863029        40.758400227300221        127.78251308552346     
  -47.096262522311271        40.758156214594891        127.77962295542673     
  -46.765134794203888        40.758180689076887        127.77666327657437     
  -46.421454076505640        40.758580508936660        127.77362164223243     
  -46.065470558829858        40.759492720211469        127.77047620427071     
  -45.697470811913639        40.761085822836051        127.76719500440960     
  -45.317776879447848        40.763557776083289        127.76373574463555     
  -44.926744958893458        40.767131001450458        127.76004742613965     
  -44.524763728940130        40.772044548134161        127.75607242113304     
  -44.112252439815762        40.778544729490648        127.75174915397400     
  -43.689658892001582        40.786875405957353        127.74701484035609     
  -43.257457395526558        40.797268782175365        127.74180784234800     
  -42.816146760565481        40.809937486698267        127.73607033442218     
  -42.366248359356156        40.825067840428702        127.72974989820318     
  -41.908304425188334        40.842816489780269        127.72280092385419     
  -41.442876639544501        40.863310996561282        127.71518639910772     
  -40.970544699659513        40.886651320746992        127.70688087719151     
  -40.491904827081775        40.912908892327302        127.69786630641630     
  -40.007568223706201        40.942126909753149        127.68813146822802     
  -39.518159507444715        40.974320871745405        127.67767152992937     
  -39.024315120693444        41.009479492975622        127.66648796349021     
  -38.526681735677165        41.047565788397243        127.65458806524254     
  -38.025914646595098        41.088518546245972        127.64198472158998     
  -37.522676165029324        41.132254010205187        127.62869590132115     
  -37.017634012665724        41.178667869827066        127.61474423018306     
  -36.511459716649597        41.227637460243578        127.60015645427224     
  -36.004827011455070        41.279024164475729        127.58496287083241     
  -35.498410238000730        41.332675970587701        127.56919677442302     
  -34.992882723498411        41.388429789972790        127.55289391267787     
  -34.488915074045501        41.446113036859245        127.53609228207910     
  -33.987173453685969        41.505544896363489        127.51883193318197     
  -33.488317863258580        41.566537640107832        127.50115485876269     
  -32.993000444828688        41.628897937252951        127.48310479601892     
  -32.501863797229255        41.692428181601151        127.46472703884034     
  -32.015539321293396        41.756927809105846        127.44606821953995     
  -31.534645588715957        41.822194632736959        127.42717616906202     
  -31.059786743083734        41.888026129105711        127.40809968926398     
  -30.591550936635965        41.954220688815681        127.38888830427696     
  -30.130508802855982        42.020578823887888        127.36959199923403     
  -29.677211975956439        42.086904327296672        127.35026095825060     
  -29.232191651204207        42.153005373725776        127.33094529378640     
  -28.795957200539050        42.218695564750028        127.31169480083923     
  -28.368994836631199        42.283794890580310        127.29255867125691     
  -27.951766338058967        42.348130633847227        127.27358521616840     
  -27.544707842991155        42.411538272616255        127.25482155743829     
  -27.148228705863261        42.473862337223963        127.23631330501425     
  -26.762710425861460        42.534957145684182        127.21810428087151     
  -26.388505625550476        42.594687385860546        127.20023623108774     
  -26.025937114577403        42.652928581924229        127.18274862886206     
  -25.675297007785872        42.709567406276115        127.16567843805092     
  -25.336845928010650        42.764501881589148        127.14905995158486     
  -25.010812285635215        42.817641468413207        127.13292466271660     
  -24.697391628483839        42.868907034831139        127.11730113082632     
  -24.396746088367831        42.918230750260832        127.10221493226318     
  -24.109003904792552        42.965555884732794        127.08768860417734     
  -23.834259033719039        43.010836533283587        127.07374160347007     
  -23.572570855408607        43.054037295239766        127.06039032989906     
  -23.323963969076182        43.095132898739202        127.04764814653471     
  -23.088428077124696        43.134107783868274        127.03552540114720     
  -22.865917968931520        43.170955669595195        127.02402948727286     
  -22.656353600810739        43.205679103873848        127.01316492563274     
  -22.459620265703990        43.238288983602885        127.00293344335104     
  -22.275568858726011        43.268804072208347        126.99333406504496     
  -22.104016241095625        43.297250538025480        126.98436321452768     
  -21.944745700553032        43.323661517026032        126.97601481946747     
  -21.797507506146591        43.348076701339181        126.96828041337623     
  -21.662019555180827        43.370541954115509        126.96114923082862     
  -21.537968112505553        43.391108954195580        126.95460830414852     
  -21.425008639631596        43.409834869341218        126.94864255986155     
  -21.322766710704929        43.426782055409873        126.94323491307901     
  -21.230839012487092        43.442017778380752        126.93836636028439     
  -21.148794425224235        43.455613955204903        126.93401607151925     
  -21.076175180850584        43.467646908480525        126.93016148246390     
  -21.012498094834619        43.478197139918620        126.92677841680117     
  -20.957255869208225        43.487353314189328        126.92385344378309     
  -20.909918457953303        43.495204853619093        126.92136311089990     
  -20.869934496266612        43.501840719061121        126.91927119759679     
  -20.836732789259763        43.507353758794885        126.91754217215237     
  -20.809723852718314        43.511840368036758        126.91614102882762     
  -20.788301503169727        43.515400143775622        126.91503313572520     
  -20.771844492921872        43.518135536448902        126.91418409687770     
  -20.759718185638430        43.520151500174173        126.91355963177448     
  -20.751276267921519        43.521555143309747        126.91312547523032     
  -20.745862492280924        43.522455381089095        126.91284730018252     
  -20.742812446787116        43.522962591990961        126.91269066566240     
  -20.741455346633920        43.523188279397317        126.91262099182401     
  -14.645115842778207        44.537016954938608        126.59963349984353     
  -13.121115842778206        44.790460008847880        126.52139098440020     
  -11.597115842778207        45.043903062757153        126.44314846895686     
  -10.073115842778206        45.297346116666425        126.36490595351353     
