     -25.9196278437682963      -97.8750711643460107       31.6831312006001937
     -25.9198184501047457      -97.8708057985781181       31.6962646877282879
     -25.9209419413315771      -97.8654872159110596       31.7124469357811876
     -25.9236341879915422      -97.8589597904913404       31.7320193709307894
     -25.9285369685477178      -97.8514004874958090       31.7542950846054239
     -25.9362851324733477      -97.8429584344392964       31.7786752586936494
     -25.9475057591618459      -97.8337832912901746       31.8045620911013636
     -25.9628170007378465      -97.8240428068715318       31.8313052781311754
     -25.9828268216359213      -97.8139363124763719       31.8581611480118134
     -26.0081317642423357      -97.8037081931117456       31.8842519299021383
     -26.0393158443458219      -97.7936645493537355       31.9085152036625672
     -26.0769497103033707      -97.7841972436239502       31.9296305395017264
     -26.1215903047353279      -97.7758229320303656       31.9458997900854946
     -26.1737815484651151      -97.7692538033581968       31.9550292684749451
     -26.2340005605061144      -97.7636832829008853       31.9593821904139581
     -26.3026727277917800      -97.7573230581752739       31.9643276064105422
     -26.3802534108655600      -97.7501219684428975       31.9699087931640982
     -26.4671737580896504      -97.7420341980392493       31.9761543722238102
     -26.5638393887266453      -97.7330152853402581       31.9830905508634480
     -26.6706292692067173      -97.7230221860182411       31.9907409482016476
     -26.7878946634290465      -97.7120133540261833       31.9991264185869149
     -26.9159581620614681      -97.6999488561052090       32.0082648766382647
     -27.0551127859346465      -97.6867904607409656       32.0181711041412385
     -27.2056211722013650      -97.6725017486590161       32.0288565541452215
     -27.3677148454845991      -97.6570482435378011       32.0403291522335181
     -27.5415935756204355      -97.6403975583246648       32.0525930943660171
     -27.7274248260631069      -97.6225195707847462       32.0656486472201507
     -27.9253433084041482      -97.6033867181492099       32.0794919826085874
     -28.1354506099216763      -97.5829741828294885       32.0941149737418669
     -28.3578149095117489      -97.5612600651330695       32.1095049879987897
     -28.5924707923329500      -97.5382256170295534       32.1256447051835252
     -28.8394191856414714      -97.5138556343972880       32.1425119986036663
     -29.0986273865207465      -97.4881388331292129       32.1600798257045426
     -29.3700291371208593      -97.4610679604099062       32.1783160511497215
     -29.6535248281540333      -97.4326400950923954       32.1971833574610997
     -29.9489818581918890      -97.4028572605564875       32.2166392902568788
     -30.2562349939588415      -97.3717265675163901       32.2366361857161721
     -30.5750868275586676      -97.3392603669796870       32.2571211444466641
     -30.9053084402768938      -97.3054769267098436       32.2780362279576352
     -31.2466400322069120      -97.2704005346759004       32.2993185205241744
     -31.5987916423535111      -97.2340615801291506       32.3209002434457773
     -31.9614441035470129      -97.1964972358581036       32.3427091338685386
     -32.3342498607002469      -97.1577512214774117       32.3646685873721722
     -32.7168340262030881      -97.1178741185277374       32.3866980558106974
     -33.1087954922109660      -97.0769235882493717       32.4087134874507541
     -33.5097079784826946      -97.0349640242220346       32.4306276541786502
     -33.9191213979375163      -96.9920669999408744       32.4523508190550345
     -34.3365629990669632      -96.9483106472186051       32.4737911161605766
     -34.7615388449257949      -96.9037798318131820       32.4948552611498513
     -35.1935351070638447      -96.8585655929193479       32.5154490803540526
     -35.6320195705499003      -96.8127649249878175       32.5354782153787880
     -36.0764430850626283      -96.7664802587646022       32.5548487820838659
     -36.5262410870703889      -96.7198188862748935       32.5734680588546794
     -36.9808351652998297      -96.6728923922406835       32.5912452173281153
     -37.4396346080602598      -96.6258158459004477       32.6080920038523914
     -37.9020380372313639      -96.5787071174763412       32.6239234846161068
     -38.3674349847352758      -96.5316859258124822       32.6386587114619715
     -38.8352075584761138      -96.4848730287429959       32.6522214362684267
     -39.3047320454916616      -96.4383891939882858       32.6645407403340542
     -39.7753805839845214      -96.3923542989905400       32.6755516849869139
     -40.2465227849052098      -96.3468862750436870       32.6851958756158609
     -40.7175273841185401      -96.3021001854847043       32.6934220264809738
     -41.1877637636729190      -96.2581071855432668       32.7001864470876384
     -41.6566034813147823      -96.2150136516000458       32.7054535657164536
     -42.1234218704395644      -96.1729201626028498       32.7091963424733407
     -42.5875996533867749      -96.1319207629428121       32.7113966880912415
     -43.0485245343074823      -96.0921020360898126       32.7120457178359842
     -43.5055927909217743      -96.0535425798496192       32.7111440328833041
     -43.9582108331032302      -96.0163122252851196       32.7087017983041548
     -44.4057967599805323      -95.9804717490009836       32.7047388675612183
     -44.8477818650437925      -95.9460723103750723       32.6992846886024822
     -45.2836121334634853      -95.9131553663164595       32.6923782468215194
     -45.7127496717471260      -95.8817524419816039       32.6840678347236064
     -46.1346742069570865      -95.8519014099618403       32.6743630049443681
     -46.5488849088665759      -95.8237470376150640       32.6629398809670519
     -46.9549007247627443      -95.7974608732715467       32.6493754005613681
     -47.3522616378042898      -95.7731832558209391       32.6333192672331975
     -47.7405308075190646      -95.7510220186913585       32.6144955621832580
     -48.1192963775617457      -95.7310535560817613       32.5927027995705600
     -48.4881730070605101      -95.7133227967803180       32.5678123061336962
     -48.8468033645390705      -95.6978448927584964       32.5397659644371942
     -49.1948593493267623      -95.6846067853269346       32.5085728028712495
     -49.5320429376091198      -95.6735687287147982       32.4743046080165101
     -49.8580867100713547      -95.6646672892720602       32.4370912526450539
     -50.1727539416206270      -95.6578172409193996       32.3971150453882188
     -50.4758385561189158      -95.6529143116242722       32.3546049245748364
     -50.7671650535658046      -95.6498383465333717       32.3098304690040337
     -51.0465882885200983      -95.6484555512705299       32.2630953984286535
     -51.3139937703159674      -95.6486213538912864       32.2147311510981780
     -51.5692982353733811      -95.6501834609894672       32.1650903821698648
     -51.8124500567493200      -95.6529842918714337       32.1145402180710278
     -52.0434295279670351      -95.6568633610742722       32.0634556004894051
     -52.2622490653340890      -95.6616601139798632       32.0122130161887739
     -52.4689532775960359      -95.6672162243410042       31.9611843928655404
     -52.6636189238227104      -95.6733775850000114       31.9107313391250464
     -52.8463547701225949      -95.6799960851420650       31.8611998450011740
     -53.0173013623346421      -95.6869314017871773       31.8129155885232109
     -53.1766306946890523      -95.6940523975134596       31.7661797664058518
     -53.3245457843093718      -95.7012382440168778       31.7212655280540829
     -53.4612801554019157      -95.7083792910541149       31.6784150431309968
     -53.5870972327769195      -95.7153776274320762       31.6378371938926541
     -53.7022896602145110      -95.7221475897302270       31.5997059715144708
     -53.8071785351046827      -95.7286160138992130       31.5641594896783211
     -53.9021125603121618      -95.7347222100041932       31.5312995782964194
     -53.9874671200178895      -95.7404177533411200       31.5011919466533392
     -54.0636432824566953      -95.7456661119558703       31.4738668715619383
     -54.1310667325172545      -95.7504421312484908       31.4493203585278600
     -54.1901866372676011      -95.7552411785302127       31.4259624515298910
     -54.2414744475567332      -95.7606178140336795       31.4020178866382231
     -54.2854226390082033      -95.7664276287743235       31.3778392448251360
     -54.3225433957538328      -95.7725366260423101       31.3537486267879011
     -54.3533672404693178      -95.7788215274870964       31.3300364239432554
     -54.3784416145160563      -95.7851677115827869       31.3069673191102815
     -54.3983294116736928      -95.7914672312070508       31.2847860598894663
     -54.4136074694860028      -95.7976166920127383       31.2637236926869271
     -54.4248650222562205      -95.8035146937547353       31.2440051818817075
     -54.4327021197947545      -95.8090583387618580       31.2258599439507236
     -54.4377280161182071      -95.8141378405629212       31.2095382741562588
     -54.4405595323836948      -95.8186271043208393       31.1953402126190440
     -54.4418193984190424      -95.8223659151394713       31.1836702677929196
     -54.4421345772740253      -95.8254231960296465       31.1742282334613492
     -54.4418193984190424      -95.8285065774328189       31.1647946902306998
     -54.4405595323836948      -95.8323497299466851       31.1531586901733171
     -54.4377280161182071      -95.8370735572418226       31.1390369375841978
     -54.4327021197947545      -95.8425696042761075       31.1228507795958542
     -54.4248650222562276      -95.8487632935489415       31.1049170161110631
     -54.4136074694860667      -95.8555961294688359       31.0855026285023932
     -54.3983294116740979      -95.8630163308097565       31.0648536626098526
     -54.3784416145182377      -95.8709735250506441       31.0432116833117675
     -54.3533672404789456      -95.8794153735611587       31.0208243466202802
     -54.3225433957903405      -95.8882851575829989       30.9979530659063656
     -54.2854226391301395      -95.8975198258057446       30.9748793009664070
     -54.2414744479228474      -95.9070482004149625       30.9519103927055674
     -54.1901866382716051      -95.9167891133730279       30.9293856281508965
     -54.1310667350623547      -95.9266518820483327       30.9076750665506701
     -54.0636432885226696      -95.9372326176147254       30.8850169611058298
     -53.9874671337802639      -95.9490662633630365       30.8598342300024875
     -53.9021125901825897      -95.9621755095345748       30.8321384421643785
     -53.8071785973808332      -95.9765720818554797       30.8019755705287146
     -53.7022897853636962      -95.9922564753300804       30.7694272329601688
     -53.5870974759053880      -96.0092178509579242       30.7346114657720015
     -53.4612806131757097      -96.0274341093476522       30.6976829751784486
     -53.3245466215397244      -96.0468721512993540       30.6588328183395369
     -53.1766321850143768      -96.0674882564787538       30.6182874495696851
     -53.0173039489617040      -96.0892286182509707       30.5763071120686085
     -52.8463591544623910      -96.1120302517181671       30.5331836239190437
     -52.6636261921045303      -96.1358220220942883       30.4892374697883923
     -52.4689650782008030      -96.1605258423646063       30.4448142197557310
     -52.2622678527050937      -96.1860580074818614       30.4002802845512967
     -52.0434588926252033      -96.2123305228917616       30.3560179961550958
     -51.8124951653310148      -96.2392528068780990       30.3124201815298697
     -51.5693664100579952      -96.2667334988761070       30.2698842054378616
     -51.3140952441177163      -96.2946822322113434       30.2288055115758709
     -51.0467371827781520      -96.3230110826287529       30.1895706568534727
     -50.7673806385266317      -96.3516366269839040       30.1525502266231733
     -50.4761468784926635      -96.3804820358464553       30.1180915495518349
     -50.1731898993916374      -96.4094785524393529       30.0865111147769859
     -49.8586958900555715      -96.4385671459909872       30.0580870865123089
     -49.5328820902392621      -96.4677007274722058       30.0330523124854274
     -49.1959955045024984      -96.4968452417169260       30.0115875035920006
     -48.8483115284273737      -96.5259809006027041       29.9938151237854562
     -48.4901326506148607      -96.5551039133755751       29.9797942410617573
     -48.1217872550246923      -96.5842266423414912       29.9695157898768230
     -47.7436287631875800      -96.6133786848690903       29.9628990771566883
     -47.3560349560318770      -96.6426073193418773       29.9597890853613862
     -46.9594073570054533      -96.6719771390260689       29.9599545626187371
     -46.5541707086024061      -96.7015707293298732       29.9630875280790256
     -46.1407723850859313      -96.7314874908056339       29.9688033405219834
     -45.7196822350779541      -96.7618434657297541       29.9766430718722532
     -45.2913912821812374      -96.7927170811042714       29.9862466752084451
     -44.8564094979695227      -96.8240762552088512       29.9975895242526818
     -44.4152649365278123      -96.8558704417671237       30.0106849248497021
     -43.9685024530392354      -96.8880456840756779       30.0255356288198527
     -43.5166823131092926      -96.9205449769282836       30.0421337339663168
     -43.0603787483225986      -96.9533083414374488       30.0604605915303793
     -42.6001785101067370      -96.9862733848603114       30.0804869584073593
     -42.1366793684437937      -97.0193754502283667       30.1021731144865292
     -41.6704885991955223      -97.0525482637997072       30.1254692239599500
     -41.2022214290964186      -97.0857242064602417       30.1503156663011893
     -40.7324994600640480      -97.1188349875004491       30.1766435743486987
     -40.2619490639903646      -97.1518120305246100       30.2043753605220928
     -39.7911997467471323      -97.1845871384434901       30.2334254023136317
     -39.3208823979471731      -97.2170929538109334       30.2637007478781079
     -38.8516275408568958      -97.2492635777563379       30.2951019766473735
     -38.3840636546978686      -97.2810350120575720       30.3275240742501531
     -37.9188155223664793      -97.3123457144591697       30.3608573839342029
     -37.4565025433852270      -97.3431369875385286       30.3949885364435985
     -36.9977370884088401      -97.3733534694985821       30.4298014316812058
     -36.5431228119901874      -97.4029434276739039       30.4651781685441669
     -36.0932530248859393      -97.4318591597203465       30.5010000080347510
     -35.6487090350187188      -97.4600571805366371       30.5371482593362060
     -35.2100585430300086      -97.4874984896341488       30.5735051717352064
     -34.7778540504163942      -97.5141486844320866       30.6099547504469136
     -34.3526312778095786      -97.5399780261541878       30.6463835218333642
     -33.9349076874623279      -97.5649615609374052       30.6826812733351737
     -33.5251809212566911      -97.5890788835347678       30.7187416324455995
     -33.1239274790418463      -97.6123143592261613       30.7544627360789988
     -32.7316012035334154      -97.6346565773066146       30.7897475997827854
     -32.3486321249064517      -97.6560986778676892       30.8245046968460024
     -31.9754250612488455      -97.6766376519871926       30.8586481492667630
     -31.6123585175532398      -97.6962744299184607       30.8920981065035285
     -31.2597835487644389      -97.7150135236643820       30.9247809239733122
     -30.9180226611502214      -97.7328625212512350       30.9566292356475437
     -30.5873689722165309      -97.7498322348424580       30.9875821765995596
     -30.2680852368513591      -97.7659359504106362       31.0175852667533576
     -29.9604031035290070      -97.7811892726499110       31.0465904316154919
     -29.6645224807427006      -97.7956100430255049       31.0745559988169866
     -29.3806108650399018      -97.8092176707545633       31.1014464646901487
     -29.1088028775346075      -97.8220330031302439       31.1272323927228740
     -28.8491999093837634      -97.8340782692044399       31.1518903009479047
     -28.6018697667992896      -97.8453765471727195       31.1754023678664609
     -28.3668464731416137      -97.8559515538718045       31.1977562154061623
     -28.1441302028865152      -97.8658276438626586       31.2189447380353791
     -27.9336872680874393      -97.8750295720543164       31.2389658402851964
     -27.7354501907029842      -97.8835822222538638       31.2578221513516610
     -27.5493178966256060      -97.8915105082615042       31.2755207873679986
     -27.3751560134512602      -97.8988393358060165       31.2920731285658213
     -27.2127972592715857      -97.9055935639601955       31.3074945939335905
     -27.0620419024671257      -97.9117978466711492       31.3218043777582409
     -26.9226583268067472      -97.9174765908039859       31.3350252258212976
     -26.7943836867477074      -97.9226539424744118       31.3471832248958933
     -26.6769246484447606      -97.9273537847793278       31.3583076015120064
     -26.5699582147288815      -97.9315997501443860       31.3684305319775376
     -26.4731326321871343      -97.9354152511252778       31.3775869654726094
     -26.3860683714350728      -97.9388234806588969       31.3858144447776368
     -26.3083591851086602      -97.9418474383816005       31.3931529427376610
     -26.2395732391114258      -97.9445099715913017       31.3996447105431074
     -26.1792541887491943      -97.9468298412952834       31.4053465655240878
     -26.1268695172341410      -97.9471189969380447       31.4156504128624121
     -26.0818948886450670      -97.9446519704905114       31.4329357095445197
     -26.0438319811391104      -97.9401961381158088       31.4549162450039326
     -26.0121575785563088      -97.9343290887146338       31.4799028205154166
     -25.9863272252356623      -97.9275087091290288       31.5065852464921790
     -25.9657779495386691      -97.9201115720356512       31.5339124579264407
     -25.9499305670063585      -97.9124563553660323       31.5610189836294701
     -25.9381917929792358      -97.9048199012689935       31.5871742340061239
     -25.9299562894358360      -97.8974501148405096       31.6117416184477023
     -25.9246087405100347      -97.8905789214838222       31.6341375394364235
     -25.9215260765934481      -97.8844393285948797       31.6537777492893575
     -25.9200800504279272      -97.8792933471181357       31.6699901652561877
     -25.9196278437682963      -97.8750711643460107       31.6831312006001937
