     -17.8929802290672342      142.9746808382053018       -0.3317947173338249
     -17.8937296860850523      142.9746536116578000       -0.3473597215205784
     -17.8956580708770971      142.9746308306868627       -0.3665254466887152
     -17.8994983688386853      142.9746195023206496       -0.3896877101046913
     -17.9059484567360414      142.9746291689511963       -0.4160233454965110
     -17.9157019820400265      142.9746693651305804       -0.4448137052195851
     -17.9294438868708745      142.9747499610971886       -0.4753414167399516
     -17.9478469417390230      142.9748814595866406       -0.5068269015685238
     -17.9715686796323197      142.9750752918739352       -0.5383798711452403
     -18.0012483674831572      142.9753441382875678       -0.5689509591874441
     -18.0375037271591694      142.9757022913296680       -0.5972716838948988
     -18.0809270286502155      142.9761660851857528       -0.6217673299204851
     -18.1320798677926476      142.9767544376089745       -0.6404148284779879
     -18.1914851105699888      142.9774896109894939       -0.6504842277792653
     -18.2597798676176062      142.9783698565654220       -0.6547726625445549
     -18.3376654224472091      142.9793767721476740       -0.6596464842869156
     -18.4256605924153263      142.9805182551490361       -0.6651526410224956
     -18.5242566039522103      142.9818022001028908       -0.6713214929801041
     -18.6339161314724819      142.9832364492137060       -0.6781813987939154
     -18.7550720461795954      142.9848288128019647       -0.6857585678379291
     -18.8881262434147388      142.9865870941956700       -0.6940769059930548
     -19.0334485518950132      142.9885191152800417       -0.7031578549193845
     -19.1913757276328099      142.9906327444653016       -0.7130202251160704
     -19.3622105351802318      142.9929359268790279       -0.7236800232413391
     -19.5462209190156635      142.9954367089549692       -0.7351502743572464
     -19.7436392682793347      142.9981432384570041       -0.7474408399736735
     -19.9546617730183904      143.0010638079522209       -0.7605582335218952
     -20.1794478764177505      143.0042068928889591       -0.7745054346381491
     -20.4181198249193088      143.0075811760021338       -0.7892817041752708
     -20.6707623224074162      143.0111954537883605       -0.8048824014060459
     -20.9374222900253528      143.0150586174565603       -0.8212988044029246
     -21.2181087213570017      143.0191797510347840       -0.8385179348399616
     -21.5127926402219956      143.0235681042254612       -0.8565223912121136
     -21.8214071655594886      143.0282329634546272       -0.8752901944671525
     -22.1438476721081727      143.0331837255893390       -0.8947946513797922
     -22.4799720591594543      143.0384298606527977       -0.9150042375407302
     -22.8296011289511469      143.0439807173587212       -0.9358825033553074
     -23.1925190583312606      143.0498456081167546       -0.9573880096476076
     -23.5684739811886672      143.0560336757869493       -0.9794742935566845
     -23.9571786730231402      143.0625537542866539       -1.0020898696746625
     -24.3583113292657281      143.0694144209333558       -1.0251782713353317
     -24.7715164534223469      143.0766237540496491       -1.0486781319336451
     -25.1964058316278710      143.0841893670398406       -1.0725233130990453
     -25.6325596118181522      143.0921181367815507       -1.0966430780240466
     -26.0795274670766375      143.1004161787378450       -1.1209623158544251
     -26.5368298520673243      143.1090886524323480       -1.1454018154632752
     -27.0039593283995067      143.1181396801912342       -1.1698785933950024
     -27.4803819286270361      143.1275722929730421       -1.1943062896649073
     -27.9655386113185500      143.1373883409844439       -1.2185956353775842
     -28.4588468031307080      143.1475883213675218       -1.2426549790745096
     -28.9597020041708042      143.1581713203157165       -1.2663908684163871
     -29.4674794558244777      143.1691348669013166       -1.2897086814695000
     -29.9815358608467442      143.1804749316107177       -1.3125133045336159
     -30.5012111566732180      143.1921857804358353       -1.3347098478454518
     -31.0258303309705035      143.2042599527343043       -1.3562043944390363
     -31.5547052802327492      143.2166880416738479       -1.3769047712228155
     -32.0871366926574737      143.2294588989690567       -1.3967213393794582
     -32.6224159624706616      143.2425596580993954       -1.4155677890976834
     -33.1598271219733149      143.2559759249218416       -1.4333619320116491
     -33.6986487967765669      143.2696916981316235       -1.4500264767650859
     -34.2381561762871058      143.2836890108776515       -1.4654897769078490
     -34.7776230022377248      143.2979482161745466       -1.4796865475478178
     -35.3163238465215414      143.3124481132054200       -1.4925584784363823
     -35.8535364008709010      143.3271660600717041       -1.5040546608217218
     -36.3885434693798331      143.3420780774152661       -1.5141319088482770
     -36.9206348987922794      143.3571589709270881       -1.5227550189194763
     -37.4491094738064660      143.3723824695267695       -1.5298969653940044
     -37.9732767696056968      143.3877213317217638       -1.5355390291719788
     -38.4924589643051789      143.4031475189522382       -1.5396708574041775
     -39.0059926084858049      143.4186323381151453       -1.5422904503879309
     -39.5132303568563685      143.4341466314218110       -1.5434040731839109
     -40.0135426703887376      143.4496609144760271       -1.5430260866732950
     -40.5063194989441300      143.4651454999157068       -1.5411786924309114
     -40.9909716435547793      143.4805712665367707       -1.5378335220614687
     -41.4669309539038693      143.4959136202489560       -1.5325531467005908
     -41.9336547569584610      143.5111495675307367       -1.5247751902758295
     -42.3906274407179779      143.5262555542515202       -1.5140211538073729
     -42.8373589305861984      143.5412073817487340       -1.4998996683098051
     -43.2733842435096321      143.5559802336766495       -1.4821078411954072
     -43.6982632970396878      143.5705486305186867       -1.4604314661485656
     -44.1115808364891393      143.5848863113881464       -1.4347441150120386
     -44.5129467785934310      143.5989665542612101       -1.4050051249837774
     -44.9019973066744029      143.6127623878037980       -1.3712564325064371
     -45.2783968717917560      143.6262469202786178       -1.3336181779798613
     -45.6418408977664782      143.6393941168825279       -1.2922830307999162
     -45.9920587154301685      143.6521793085098295       -1.2475092741967431
     -46.3288163391702312      143.6645788461333382       -1.1996128176577452
     -46.6519191306827921      143.6765701873115688       -1.1489583246475028
     -46.9612126442473752      143.6881324195604464       -1.0959498026462637
     -47.2565823402490821      143.6992466812777707       -1.0410212130599437
     -47.5379533257073703      143.7098963512527519       -0.9846273011273182
     -47.8052901190882906      143.7200672573088127       -0.9272347365411479
     -48.0585964045683411      143.7297478276065021       -0.8693136560334900
     -48.2979147516755773      143.7389292135462995       -0.8113296985452185
     -48.5233262891109689      143.7476053152276734       -0.7537366166583640
     -48.7349503206191059      143.7557727430868511       -0.6969695390150270
     -48.9329438722808092      143.7634307775308571       -0.6414389464837931
     -49.1175011699935453      143.7705812116992661       -0.5875254104027707
     -49.2888530358566399      143.7772282858279027       -0.5355751283277734
     -49.4472662013890343      143.7833786830905467       -0.4858962764260850
     -49.5930425425251684      143.7890413789485820       -0.4387561823878898
     -49.7265182308053610      143.7942274740109099       -0.3943793097576434
     -49.8480627998173560      143.7989500272338717       -0.3529460302179663
     -49.9580781262200873      143.8032239177495626       -0.3145921476337477
     -50.0569973301798896      143.8070656423131766       -0.2794091259331799
     -50.1452835935203112      143.8104931362912282       -0.2474449634171815
     -50.2234288971283576      143.8135256382400655       -0.2187056474374491
     -50.2919526817223144      143.8161860967791483       -0.1912630279710095
     -50.3514004352586113      143.8184974075625178       -0.1629630938583425
     -50.4023422104656333      143.8204795267357952       -0.1342466073459790
     -50.4453710765020631      143.8221538738636980       -0.1055170439258521
     -50.4811015089162751      143.8235432143872572       -0.0771390981645575
     -50.5101677222780552      143.8246715250470231       -0.0494460110572209
     -50.5332219500897537      143.8255638593219317       -0.0227466250422351
     -50.5509326767332396      143.8262462148923646        0.0026669980480396
     -50.5639828263398243      143.8267454052896426        0.0265102713809206
     -50.5730679135822143      143.8270889383834117        0.0484932269376267
     -50.5788941614808323      143.8273049056265052        0.0683004813197897
     -50.5821765913942016      143.8274218892358078        0.0855560463937130
     -50.5836370904233377      143.8274689008467817        0.0997566340082824
     -50.5840024615059107      143.8274745136560568        0.1112577411692890
     -50.5836370904233448      143.8274511075015312        0.1227588258826764
     -50.5821765913942016      143.8273821262312424        0.1369593237709539
     -50.5788941614808323      143.8272384466935705        0.1542146872089030
     -50.5730679135822072      143.8269918359245025        0.1740215837638503
     -50.5639828263398030      143.8266142934322147        0.1960039815325456
     -50.5509326767330620      143.8260782157268238        0.2198464540337982
     -50.5332219500885245      143.8253565435808241        0.2452589910383540
     -50.5101677222714684      143.8244229037788386        0.2719569645706355
     -50.4811015088871216      143.8232517505197734        0.2996482729250975
     -50.4453710763915879      143.8218185081629201        0.3280240352664806
     -50.4023422100966627      143.8200997155487357        0.3567509738828267
     -50.3514004341507118      143.8180731714706155        0.3854643593601761
     -50.2919526786841971      143.8157180805795008        0.4137606833785860
     -50.2234288894270193      143.8130151685991507        0.4411991529114535
     -50.1452835751657204      143.8099382073141044        0.4699337401050874
     -50.0569972885391010      143.8064612648500713        0.5018925549404263
     -49.9580780358456948      143.8025651114718073        0.5370695756555232
     -49.8480626114082099      143.7982318852357366        0.5754167670016724
     -49.7265178522041182      143.7934452293886807        0.6168426219837170
     -49.5930418070620078      143.7881904723068658        0.6612112814667762
     -49.4472648167248749      143.7824548297609510        0.7083422962739763
     -49.2888505036215321      143.7762275414177964        0.7580110870465911
     -49.1174966628359542      143.7695000344210428        0.8099501471458624
     -48.9329360503308024      143.7622660855994070        0.8638510209414791
     -48.7349370637234287      143.7545219653183324        0.9193670758326278
     -48.5233043144302769      143.7462664328224093        0.9761170701744585
     -48.2978790782392977      143.7375007909579665        1.0336895048010108
     -48.0585396170155548      143.7282290302860872        1.0916477277466718
     -47.8052013718074562      143.7184578540760924        1.1495357419160388
     -47.5378170154048831      143.7081966990548096        1.2068846489970126
     -47.2563763586472234      143.6974576900159946        1.2632196429649889
     -46.9609061013100515      143.6862554946818307        1.3180674476670904
     -46.6514694092053546      143.6746071476207192        1.3709640746930609
     -46.3281652977824550      143.6625318139283252        1.4214627571955483
     -45.9911277881475584      143.6500505680497213        1.4691418949566712
     -45.6405248497498235      143.6371859380734577        1.5136128205236099
     -45.2765582792092971      143.6239614279845114        1.5545272997223760
     -44.8994651570614920      143.6104015909508007        1.5915850393056785
     -44.5095191760012128      143.5965325211573713        1.6245412492175020
     -44.1070319867136007      143.5823814650769634        1.6532141248710324
     -43.6923541317114896      143.5679761269935852        1.6774921396007760
     -43.2658750547113513      143.5533443489028400        1.6973409259776022
     -42.8280220247475114      143.5385138222389969        1.7128094290988780
     -42.3792581420338834      143.5235116419499093        1.7240350130690660
     -41.9200797501845699      143.5083642774341115        1.7312472747883492
     -41.4510135788898708      143.4930974684033345        1.7347703923370128
     -40.9726135049016023      143.4777360533348940        1.7350238874910375
     -40.4854560972855850      143.4623038705140914        1.7325204796730165
     -39.9901391636433132      143.4468262323986210        1.7276572552603351
     -39.4872830091246456      143.4313333760354112        1.7204314010320214
     -38.9775273613203979      143.4158558897809428        1.7107985626953341
     -38.4615293461600345      143.4004238455694349        1.6987311082176435
     -37.9399616914225533      143.3850666797037547        1.6842181790281496
     -37.4135108634531903      143.3698130549870484        1.6672655773019593
     -36.8828751600915012      143.3546906810508688        1.6478954856846249
     -36.3487627768593526      143.3397261864942038        1.6261460222959734
     -35.8118898563422619      143.3249449661150550        1.6020706359213845
     -35.2729785355053522      143.3103710985537589        1.5757373516310034
     -34.7327549954376877      143.2960272408747926        1.5472278776721218
     -34.1919475248210318      143.2819345301279270        1.5166365882060588
     -33.6512846270880459      143.2681125282146013        1.4840694007930810
     -33.1114934175676154      143.2545791516483007        1.4496426204103401
     -32.5732980148747586      143.2413505730193606        1.4134818447225719
     -32.0374176592482485      143.2284409998376873        1.3757208587941792
     -31.5045648093321091      143.2158630787056950        1.3365004931253424
     -30.9754432713209269      143.2036279603656794        1.2959674472751284
     -30.4507463630951740      143.1917451285246159        1.2542730942947438
     -29.9311551075474540      143.1802224048232972        1.2115722833848410
     -29.4173364660616272      143.1690657637691686        1.1680221504224864
     -28.9099416029090612      143.1582795888333237        1.1237809540697898
     -28.4096041976387994      143.1478667054322784        1.0790069430693219
     -27.9169388027062659      143.1378285162827808        1.0338572681833638
     -27.4325392534235313      143.1281650404948778        0.9884869467733048
     -26.9569771303086334      143.1188750292424743        0.9430478898256800
     -26.4908002785753709      143.1099560649832085        0.8976879979170624
     -26.0345313874034083      143.1014046955253889        0.8525503324138840
     -25.5886666171686379      143.0932165483916378        0.8077723634103608
     -25.1536742805890796      143.0853863350880033        0.7634852864952038
     -24.7299936299444099      143.0779079801049818        0.7198134196852898
     -24.3180337275660392      143.0707747539000820        0.6768736933246681
     -23.9181723907135861      143.0639793335442391        0.6347752331489024
     -23.5307552070060382      143.0575140260439753        0.5936190354629939
     -23.1560946360103088      143.0513707385460407        0.5534977291026407
     -22.7944691818467042      143.0455412028402407        0.5144954220292268
     -22.4461226605226685      143.0400168901401514        0.4766876247833454
     -22.1112635442603604      143.0347891724199769        0.4401412469141279
     -21.7900643969561330      143.0298494055588208        0.4049146582396683
     -21.4826614061182752      143.0251888489729879        0.3710578076666801
     -21.1891539975095675      143.0207988567929362        0.3386123934101768
     -20.9096045513013635      143.0166708791489611        0.3076120756349653
     -20.6440382169000785      143.0127963936226365        0.2780827245761164
     -20.3924428175328458      143.0091670310161476        0.2500426974135954
     -20.1547688579510940      143.0057745812053156        0.2235031362104509
     -19.9309296393208299      143.0026108809556717        0.1984682814646130
     -19.7208014714096507      142.9996678567943604        0.1749357980512543
     -19.5242239759596004      142.9969375989919627        0.1528971056458697
     -19.3410004914171409      142.9944123315987383        0.1323377067419254
     -19.1708985774062270      142.9920843697965438        0.1132375086334285
     -19.0136506170297217      142.9899460803941622        0.0955711364720160
     -18.8689545135079122      142.9879898818800257        0.0793082352384165
     -18.7364744830264520      142.9862082180209200        0.0644137591108635
     -18.6158419403484032      142.9845935289308443        0.0508482474942545
     -18.5066564745092421      142.9831382248703164        0.0385680875934857
     -18.4084869119659373      142.9818346628136112        0.0275257640049546
     -18.3208724644936609      142.9806751233896023        0.0176700963188890
     -18.2433239583807598      142.9796517949913834        0.0089464661421312
     -18.1753255068540085      142.9787567682831479        0.0012823077112733
     -18.1164921657160001      142.9779836922755862       -0.0117156774102456
     -18.0663262143786660      142.9773230833284288       -0.0328727469739570
     -18.0241701350748293      142.9767631665689862       -0.0594881586344842
     -17.9893627611516109      142.9762929831938436       -0.0895691092807883
     -17.9612345099841413      142.9759025299089785       -0.1215721229981964
     -17.9391055551115279      142.9755827040137888       -0.1542608462662256
     -17.9222854105556024      142.9753251702894659       -0.1866188426911824
     -17.9100732303206200      142.9751222044742462       -0.2177894658419749
     -17.9017584361647124      142.9749665452395391       -0.2470274003364426
     -17.8966213759899553      142.9748512801730271       -0.2736500648323534
     -17.8939336398981297      142.9747697975201390       -0.2969740367052682
     -17.8929574143129706      142.9747158552013957       -0.3162117131822336
     -17.8929802290672342      142.9746808382053018       -0.3317947173338249
