     -24.6440860668459436      -36.2646098193202135     -110.9770936032348629
     -24.6446365008063104      -36.2777583065169722     -110.9727690809872627
     -24.6462071773087956      -36.2939418625217485     -110.9674000494310633
     -24.6494460407431042      -36.3134901271514465     -110.9608452781104688
     -24.6549788623408297      -36.3357028456369093     -110.9533012811949959
     -24.6634268685102818      -36.3599681298912571     -110.9449361178549367
     -24.6754035196392394      -36.3856752728602260     -110.9359181525228166
     -24.6915118895335262      -36.4121611699119825     -110.9264338263089655
     -24.7123422877414498      -36.4386694068967714     -110.9167012976581930
     -24.7384699124052538      -36.4643094776632779     -110.9069840567606491
     -24.7704523656011446      -36.4880061582566881     -110.8976077774923112
     -24.8088268103938141      -36.5084260226384814     -110.8889846666521350
     -24.8541063658820285      -36.5238575184795380     -110.8816530307407930
     -24.9067748470624082      -36.5319927403909759     -110.8763490438627315
     -24.9673764807802314      -36.5351892801530340     -110.8722674410962696
     -25.0364858877065117      -36.5388166252171942     -110.8676066615128235
     -25.1145621823517118      -36.5429096084776361     -110.8623273579714379
     -25.2020398707983198      -36.5474889176172724     -110.8563951137660979
     -25.2993278688990593      -36.5525733920905935     -110.8497763746611469
     -25.4068083731676708      -36.5581798846744874     -110.8424384954511481
     -25.5248358029190641      -36.5643231193746274     -110.8343497958588699
     -25.6537358167090304      -36.5710155460477395     -110.8254796271767759
     -25.7938044059181415      -36.5782671922526958     -110.8157984508746097
     -25.9453070703837909      -36.5860855186711760     -110.8052779473121348
     -26.1084780805124801      -36.5944752840215415     -110.7938911705398510
     -26.2835198149170992      -36.6034383879214644     -110.7816126507474763
     -26.4706021868103001      -36.6129737209110147     -110.7684185289322158
     -26.6698621596876251      -36.6230770200834925     -110.7542867139538885
     -26.8814033561746406      -36.6337407366667307     -110.7391970748371079
     -27.1052957762492746      -36.6449539470710732     -110.7231317564659179
     -27.3415755872143755      -36.6567022170639589     -110.7060753417677148
     -27.5902450061072919      -36.6689674752255996     -110.6880150246547458
     -27.8512722882954904      -36.6817279272959595     -110.6689408745555454
     -28.1245918433250814      -36.6949580468215260     -110.6488462865977453
     -28.4101043919436123      -36.7086284825838831     -110.6277281241588497
     -28.7076772258423993      -36.7227060004447239     -110.6055868969348239
     -29.0171446247039455      -36.7371535555962510     -110.5824272507367425
     -29.3383083232732638      -36.7519303178714338     -110.5582582215107692
     -29.6709380347777518      -36.7669916633537781     -110.5330932818606868
     -30.0147721746100444      -36.7822893643076796     -110.5069508660854041
     -30.3695185933427183      -36.7977716926233995     -110.4798545052184551
     -30.7348553842281902      -36.8133835328128214     -110.4518328517509786
     -31.1104319010310739      -36.8290667033022672     -110.4229201815782346
     -31.4958696899768746      -36.8447600907800705     -110.3931561793306031
     -31.8907636431796746      -36.8603999936963191     -110.3625861909948753
     -32.2946831719050920      -36.8759204408718659     -110.3312612378552302
     -32.7071734057133625      -36.8912534916343233     -110.2992378074576862
     -33.1277565579849380      -36.9063297189209720     -110.2665779997669233
     -33.5559331834364301      -36.9210785445937404     -110.2333490326346492
     -33.9911837079866572      -36.9354288061596421     -110.1996232680310328
     -34.4329698005443348      -36.9493091679728707     -110.1654776171355792
     -34.8807359897233979      -36.9626487118222116     -110.1309933384115851
     -35.3339111416379197      -36.9753774209255539     -110.0962553915585858
     -35.7919101322582023      -36.9874267677579311     -110.0613519946980858
     -36.2541354088543812      -36.9987302464054295     -110.0263739318738061
     -36.7199787025176576      -37.0092239446992579     -109.9914139191700571
     -37.1888226446981420      -37.0188470940008401     -109.9565658707490172
     -37.6600425053836076      -37.0275426042278966     -109.9219241154716542
     -38.1330078396945780      -37.0352576056303064     -109.8875826570059502
     -38.6070842351278003      -37.0419439210039840     -109.8536342805819004
     -39.0816349686816409      -37.0475585786131703     -109.8201698636688519
     -39.5560227610196904      -37.0520641925543543     -109.7872774103632310
     -40.0296116143826310      -37.0554293927358671     -109.7550414754752808
     -40.5017687168480123      -37.0576289839727977     -109.7235421941176128
     -40.9718661074475676      -37.0586442187440923     -109.6928549194502125
     -41.4392823443028462      -37.0584628110120846     -109.6630492911386199
     -41.9034041076934471      -37.0570791434440991     -109.6341890835062571
     -42.3636277931573701      -37.0544941577155669     -109.6063313337859029
     -42.8193610605344261      -37.0507154927901254     -109.5795264320777278
     -43.2700243475470572      -37.0457572475776971     -109.5538173365868175
     -43.7150523638464321      -37.0396400464850473     -109.5292399295329915
     -44.1538955308161718      -37.0323906630320607     -109.5058223192237818
     -44.5860214346543984      -37.0240420067596006     -109.4835854802038710
     -45.0109160328390701      -37.0145843811959168     -109.4625589710375095
     -45.4280842269198857      -37.0036681801446008     -109.4428823320764792
     -45.8370528204863064      -36.9908399806079942     -109.4247244814607711
     -46.2373718623112211      -36.9757161457603516     -109.4082257239098226
     -46.6286141174970794      -36.9579851738939453     -109.3934967850047855
     -47.0103751747389680      -36.9374085048667737     -109.3806189196039611
     -47.3822736850624509      -36.9138204001957462     -109.3696445533405921
     -47.7439516096223215      -36.8871265955567580     -109.3605974646527272
     -48.0950747566440384      -36.8573024772486164     -109.3534746351257496
     -48.4353336633202858      -36.8243898609794797     -109.3482470182760977
     -48.7644450247227255      -36.7884931573066396     -109.3448615820479120
     -49.0821535134135303      -36.7497745950083470     -109.3432436280519084
     -49.3882336611449304      -36.7084482915348929     -109.3432985442943277
     -49.6824916570972519      -36.6647739775648205     -109.3449149410918295
     -49.9647670406771951      -36.6190499534064742     -109.3479674602768341
     -50.2349333010626680      -36.5716055327349636     -109.3523192445785668
     -50.4928978295438569      -36.5227937581406934     -109.3578252476985284
     -50.7386018427272845      -36.4729841349200541     -109.3643351369787524
     -50.9720202767040007      -36.4225554489334868     -109.3716956998994903
     -51.1931616591629464      -36.3718889704592456     -109.3797533769783570
     -51.4020679425662905      -36.3213620944092526     -109.3883568065070477
     -51.5988142705782167      -36.2713423399884576     -109.3973589051526432
     -51.7835086781552505      -36.2221818249602379     -109.4066186140949810
     -51.9562917288352182      -36.1742123361642811     -109.4160024978095578
     -52.1173360918252015      -36.1277410883781869     -109.4253863349660918
     -52.2668460392127372      -36.0830470568455794     -109.4346562569266723
     -52.4050568690662075      -36.0403779647972229     -109.4437096220761561
     -52.5322342542957870      -35.9999479395203750     -109.4524556523495988
     -52.6486735163882784      -35.9619358269624172     -109.4608158276029855
     -52.7546988258300615      -35.9264841614720893     -109.4687240921145417
     -52.8506623289976574      -35.8936987547582547     -109.4761268643099044
     -52.9369432017787815      -35.8636488584496007     -109.4829828429871839
     -53.0139466323347932      -35.8363678605305651     -109.4892626490232033
     -53.0821027350704142      -35.8118544623576653     -109.4949483235430705
     -53.1418653982078482      -35.7885043698799024     -109.5005458153322166
     -53.1937110677149931      -35.7645259571973710     -109.5066208295928902
     -53.2381374705265031      -35.7402782211439813     -109.5130355986423893
     -53.2756622803473618      -35.7160893404416697     -109.5196627881139619
     -53.3068217294862592      -35.6922554341792022     -109.5263858252217517
     -53.3321691703319587      -35.6690466276714488     -109.5330968399330800
     -53.3522735902731853      -35.6467128903527097     -109.5396946871364747
     -53.3677180839985823      -35.6254903396044327     -109.5460828264326096
     -53.3790982872367366      -35.6056089442839223     -109.5521667582876688
     -53.3870207761063469      -35.5873031738076904     -109.5578505166691627
     -53.3921014363448663      -35.5708286018967712     -109.5630312436101406
     -53.3949638067700150      -35.5564910813822621     -109.5675897011405908
     -53.3962374014024945      -35.5447020509135996     -109.5713723237585810
     -53.3965560147423943      -35.5351607296723913     -109.5744564383633275
     -53.3962374014024945      -35.5256253653793763     -109.5775589215176069
     -53.3949638067700150      -35.5138601491281278     -109.5814149764734395
     -53.3921014363448663      -35.4995761649187642     -109.5861385158950725
     -53.3870207761063398      -35.4831966684229130     -109.5916124126629967
     -53.3790982872367294      -35.4650392790851114     -109.5977537117521905
     -53.3677180839984757      -35.4453712935688827     -109.6044957034789178
     -53.3522735902724747      -35.4244388761941522     -109.6117784836333442
     -53.3321691703281431      -35.4024836866366499     -109.6195436019080063
     -53.3068217294693838      -35.3797535606156330     -109.6277306519853880
     -53.2756622802833633      -35.3565102519129724     -109.6362748263705384
     -53.2381374703127790      -35.3330357807319828     -109.6451049334779242
     -53.1937110670732238      -35.3096383212530966     -109.6541415728850808
     -53.1418653964479333      -35.2866583213255538     -109.6632952423723140
     -53.0821027306090514      -35.2644673046733175     -109.6724668007401675
     -53.0139466217016704      -35.2412826380126347     -109.6822496804735891
     -52.9369431776546975      -35.2155084363121702     -109.6931757558079710
     -52.8506622766381682      -35.1871541904409142     -109.7052603291421775
     -52.7546987166679386      -35.1562641810495009     -109.7185075920656914
     -52.6486732970198616      -35.1229187282275532     -109.7329103404038619
     -52.5322338281312753      -35.0872349692604075     -109.7484498547377285
     -52.4050560666727279      -35.0493671098101842     -109.7650959604957990
     -52.2668445717202346      -35.0095060946098400     -109.7828072590925785
     -52.1173334796281011      -34.9678786662555794     -109.8015315619427383
     -51.9562871951428491      -34.9247457903900198     -109.8212065551153387
     -51.7835009936626278      -34.8804004155419207     -109.8417606519548286
     -51.5988015315917181      -34.8351645658701798     -109.8631140421287569
     -51.4020472602654976      -34.7893857672593541     -109.8851799065565586
     -51.1931287322222630      -34.7434327685257855     -109.9078655964553803
     -50.9719688130793571      -34.6976907339816592     -109.9310742017220406
     -50.7385227887219301      -34.6525559105323282     -109.9547063389315582
     -50.4927783547374389      -34.6084297714524212     -109.9786619326330026
     -50.2347554752498198      -34.5657126713069403     -110.0028418127011918
     -49.9645061217407047      -34.5247972520404218     -110.0271495530502079
     -49.6821138831878315      -34.4860617384961685     -110.0514936066614524
     -49.3876934003496686      -34.4498630439905824     -110.0757890445637344
     -49.0813896305983235      -34.4165298472778431     -110.0999589170049830
     -48.7633776650499016      -34.3863560890477800     -110.1239363602829542
     -48.4338634243993127      -34.3595943571735276     -110.1476661311524481
     -48.0930842425800620      -34.3364491803655270     -110.1711055773258039
     -47.7413094711216388      -34.3170708578758550     -110.1942266781676665
     -47.3788407756383236      -34.3015493030920169     -110.2170171182333291
     -47.0060118805370735      -34.2899083434842566     -110.2394812279247418
     -46.6231877047815786      -34.2821009934673384     -110.2616417133402535
     -46.2307628727176336      -34.2780051748070846     -110.2835397518740450
     -45.8291599277594841      -34.2774209228752014     -110.3052361921715345
     -45.4188273257573627      -34.2800684981272994     -110.3268115754943324
     -45.0002371911374937      -34.2855878401499652     -110.3483660758315636
     -44.5738823685244370      -34.2935404590739594     -110.3700192453490416
     -44.1402751556523896      -34.3035840395385421     -110.3918551159929677
     -43.6999476537934370      -34.3157109084427816     -110.4138486269282993
     -43.2534495228606133      -34.3299479063201716     -110.4359581213953163
     -42.8013463898675468      -34.3463077766206766     -110.4581412320771108
     -42.3442183293960923      -34.3647888866583031     -110.4803543562030512
     -41.8826583298435651      -34.3853754866059518     -110.5025534260389151
     -41.4172706959341994      -34.4080377511570390     -110.5246935370108332
     -40.9486694388761805      -34.4327323036035722     -110.5467296867377343
     -40.4774766444636143      -34.4594025720527739     -110.5686165473569531
     -40.0043208205930725      -34.4879795614131694     -110.5903091668801039
     -39.5298352584556412      -34.5183824953794911     -110.6117628741596519
     -39.0546563598537091      -34.5505197954523098     -110.6329339197014576
     -38.5794220248176316      -34.5842899601253038     -110.6537794934112355
     -38.1047701488964066      -34.6195826604353414     -110.6742582802637997
     -37.6313371686850786      -34.6562796896351699     -110.6943305913393090
     -37.1597563743520922      -34.6942560521703456     -110.7139588575428633
     -36.6906562825998463      -34.7333810052691803     -110.7331078315270361
     -36.2246589446601988      -34.7735191891532764     -110.7517449672675127
     -35.7623783435216751      -34.8145317248802115     -110.7698406291291775
     -35.3044187281875281      -34.8562773360666043     -110.7873683480027864
     -34.8513730506461457      -34.8986134449872054     -110.8043050037105246
     -34.4038213372353283      -34.9413972352771935     -110.8206309448475082
     -33.9623291867915995      -34.9844866985095564     -110.8363301346331440
     -33.5274461868553146      -35.0277415889839645     -110.8513901141526929
     -33.0997044991716081      -35.0710243884817956     -110.8658021343604076
     -32.6796173279623474      -35.1142011044460673     -110.8795609233156512
     -32.2676776153261642      -35.1571421299934883     -110.8926648338153171
     -31.8643565826403616      -35.1997228603396835     -110.9051154245144915
     -31.4701025274389004      -35.2418244220807679     -110.9169176102042798
     -31.0853394724066199      -35.2833341313484752     -110.9280791596010260
     -30.7104660496524922      -35.3241460334245616     -110.9386106743961307
     -30.3458543844594963      -35.3641612676692816     -110.9485252711117909
     -29.9918490214893616      -35.4032883243027996     -110.9578381785359795
     -29.6487660415326388      -35.4414433576534194     -110.9665667621324445
     -29.3168920878660941      -35.4785502121165379     -110.9747298891991107
     -28.9964836053156176      -35.5145405549126423     -110.9823478597307940
     -28.6877661236118051      -35.5493538865814074     -110.9894421702589398
     -28.3909335575514845      -35.5829373958404389     -110.9960349917670612
     -28.1061476986647563      -35.6152459187070036     -111.0021491557216109
     -27.8335377436755849      -35.6462417680666093     -111.0078078979908440
     -27.5731998781475625      -35.6758944678220900     -111.0130344485384484
     -27.3251970111308964      -35.7041805539366095     -111.0178519522092984
     -27.0895586008725999      -35.7310833473500935     -111.0222834034694159
     -26.8662805219277523      -35.7565926132448553     -111.0263513099453689
     -26.6553250580151904      -35.7807042657305061     -111.0300775609115931
     -26.4566210033660170      -35.8034200889594842     -111.0334833938011627
     -26.2700638549556658      -35.8247474453188275     -111.0365893555287045
     -26.0955160695735522      -35.8446989350700846     -111.0394151296030714
     -25.9328074292625601      -35.8632920972872498     -111.0419794908578410
     -25.7817355001506741      -35.8805491240401579     -111.0443002898366984
     -25.6420661821679410      -35.8964965882679508     -111.0463944597840822
     -25.5135343482829136      -35.9111651877517417     -111.0482780472765398
     -25.3958445608612386      -35.9245894807556141     -111.0499661864745065
     -25.2886718769202403      -35.9368076477893297     -111.0514731209944159
     -25.1916627365561148      -35.9478612713792387     -111.0528122473087933
     -25.1044359301260123      -35.9577951288928119     -111.0539961649977698
     -25.0265836413777656      -35.9666569974113344     -111.0550367327719812
     -24.9576725635236443      -35.9744974692790223     -111.0559451291639306
     -24.8972453003756975      -35.9813822285473037     -111.0567278717550010
     -24.8449137784104366      -35.9927209773124090     -111.0556553071591992
     -24.8002159838442253      -36.0109064650284765     -111.0519763661006607
     -24.7625886984532606      -36.0336588863549565     -111.0464577677454230
     -24.7314600781280909      -36.0592968988148144     -111.0396727778816484
     -24.7062473557804800      -36.0865191708732453     -111.0320724497701264
     -24.6863562915552173      -36.1142842348407385     -111.0240246750602893
     -24.6711814685543942      -36.1417367838694332     -111.0158380339562996
     -24.6601070215856772      -36.1681568336305048     -111.0077781707309583
     -24.6525075692120126      -36.1929187354478898     -111.0000809597952554
     -24.6477491719575106      -36.2154500699065949     -110.9929657310777174
     -24.6451900950768419      -36.2351778853522362     -110.9866526636787114
     -24.6441810088040221      -36.2514413423531821     -110.9813912097666702
     -24.6440860668459436      -36.2646098193202135     -110.9770936032348629
