  -68.886480424911795        48.256426278553050        33.490005728155907     
  -67.362480424911794        48.073063357444859        33.362751686532981     
  -65.838480424911793        47.889700436336668        33.235497644910055     
  -64.314480424911793        47.706337515228476        33.108243603287129     
  -58.208184098594721        46.971647008964887        32.598367693266745     
  -58.199629470340255        46.970617742806269        32.597653381573856     
  -58.187341586082390        46.969139646111280        32.596627581061966     
  -58.170665906940137        46.967134393359530        32.595235933745847     
  -58.148959968609844        46.964525367606022        32.593425267395276     
  -58.121595188887525        46.961237955874537        32.591143800544906     
  -58.087958645312867        46.957199848427209        32.588341350210740     
  -58.047454816864267        46.952341339789811        32.584969540871164     
  -57.999507283603812        46.946595629269709        32.580982013212378     
  -57.943560378177004        46.939899118563204        32.576334631122037     
  -57.879080783124863        46.927564518427744        32.567774414609183     
  -57.805559068070103        46.917937447997836        32.561093238047832     
  -57.722511161007702        46.906987305230125        32.553493875326311     
  -57.629479748174262        46.894631172937224        32.544918814062655     
  -57.526035597304798        46.880788565360994        32.535312261205945     
  -57.411778799528292        46.865382522862426        32.524620929087732     
  -57.286339925724015        46.848340882254341        32.512794961247785     
  -57.149381093881750        46.829597689612335        32.499788984797895     
  -57.000596944907414        46.809094706655308        32.485563269320600     
  -56.839715525418207        46.786782946001360        32.470084966797643     
  -56.666499077412290        46.762624155597351        32.453329403653754     
  -56.480744736314129        46.736592159220002        32.435281395561624     
  -56.282285140834368        46.708673948915489        32.415936559068165     
  -56.070988960403248        46.678870417193828        32.395302602249885     
  -55.846761348720648        46.647196612078282        32.373400590351721     
  -55.609544335335478        46.613681396712451        32.350266202600857     
  -55.359317171303736        46.578366396621313        32.325951024129388     
  -55.096096650164306        46.541304120696068        32.300523953521314     
  -54.819937432172878        46.502555144375869        32.274072853959133     
  -54.530932637098672        46.462184263069595        32.246706652272216     
  -54.229215879512950        46.420255595559205        32.218558229898647     
  -53.914961415688069        46.376826168073777        32.189788273292812     
  -53.588384447102293        46.331937968303556        32.160590721717526     
  -53.249742185514016        46.285609184460029        32.131199145227065     
  -52.899334331635430        46.237827338690870        32.101890084357954     
  -52.537502616314974        46.188545370380162        32.072981994305813     
  -52.164629354861688        46.137680902007872        32.044829639501053     
  -51.781134963115193        46.085118822787535        32.017813894604743     
  -51.387474599387168        46.030716587168570        31.992328043187211     
  -50.984134265038172        45.974311153332259        31.968762437344015     
  -50.571626726466725        45.915726501150083        31.947489403633750     
  -50.150487536240590        45.854781014819046        31.928849741080494     
  -49.721271309750072        45.791294406042304        31.913141481596817     
  -49.284548367197473        45.725093941065211        31.900611407634219     
  -48.840902262176101        45.656018481032511        31.891452182324915     
  -48.390928223788393        45.583952212049660        31.885825916459002     
  -47.935231613148282        45.508869391460031        31.883894949708754     
  -47.474426393734085        45.430777038758137        31.885784354399323     
  -47.009133576874518        45.349705006603926        31.891576673968181     
  -46.539979687030765        45.265705192652398        31.901313174002901     
  -46.067595274305525        45.178850657317234        31.914995521348072     
  -45.592613485906625        45.089234610305859        31.932587912410551     
  -45.115668701940976        44.996969243356688        31.954019639924507     
  -44.637395236413923        44.902184396955171        31.979188064934025     
  -44.158426051556830        44.805026121941822        32.007961984566755     
  -43.679390481540011        44.705656447008536        32.040186144795243     
  -43.200913141776731        44.604251492064492        32.075685082334417     
  -42.723613871635095        44.500998133735955        32.114266303134762     
  -42.248105638476794        44.396093298630937        32.155724694870713     
  -41.774993731904054        44.289742209355161        32.199844328503652     
  -41.304874995207143        44.182156834989321        32.246399850717268     
  -40.838336506966755        44.073554993030960        32.295158435422756     
  -40.375954290986343        43.964159404564178        32.345881717522865     
  -39.918292060943720        43.854196698867035        32.398327686239135     
  -39.465900000821321        43.743896371499233        32.452252522103230     
  -39.019313582143170        43.633489701420302        32.507412363355215     
  -38.579052419006246        43.523208634112912        32.563564989156610     
  -38.145619161847463        43.413284638978539        32.620471408691046     
  -37.719498430838577        43.303947550391356        32.677897346871525     
  -37.301155789752897        43.195424402706358        32.735614618982410     
  -36.891036761104338        43.087938270194556        32.793402388144990     
  -36.489565883323642        42.981707123303281        32.851048300994265     
  -36.097145810759102        42.876942712759622        32.908349498657316     
  -35.714156462030942        42.773849480529833        32.965113526989946     
  -35.340954235742892        42.672623440257773        33.021159235943742     
  -34.977871280769918        42.573451066746188        33.076317593264008     
  -34.625214800546551        42.476508294864175        33.130432311964178     
  -34.283266390844524        42.381959647671415        33.183360289932239     
  -33.952281413204730        42.289957497770637        33.234971872165097     
  -33.632488406565130        42.200641463147342        33.285150948275174     
  -33.324088539954033        42.114137936168966        33.333794899674373     
  -33.027255128074373        42.030559603094872        33.380814308642428     
  -32.742133292617297        41.950004360536376        33.426132000982413     
  -32.468839446829179        41.872556044986197        33.469683246106442     
  -32.207460874346587        41.798284965875403        33.511415665341424     
  -31.958055534067128        41.727247316701039        33.551288106272345     
  -31.720651821680303        41.659485415244234        33.589270095760085     
  -31.495248281680077        41.595028827232262        33.625341946235416     
  -31.281813514423096        41.533894653406115        33.659494082833298     
  -31.080286161990266        41.476087811575162        33.691726318373817     
  -30.890574966001580        41.421601363607515        33.722047129933010     
  -30.712558895617914        41.370416892826846        33.750472930792242     
  -30.546087351006133        41.322504911094661        33.777027366558841     
  -30.390980447167426        41.277825272257509        33.801740661246463     
  -30.247029378824902        41.236327585136053        33.824649019129197     
  -30.113996866316775        41.197951621928397        33.845794084946547     
  -29.991617682004794        41.162627719074194        33.865222463268040     
  -29.879599256272975        41.130277168815049        33.882985296127053     
  -29.777622361755160        41.100812600887949        33.899137896385767     
  -29.685341873991632        41.074138355000713        33.913739432690178     
  -29.602387606282235        41.050150845922659        33.926852660351237     
  -29.528365216100347        41.028738924082923        33.938543691159154     
  -29.462857180100098        41.009784235344732        33.948881794196907     
  -29.405371498557923        40.997027239084936        33.960673749365156     
  -29.355553503184876        40.982504034105254        33.968455932716530     
  -29.312868274666894        40.970091069985273        33.975143636778967     
  -29.276816785544298        40.959629380989455        33.980806207047600     
  -29.246882571146887        40.950958264048296        33.985517836032656     
  -29.222533056262058        40.943915190860672        33.989357060490541     
  -29.203220928504230        40.938335751058126        33.992406260476514     
  -29.188385555317442        40.934053632398417        33.994751164969330     
  -29.177454441448035        40.930900643295665        33.996480368860333     
  -29.169844723595070        40.928706782391522        33.997684865921144     
  -29.164964698798947        40.927300359273872        33.998457602040297     
  -29.162215382972970        40.926508169824359        33.998893052603009     
  -29.160992095826305        40.926155729003931        33.999086827415205     
  -23.064686068272870        39.169751189160870        34.964772242159732     
  -21.540686068272869        38.730672096572228        35.206181476771484     
  -20.016686068272868        38.291593003983586        35.447590711383235     
  -18.492686068272867        37.852513911394944        35.688999945994986     
