      -8.6983705190234755      138.7492950167555534       34.0434885312756634
      -8.6997143393059062      138.7530084706089042       34.0284185139451552
      -8.7023739337167871      138.7575813729088168       34.0099020113570418
      -8.7070969405861849      138.7631085238637354       33.9875840216236824
      -8.7145493264528042      138.7693940677435762       33.9622907325284231
      -8.7253968257512931      138.7762673475810118       33.9347468382532824
      -8.7402965220185074      138.7835584116616872       33.9056755535958203
      -8.7598909578377668      138.7910830310574113       33.8758601006729023
      -8.7848032172229207      138.7986313108582976       33.8461906873748148
      -8.8156320505223551      138.8059563490968173       33.8177113585768438
      -8.8529463029045683      138.8127601194029808       33.7916781604368737
      -8.8972776803275160      138.8186728908175951       33.7696435495063056
      -8.9491100986005048      138.8232195075818538       33.7535941019791892
      -9.0088617517547913      138.8257578498708540       33.7462010269766850
      -9.0772762316248130      138.8269520484386987       33.7447751544079679
      -9.1552976601326801      138.8283089467541629       33.7431651760657303
      -9.2434462892251670      138.8298406176325557       33.7413462181118149
      -9.3422141461322248      138.8315550757480992       33.7393083765118718
      -9.4520646218852526      138.8334597271654047       33.7370425121470987
      -9.5734312049031409      138.8355613368869399       33.7345403309703329
      -9.7067162910016620      138.8378659992654036       33.7317944683020485
      -9.8522900730416705      138.8403791117390540       33.7287985761018732
     -10.0104895131742406      138.8431053522652121       33.7255474120275025
     -10.1816174003691131      138.8460486609228894       33.7220369291592235
     -10.3659414959894178      138.8492122361766690       33.7182643677529299
     -10.5636937697541953      138.8525985496277997       33.7142283487838412
     -10.7750697265624122      138.8562093318424218       33.7099289565953413
     -11.0002278277231227      138.8600455742385122       33.7053678203807294
     -11.2392890083719355      138.8641075615341265       33.7005481967830249
     -11.4923362976696986      138.8683951395471752       33.6954751028653945
     -11.7594145585188770      138.8729077449919203       33.6901553908849394
     -12.0405303234592687      138.8776443243192489       33.6845977987427290
     -12.3356517297210466      138.8826032640317862       33.6788129989172944
     -12.6447085654995703      138.8877822057165474       33.6728136130809972
     -12.9675924096795878      138.8931782686365750       33.6666143183822868
     -13.3041568897283753      138.8987882073382139       33.6602319298862653
     -13.6542180548578305      138.9046086054596856       33.6536854828282586
     -14.0175548507481178      138.9106357849272797       33.6469962360490911
     -14.3939097207170743      138.9168657313100823       33.6401876686288972
     -14.7829893124989393      138.9232941049670274       33.6332854856267787
     -15.1844652843965147      138.9299168698469771       33.6263177606547288
     -15.5979752312335354      138.9367317389672110       33.6193152622014537
     -16.0231237206508048      138.9437373092268899       33.6123112058207880
     -16.4594834475938150      138.9509342688731977       33.6053414923399743
     -16.9065964794344268      138.9583245688898501       33.5984444368095367
     -17.3639756530625498      138.9659087778281048       33.5916600412357909
     -17.8311059726080110      138.9736864286121545       33.5850299668283796
     -18.3074460060074919      138.9816563153735842       33.5785974290755149
     -18.7924293944488987      138.9898166010521550       33.5724069731406018
     -19.2854664890476641      138.9981647666324704       33.5665041656994205
     -19.7859460420316005      139.0066976918202499       33.5609352788473032
     -20.2932369801183974      139.0154113885121774       33.5557468529137708
     -20.8066902135376246      139.0243009376889916       33.5509852745662513
     -21.3256405233460384      139.0333595841298404       33.5466961221198119
     -21.8494084510447522      139.0425793766831362       33.5429238594748895
     -22.3773022479226853      139.0519510625414057       33.5397113313962194
     -22.9086198381809432      139.0614642263092264       33.5370993059433928
     -23.4426508098274908      139.0711072642399699       33.5351259724288369
     -23.9786784158801645      139.0808674221409547       33.5338264577023466
     -24.5159815747566334      139.0907310032069120       33.5332323943353856
     -25.0538368768000481      139.1006833586111782       33.5333714554695774
     -25.5915206442508456      139.1107090541250670       33.5342669673724956
     -26.1283117142147887      139.1207917996437970       33.5359376637691042
     -26.6634942286649625      139.1309145085034800       33.5383978509714069
     -27.1963596716806180      139.1410593520333521       33.5416577063812156
     -27.7262087654378320      139.1512078306218143       33.5457236036753770
     -28.2523532907173056      139.1613408477253131       33.5505984530636923
     -28.7741178392911827      139.1714386013688625       33.5562820071358630
     -29.2908414906169163      139.1814807211573566       33.5627712324717109
     -29.8018794329201988      139.1914462681957616       33.5700606542338065
     -30.3066045379106086      139.2013138233751022       33.5781427309653466
     -30.8044089179698197      139.2110615526611355       33.5870082404782409
     -31.2947055065855864      139.2206671296731315       33.5966466629094356
     -31.7769288908280778      139.2300943059317433       33.6071030465640490
     -32.2505332807462821      139.2392089622416904       33.6188261227681195
     -32.7150012943793698      139.2478459526506072       33.6323926705387493
     -33.1698456295569954      139.2558582027168086       33.6483048061734991
     -33.6146029721935378      139.2631174981854656       33.6669859288995852
     -34.0488307948929858      139.2695149494666111       33.6887778341158892
     -34.4721049051657573      139.2749616680053464       33.7139387188675386
     -34.8840174275362429      139.2793890973780435       33.7426419864082803
     -35.2841759978373446      139.2827491968538709       33.7749760015844913
     -35.6722049857855126      139.2850143620970584       33.8109450326203529
     -36.0477491339286544      139.2861770987534840       33.8504717648546887
     -36.4104791315097600      139.2862493275837323       33.8934016995350902
     -36.7600978597429560      139.2852612293628738       33.9395095189064122
     -37.0963462764364635      139.2832596985518308       33.9885072246751321
     -37.4190091795324733      139.2803063831402710       34.0400538319370511
     -37.7279165397132203      139.2764753806433475       34.0937659690320984
     -38.0229421219913419      139.2718508878905368       34.1492282252944079
     -38.3040023274657386      139.2665249322311922       34.2060029812289983
     -38.5710552670956588      139.2605952045503841       34.2636397105268102
     -38.8240999742952013      139.2541629909556207       34.3216837152920959
     -39.0631756972501307      139.2473312142005284       34.3796842458797371
     -39.2883612331894057      139.2402025943252681       34.4372019526628392
     -39.4997742764691679      139.2328779426800907       34.4938156208940754
     -39.6975707578956261      139.2254546106638884       34.5491281485636890
     -39.8819441591222130      139.2180251026356075       34.6027717340630900
     -40.0531247889917950      139.2106758635862604       34.6544122524201512
     -40.2113790110764100      139.2034862499753842       34.7037528111151019
     -40.3570084129617328      139.1965276899534558       34.7505364892189021
     -40.4903489106956727      139.1898630349913049       34.7945482758158633
     -40.6117697833334574      139.1835461017217881       34.8356162357017496
     -40.7216726340649586      139.1776213997064247       34.8736119416207231
     -40.8204902760816637      139.1721240359648846       34.9084502220482094
     -40.9086855424972455      139.1670797852700616       34.9400882826997901
     -40.9867500206812281      139.1625053132196399       34.9685242675745869
     -41.0552027125585894      139.1579474155402352       34.9956289938731331
     -41.1145886233087268      139.1528974728093715       35.0234917927990921
     -41.1654772811628149      139.1474789904440570       35.0516900947397048
     -41.2084611920045134      139.1418076744078576       35.0798377523705867
     -41.2441542326649113      139.1359909548895928       35.1075864567263096
     -41.2731899870499035      139.1301296532396634       35.1346186124954301
     -41.2962200296095077      139.1243195829765398       35.1606404774667354
     -41.3139121608347750      139.1186532912360576       35.1853747582202701
     -41.3269485996171895      139.1132222180256406       35.2085515740903077
     -41.3360241374309041      139.1081197317894578       35.2298959871469677
     -41.3418442593995437      139.1034459328696187       35.2491085886485322
     -41.3451232373920661      139.0993161841655876       35.2658314237369339
     -41.3465822003566146      139.0958773838303841       35.2795834340833707
     -41.3469471871493681      139.0930657973933648       35.2907145404504092
     -41.3465822003566146      139.0902305357766124       35.3018396399471186
     -41.3451232373920661      139.0866971034838002       35.3155676402583723
     -41.3418442593995437      139.0823547008542391       35.3322365207593307
     -41.3360241374309041      139.0773035432772815       35.3513533787630223
     -41.3269485996171397      139.0716128772712921       35.3725485587559447
     -41.3139121608343132      139.0653374538728428       35.3955111459634111
     -41.2962200296063884      139.0585262752578615       35.4199549458387963
     -41.2731899870331844      139.0512276277223975       35.4455991287489596
     -41.2441542325909722      139.0434923583843840       35.4721558211346206
     -41.2084611917241972      139.0353762850470787       35.4993211330489018
     -41.1654772802266891      139.0269421954047004       35.5267678192194865
     -41.1145886204978694      139.0182617104732685       35.5541384850060069
     -41.0552027048505934      139.0094172160173116       35.5810385286257471
     -40.9867500011421413      139.0005016062056029       35.6070376126408306
     -40.9086854959295465      138.9909658889353068       35.6342148222386896
     -40.8204901704337360      138.9803165371006628       35.6644307380646381
     -40.7216724047727396      138.9685397877944979       35.6976757716105126
     -40.6117693053112561      138.9556333901949756       35.7338999936979747
     -40.4903479501223984      138.9416070973157105       35.7730117537616650
     -40.3570065469601928      138.9264830261510895       35.8148768582427053
     -40.2113754979127478      138.9102958670169699       35.8593183686507686
     -40.0531183641702242      138.8930929251166617       35.9061170707189063
     -39.8819327234113103      138.8749339805896170       35.9550126551964127
     -39.6975509116155152      138.8558909542799142       36.0057056374338345
     -39.4997406400411322      138.8360473699127056       36.0578600283473278
     -39.2883054767688336      138.8154976073069236       36.1111067532422609
     -39.0630851819708838      138.7943459446799750       36.1650477972265918
     -38.8239558838664536      138.7727053938912718       36.2192610374604058
     -38.5708300805189808      138.7506963384402638       36.2733057028377246
     -38.3036564501558914      138.7284449933279973       36.3267283817543003
     -38.0224194510912596      138.7060817020272907       36.3790694739918337
     -37.7271386852601651      138.6837391006050098       36.4298699613899117
     -37.4178679879851401      138.6615501906933616       36.4786783474321794
     -37.0946941917721560      138.6396463676809674       36.5250575854880424
     -36.7577354821308191      138.6181554696264300       36.5685917817572275
     -36.4071393621969150      138.5971999008558555       36.6088924112938940
     -36.0430831526498636      138.5768949328433450       36.6456040709905366
     -35.6657786797516607      138.5573470124500943       36.6784106645510306
     -35.2754768044386395      138.5386518144408967       36.7070423194570523
     -34.8724720380769142      138.5208921321634534       36.7312829926169613
     -34.4571062084260475      138.5041355370022416       36.7509786860917913
     -34.0297699336077244      138.4884319119722420       36.7660459260632067
     -33.5909014625154256      138.4738110354088292       36.7764799334388854
     -33.1409833071424558      138.4602803251528371       36.7823618628747795
     -32.6805375217780636      138.4478229630708768       36.7838646572028836
     -32.2101204263749210      138.4363963522482948       36.7812571919279492
     -31.7303164567817575      138.4259314909027694       36.7749066386038876
     -31.2417290737584779      138.4163331603016047       36.7652771611003359
     -30.7449794139121408      138.4075333684851898       36.7527282838849274
     -30.2407119402527975      138.3995642189327668       36.7372403719706071
     -29.7295891621195949      138.3924656887989784       36.7187603229849699
     -29.2122891139223775      138.3862704640926893       36.6972576155434993
     -28.6895034812887673      138.3810039223136812       36.6727241779111495
     -28.1619356267701200      138.3766841235953109       36.6451740233723484
     -27.6302985669620433      138.3733217704584604       36.6146426320448981
     -27.0953129286656669      138.3709204085244266       36.5811861524302131
     -26.5577049192131724      138.3694765124864432       36.5448803378314793
     -26.0182043182695431      138.3689798925947230       36.5058193485415075
     -25.4775425155126918      138.3694140019170788       36.4641143294796066
     -24.9364506021925578      138.3707561798531174       36.4198917976096652
     -24.3956575838482976      138.3729781798711258       36.3732919668403838
     -23.8558893389319344      138.3760465195067582       36.3244670795601934
     -23.3178675333012393      138.3799231231427029       36.2735800833518596
     -22.7823078341103944      138.3845656739630385       36.2208032736890146
     -22.2499180805634644      138.3899280492733510       36.1663169088626617
     -21.7213964900312639      138.3959608053515637       36.1103078024237263
     -21.1974299086915963      138.4026115175957159       36.0529678590655607
     -20.6786920890164829      138.4098255000567974       35.9944927069496003
     -20.1658420269565575      138.4175460936290278       35.9350802305265375
     -19.6595223283231526      138.4257151738292748       35.8749291887855293
     -19.1603576383036476      138.4342732555883231       35.8142377711713351
     -18.6689530918617912      138.4431607839277376       35.7532025156829931
     -18.1858928296647910      138.4523186645364490       35.6920170953856157
     -17.7117385646843140      138.4616887271857024       35.6308711644564369
     -17.2470281986448342      138.4712142012446918       35.5699492933560606
     -16.7922745058511076      138.4808397899439285       35.5094298945619684
     -16.3479638191959467      138.4905121835188595       35.4494843525204075
     -15.9145547666157068      138.5001793877720786       35.3902759175323354
     -15.4924771345428347      138.5097916281859227       35.3319591000945579
     -15.0821308052463774      138.5193040455476705       35.2746796484035272
     -14.6838847880548791      138.5286767579457319       35.2185739800701754
     -14.2980763039606291      138.5378742843254543       35.1637685794765034
     -13.9250099455293039      138.5468661295085155       35.1103798139313739
     -13.5649569057773114      138.5556252251323031       35.0585133225914944
     -13.2181542872878151      138.5641275803920394       35.0082638236760175
     -12.8848044656653631      138.5723522903965659       34.9597151127308123
     -12.5650745352169881      138.5802815587364023       34.9129401548404132
     -12.2590958437255164      138.5879006721569624       34.8680012449215155
     -11.9669636010559799      138.5951976855834573       34.8249501649078965
     -11.6887365837200452      138.6021631554251030       34.7838284125812365
     -11.4244369320763433      138.6087898633956854       34.7446674767998189
     -11.1740500252782144      138.6150729237857888       34.7074892471771435
     -10.9375244595028427      138.6210096755199856       34.6723063979402752
     -10.7147721354176468      138.6265996758801577       34.6391228191015159
     -10.5056684492414281      138.6318444082495489       34.6079339953708072
     -10.3100525636092151      138.6367469468690388       34.5787273794606165
     -10.1277277752737369      138.6413118115806924       34.5514828064555033
      -9.9584619836656589      138.6455448443972784       34.5261729020016119
      -9.8019882592092351      138.6494530943115535       34.5027634771851694
      -9.6580055091535435      138.6530446821462590       34.4812139004217499
      -9.5261792410065222      138.6563286985976617       34.4614774579648468
      -9.4061424208193340      138.6593151165774032       34.4435016976862158
      -9.2974964237576447      138.6620147134413799       34.4272287553702441
      -9.1998120743044076      138.6644390024904965       34.4125956646161413
      -9.1126307733162175      138.6666001733171640       34.3995346522859222
      -9.0354657087058285      138.6685110388374937       34.3879734216145749
      -8.9678040741732730      138.6701885357507251       34.3778211615412630
      -8.9095054898382529      138.6731715199877897       34.3628639730430621
      -8.8601805200918857      138.6781371898218254       34.3403422508045750
      -8.8190688527125491      138.6844312590400250       34.3128475769249022
      -8.7854335862177599      138.6915706730701174       34.2822852070733859
      -8.7585465818235750      138.6991814798409166       34.2501246515473241
      -8.7376812016214842      138.7069645387795163       34.2175374633976332
      -8.7221085601450508      138.7146743974284107       34.1854817394011619
      -8.7110955256299558      138.7221046665501660       34.1547603907429433
      -8.7039034953248429      138.7290762146070335       34.1260681164015836
      -8.6997871961528794      138.7354253644253959       34.1000385206034267
      -8.6979925708491859      138.7409885520272610       34.0773057561672701
      -8.6977521831547975      138.7455775354133323       34.0586047135966652
      -8.6983705190234755      138.7492950167555534       34.0434885312756634
