     -25.8128331488571447       60.5075400574781099      -83.2082032113910515
     -25.8130237717513573       60.4963634353611397      -83.2163143443939930
     -25.8141473605770386       60.4825414702338122      -83.2262714803547254
     -25.8168398411320723       60.4657475414505896      -83.2382593147935097
     -25.8217430476892851       60.4465290295128455      -83.2518266446144111
     -25.8294918850104480       60.4253589718365234      -83.2665771225030227
     -25.8407134872349289       60.4027102367895239      -83.2821155339575796
     -25.8560260606536723       60.3791012090376924      -83.2980148482329383
     -25.8760376232528628       60.3551307458458481      -83.3137911094330690
     -25.9013447703326918       60.3315130356136606      -83.3288784239468612
     -25.9325315699554402       60.3091208140017514      -83.3425978845603481
     -25.9701687221392561       60.2890479725986737      -83.3541123933851509
     -26.0148132206317975       60.2727115558093516      -83.3623528218381864
     -26.0670090370242491       60.2620371264851826      -83.3658834839104372
     -26.1272333361313898       60.2549820599072419      -83.3661409936824072
     -26.1959115471142354       60.2469412641217303      -83.3664150657733956
     -26.2734990764548009       60.2378479750501512      -83.3667106955277717
     -26.3604271175249885       60.2276483672418195      -83.3670241633283098
     -26.4571013336501579       60.2162911238349352      -83.3673505847248606
     -26.5639007343676674       60.2037275896577597      -83.3676838065636900
     -26.6811766245514050       60.1899119347622928      -83.3680163036945174
     -26.8092516314135025       60.1748013388197407      -83.3683390894177876
     -26.9484188135409184       60.1583562033688324      -83.3686416486295059
     -27.0989408452665792       60.1405403478452172      -83.3689118325171563
     -27.2610492871125309       60.1213212288628114      -83.3691357701050890
     -27.4349439434863562       60.1006701773527467      -83.3692977906613493
     -27.6207923090120318       60.0785626497525840      -83.3693803540509037
     -27.8187291140976356       60.0549785277286503      -83.3693640401865963
     -28.0288559705850950       60.0299024618780805      -83.3692275956380371
     -28.2512410824628724       60.0033241126328605      -83.3689478389275820
     -28.4859190575533106       59.9752384350893450      -83.3684996355590187
     -28.7328908259543816       59.9456460056251785      -83.3678559483276302
     -28.9921236890935283       59.9145534661630421      -83.3669880752763675
     -29.2635514013006848       59.8819737413055080      -83.3658656041156547
     -29.5470743545989549       59.8479262724299232      -83.3644564311902769
     -29.8425599208878012       59.8124374346311285      -83.3627270858922458
     -30.1498428625183088       59.7755408518059781      -83.3606429744078952
     -30.4687257588048865       59.7372774445667574      -83.3581683215602283
     -30.7989796395444912       59.6976957780567687      -83.3552666107517268
     -31.1403446832397783       59.6568523000793789      -83.3519009609728556
     -31.4925308875137588       59.6148112097418448      -83.3480340858619257
     -31.8552190136005819       59.5716447601687094      -83.3436289646368351
     -32.2280614708951987       59.5274331495081341      -83.3386490505707940
     -32.6106832810607372       59.4822643297017564      -83.3330584815516460
     -33.0026832714869940       59.4362341052019119      -83.3268228180998278
     -33.4036350814701066       59.3894455748409698      -83.3199089850526065
     -33.8130885178458271       59.3420090780016807      -83.3122860423595739
     -34.2305707545130247       59.2940415904739808      -83.3039252977729490
     -34.6555877251591866       59.2456662830794585      -83.2948007528072196
     -35.0876255207557577       59.1970119446444016      -83.2848894643596367
     -35.5261517875299546       59.1482122110530639      -83.2741717334146472
     -35.9706172851267283       59.0994049305693352      -83.2626315757056972
     -36.4204573099617832       59.0507311500805230      -83.2502567378913483
     -36.8750933542784551       59.0023343524017250      -83.2370391331259043
     -37.3339345697982523       58.9543593024139767      -83.2229747769557804
     -37.7963794810612228       58.9069511412299676      -83.2080641083871200
     -38.2618174908522448       58.8602541622764051      -83.1923118808310562
     -38.7296306146777454       58.8144107860795557      -83.1757273341653018
     -39.1991950220267782       58.7695603282220276      -83.1583240568772766
     -39.6698827683778106       58.7258379046356538      -83.1401200055627214
     -40.1410633628981017       58.6833732495231999      -83.1211373452852627
     -40.6121054716979799       58.6422896168594789      -83.1014023348799640
     -41.0823783943598642       58.6027026936911568      -83.0809451660461065
     -41.5512536337606022       58.5647195262861828      -83.0597997871957290
     -42.0181064624299339       58.5284375347220660      -83.0380037535802416
     -42.4823175634562205       58.4939435646456829      -83.0155979823932597
     -42.9432746023744656       58.4613131127113235      -82.9926265889038461
     -43.4003738329094517       58.4306095861592709      -82.9691365916031032
     -43.8530216477811194       58.4018837930694090      -82.9451777537381219
     -44.3006361360184542       58.3751734401330751      -82.9208022358078409
     -44.7426485934236879       58.3505029452935773      -82.8960644900321739
     -45.1785050069162608       58.3278831615336983      -82.8710208217227517
     -45.6076675013142108       58.3073115766051657      -82.8457294224147631
     -46.0296158155508337       58.2888134823517703      -82.8202207165147399
     -46.4438491486631690       58.2726969240491783      -82.7943185675004401
     -46.8498864703337077       58.2593498635644735      -82.7677822493495228
     -47.2472677954568425       58.2490922573756649      -82.7404115876920230
     -47.6355563190849978       58.2421740200812081      -82.7120474429661954
     -48.0143402122367036       58.2387757472449934      -82.6825722295494643
     -48.3832341807453119       58.2390098894579467      -82.6519089322522262
     -48.7418809196104377       58.2429231092583422      -82.6200197960365728
     -49.0899523717855359       58.2504998747347500      -82.5869049441171796
     -49.4271505512573057       58.2616660786387683      -82.5525994490439672
     -49.7532080670815802       58.2762941840681847      -82.5171712780614968
     -50.0678882408308326       58.2942083247518710      -82.4807181825332947
     -50.3709850271589730       58.3151896427805667      -82.4433641937922488
     -50.6623229540949183       58.3389824884628680      -82.4052568079685273
     -50.9417569180703893       58.3653002117923307      -82.3665632660726175
     -51.2091724570319755       58.3938310059110250      -82.3274666912126918
     -51.4644863320832258       58.4242442910078736      -82.2881627526798951
     -51.7076469489094634       58.4561967685916883      -82.2488558080484182
     -51.9386346325087658       58.4893381739885214      -82.2097547951380818
     -52.1574618216362325       58.5233171800613619      -82.1710697200536515
     -52.3641731473410772       58.5577869364115031      -82.1330081997634096
     -52.5588453937769700       58.5924100999235051      -82.0957720203256400
     -52.7415873525958503       58.6268633658514844      -82.0595538635087962
     -52.9125395901353102       58.6608416196501778      -82.0245344843016824
     -53.0718741207583591       58.6940615704270812      -81.9908802325347779
     -53.2197939814727192       58.7262647590906113      -81.9587408327645903
     -53.3565327167175809       58.7572199935876327      -81.9282475346723089
     -53.4823537749926601       58.7867251971400009      -81.8995116286778284
     -53.5975498193492683       58.8146086701690649      -81.8726233190605512
     -53.7024419645086866       58.8407299032595006      -81.8476511154311481
     -53.7973789305994643       58.8649798177973196      -81.8246415202845867
     -53.8827361190118737       58.8872805011024596      -81.8036190382362491
     -53.9589146151526862       58.9075845003910104      -81.7845865135424361
     -54.0263401210656440       58.9258737228931295      -81.7675257660242778
     -54.0854618209799156       58.9434841127647076      -81.7514423644676782
     -54.1367511829360879       58.9619085037357422      -81.7352268500945769
     -54.1807006998046816       58.9808225589835544      -81.7190792137918862
     -54.2178225730713237       58.9999282923561097      -81.7031809205538622
     -54.2486473429179412       59.0189550393388132      -81.6876940964353651
     -54.2737224682638910       59.0376542578575396      -81.6727651661461209
     -54.2936108605376617       59.0557945287708037      -81.6585283560740720
     -54.3088893750670465       59.0731561729263817      -81.6451094880886643
     -54.3201472641119167       59.0895246998501733      -81.6326306362944223
     -54.3279845956249545       59.1046817868100050      -81.6212165917980741
     -54.3330106419400636       59.1183912544098362      -81.6110049744451800
     -54.3358422426896794       59.1303744659588233      -81.6021640337636569
     -54.3371021463113237       59.1402637270760607      -81.5949264221416115
     -54.3374173345688050       59.1482912621753698      -81.5890897336231689
     -54.3371021463113237       59.1563350486728439      -81.5832754622659877
     -54.3358422426896794       59.1662892777658129      -81.5761274674001839
     -54.3330106419400636       59.1784185392349187      -81.5674879878222754
     -54.3279845956249545       59.1923873661138842      -81.5576341303817287
     -54.3201472641119238       59.2079491972330700      -81.5467783895461196
     -54.3088893750671104       59.2248997862704982      -81.5351024336092536
     -54.2936108605380738       59.2430526328347185      -81.5227749493803913
     -54.2737224682660724       59.2622250106209307      -81.5099618264251973
     -54.2486473429275762       59.2822290177481079      -81.4968327201460880
     -54.2178225731078314       59.3028651134964448      -81.4835658299882368
     -54.1807006999266250       59.3239168385619706      -81.4703518355883034
     -54.1367511833022164       59.3451459309226550      -81.4573975589289887
     -54.0854618219839267       59.3662872517136364      -81.4449297744203307
     -54.0263401236108152       59.3870498599595464      -81.4331945389013754
     -53.9589146212188453       59.4089524634631019      -81.4211180836918373
     -53.8827361327746743       59.4333556547840089      -81.4077399763042706
     -53.7973789604708088       59.4602710869054860      -81.3930830652008268
     -53.7024420267867697       59.4896813012216654      -81.3771915633642351
     -53.5975499445023686       59.5215387820190074      -81.3601318950155843
     -53.4823540181287740       59.5557654176823164      -81.3419932602476763
     -53.3565331745059268       59.5922524120886123      -81.3228878815762926
     -53.2197948187299161       59.6308606604217317      -81.3029508687681499
     -53.0718756111320218       59.6714215865482203      -81.2823396298614966
     -52.9125421768472606       59.7137386157831216      -81.2612330139108252
     -52.7415917370813290       59.7575891741660143      -81.2398300037713454
     -52.5588526623035150       59.8027272234697662      -81.2183479591875681
     -52.3641849483487647       59.8488863347940949      -81.1970204233022912
     -52.1574806096588404       59.8957832132066770      -81.1760944054197182
     -51.9386639982021450       59.9431217254086306      -81.1558272651490569
     -51.7076920591085383       59.9905974933505348      -81.1364833593329848
     -51.4645545092557413       60.0379028287269705      -81.1183302444794379
     -51.2092739346111046       60.0847318739493161      -81.1016343718980295
     -50.9419058179856350       60.1307859517397958      -81.0866564155692799
     -50.6625385474201622       60.1757794913358381      -81.0736468796980887
     -50.3712933617679681       60.2194458867434577      -81.0628412763367265
     -50.0683242163170519       60.2615430636165073      -81.0544547418883781
     -49.7538172724215357       60.3018594783462731      -81.0486773037926298
     -49.4279897397179937       60.3402198666159890      -81.0456693186337560
     -49.0910885767765421       60.3764900171064056      -81.0455564347301021
     -48.7433891514097084       60.4105816745786655      -81.0484257935766266
     -48.3851939150861838       60.4424567199065237      -81.0543225490753088
     -48.0168312084483873       60.4721301104090116      -81.0632461635247523
     -47.6386544268257524       60.4996730166386740      -81.0751484939625442
     -47.2510413045835236       60.5252144368048235      -81.0899314260939832
     -46.8543933375232058       60.5489423718645696      -81.1074455790503634
     -46.4491352326877731       60.5711044206541729      -81.1274899763244406
     -46.0357143319271742       60.5920068888839936      -81.1498115433032154
     -45.6146004614198972       60.6120133066585112      -81.1741069964071187
     -45.1862846149413571       60.6313985005728000      -81.2001307386568385
     -44.7512767518628678       60.6501507147571388      -81.2278435839011621
     -44.3101049073608948       60.6682208127435558      -81.2572259819962994
     -43.8633139342688736       60.6855632599305892      -81.2882480416495810
     -43.4114640952571662       60.7021362133496822      -81.3208693116989139
     -42.9551296312237412       60.7179018880652706      -81.3550390868743278
     -42.4948973100704208       60.7328266999621675      -81.3906965648870511
     -42.0313649248909158       60.7468815209437949      -81.4277713014997033
     -41.5651397894645953       60.7600418169747698      -81.4661836517903595
     -41.0968371688492482       60.7722878280576353      -81.5058454054953216
     -40.6270787252262480       60.7836046688709075      -81.5466604474631538
     -40.1564908843896760       60.7939824402239992      -81.5885255564369203
     -39.6857032343397549       60.8034162796840079      -81.6313312383330469
     -39.2153467333902768       60.8119063820268764      -81.6749626527974470
     -38.7460520066347627       60.8194579518920619      -81.7193006178139854
     -38.2784476148022250       60.8260810666253207      -81.7642226045670100
     -37.8131584588470488       60.8317905634411531      -81.8096038309811320
     -37.3508040293426049       60.8366057871606074      -81.8553182163843189
     -36.8919968270396552       60.8405504436027229      -81.9012395102466826
     -36.4373406024938333       60.8436522331936374      -81.9472421408738825
     -35.9874288042810875       60.8459426782956854      -81.9932023242273686
     -35.5428428357474360       60.8474566582904544      -82.0389987631522786
     -35.1041505387451309       60.8482322097035677      -82.0845136726764224
     -34.6719045044041181       60.8483100007603426      -82.1296333218872974
     -34.2466405927965454       60.8477330866893240      -82.1742488970756142
     -33.8288763474877570       60.8465463926922325      -82.2182569291522611
     -33.4191095392045838       60.8447963648327317      -82.2615598695353754
     -33.0178167447060247       60.8425305702218182      -82.3040665116431143
     -32.6254519105894758       60.8397971933242161      -82.3456921781149731
     -32.2424451510034160       60.8366448551283625      -82.3863592403691030
     -31.8692013470144353       60.8331219351811185      -82.4259968616025418
     -31.5060990962575538       60.8292765264514728      -82.4645414990774697
     -31.1534894899067396       60.8251558446144998      -82.5019365716734541
     -30.8116951046695817       60.8208059911951651      -82.5381325120974054
     -30.4810091019577989       60.8162717865651317      -82.5730868226734174
     -30.1616942576362135       60.8115962409911148      -82.6067635523725130
     -29.8539822717932424       60.8068205593840077      -82.6391334155568984
     -29.5580730671788245       60.8019838846167957      -82.6701734795036742
     -29.2741341443271494       60.7971229700115288      -82.6998666852052224
     -29.0023001508990923       60.7922722331036312      -82.7282018233554908
     -28.7426724779230760       60.7874636203837468      -82.7551731979279026
     -28.4953189195275165       60.7827263951655610      -82.7807801367081595
     -28.2602734939400158       60.7780871576870751      -82.8050267770748150
     -28.0375363736721361       60.7735699306588302      -82.8279219078333142
     -27.8270738483253020       60.7691960368083173      -82.8494785014543709
     -27.6288184147732530       60.7649841104097419      -82.8697134094260548
     -27.4426689740085052       60.7609501678353041      -82.8886471262899391
     -27.2684911348655312       60.7571077318408541      -82.9063036196888703
     -27.1061175845628419       60.7534678579247611      -82.9227100230438907
     -26.9553485568561193       60.7500391952232803      -82.9378963756079770
     -26.8159523995537867       60.7468280940261778      -82.9518954300838800
     -26.6876662298649165       60.7438387187302666      -82.9647424745416515
     -26.5701966759982788       60.7410731672424689      -82.9764751722127727
     -26.4632207041331107       60.7385316023866366      -82.9871334282950670
     -26.3663865199836991       60.7362123545741852      -82.9967592290554421
     -26.2793145509703869       60.7341120368184235      -83.0053965097476834
     -26.2015985055758165       60.7322256690496189      -83.0130910471653749
     -26.1328065046019873       60.7305468008572191      -83.0198903615462029
     -26.0724821573016960       60.7290571007597748      -83.0258513392602993
     -26.0200928952567558       60.7232189524939301      -83.0343409530011201
     -25.9751143326427538       60.7110455967926868      -83.0468564410677033
     -25.9370481008579361       60.6945026485597552      -83.0620003893941856
     -25.9053709355536235       60.6750509747916453      -83.0787464994932776
     -25.8795383316702221       60.6538316386819929      -83.0963045321920362
     -25.8589872670998986       60.6317674806127513      -83.1140459470858843
     -25.8431385059494403       60.6096253210578766      -83.1314582200630952
     -25.8313987112549022       60.5880587853700661      -83.1481132829008658
     -25.8231624919163885       60.5676427894169436      -83.1636420524384334
     -25.8178144783228731       60.5489081451138986      -83.1777088945674876
     -25.8147315465849800       60.5323869204533622      -83.1899782836303530
     -25.8132853947996637       60.5186863165888269      -83.2000607272922110
     -25.8128331488571447       60.5075400574781099      -83.2082032113910515
