  -65.045416130884661        95.418704395926468        30.933851837399889     
  -63.521416130884660        95.481759772256865        30.954293800863478     
  -61.997416130884659        95.544815148587261        30.974735764327068     
  -60.473416130884658        95.607870524917658        30.995177727790658     
  -54.365736796004832        95.860575261772141        31.077102240789966     
  -54.356032841187009        95.860976762115271        31.077232403447340     
  -54.342093643034858        95.861554326479961        31.077419644414370     
  -54.323176203770501        95.862339730216135        31.077674264962440     
  -54.298550910542964        95.863364816181758        31.078006588248506     
  -54.267503491185607        95.864661604531477        31.078426994907826     
  -54.229336927255495        95.866262422347901        31.078945965080329     
  -54.183373319309034        95.868200050871238        31.079574126144234     
  -54.128955699548349        95.870507888943436        31.080322305711761     
  -54.065449786965239        95.873220127777230        31.081201588308577     
  -53.992245680359446        95.876371898929619        31.082223363392956     
  -53.908759484759166        95.879989266975286        31.083396081174339     
  -53.814434866950428        95.884097069488618        31.084727794462200     
  -53.708744536015232        95.888726790346141        31.086228711495284     
  -53.591191644984015        95.893910553206709        31.087909249368980     
  -53.461311109925539        95.899681329908006        31.089780102786243     
  -53.318670842970974        95.906073162623500        31.091852318076480     
  -53.162872891264783        95.913121301827246        31.094137341168185     
  -52.993554481371270        95.920862301039136        31.096647053427663     
  -52.810388978771222        95.929334297628500        31.099393870570321     
  -52.613086745810357        95.938577195808051        31.102390813814658     
  -52.401395899341765        95.948632806234116        31.105651572525325     
  -52.175102960966356        95.959544840283172        31.109190527419852     
  -51.934033398496176        95.971358750295281        31.113022734280420     
  -51.678052081203546        95.984121819753042        31.117164002703731     
  -51.407063622844710        95.997883055635825        31.121630929315891     
  -51.121012593194209        96.012692570439953        31.126440790015369     
  -50.819883630910887        96.028600994260657        31.131611473976733     
  -50.503701487186007        96.045659397453278        31.137161624950501     
  -50.172530912415382        96.063918304985791        31.143110542648607     
  -49.826476433033100        96.083426533731654        31.149478098326394     
  -49.465682089994019        96.104230932877797        31.156285038140080     
  -49.090330980549879        96.126374634464852        31.163552930057381     
  -48.700644754688497        96.149896043260725        31.171304442702255     
  -48.296883020037214        96.174828010245832        31.179563515656451     
  -47.879342566994424        96.201195946268470        31.188354892028013     
  -47.448356617499385        96.229017759953905        31.197703930266560     
  -47.004293842602230        96.258302018787589        31.207635508424048     
  -46.547557420303185        96.289048112538211        31.218173301900077     
  -46.078583892402989        96.321244906605486        31.229338410582876     
  -45.597842040798255        96.354871017315958        31.241148474180573     
  -45.105831602386509        96.389893862410602        31.253616446454217     
  -44.603081992116628        96.426270161275653        31.266749945150632     
  -44.090150891114064        96.463945276679055        31.280550364858343     
  -43.567622838427226        96.502853939271318        31.295012750970283     
  -43.036107716492403        96.542923511919170        31.310126853837463     
  -42.496239226486225        96.584079708950995        31.325879030384908     
  -41.948673281887530        96.626240222526690        31.342250203371215     
  -41.394086389333083        96.669314172910404        31.359215717599177     
  -40.833173944629706        96.713202753753592        31.376745601228862     
  -40.266648545113370        96.757799766346480        31.394804815641123     
  -39.695238204328355        96.802992651110173        31.413353693913372     
  -39.119684563861114        96.848663321182627        31.432348343702341     
  -38.540741088801852        96.894689308001674        31.451741179774864     
  -37.959171145280941        96.940944879259604        31.471481473999614     
  -37.375746158203910        96.987302264737750        31.491515964670704     
  -36.791243649322695        97.033632941533057        31.511789505656264     
  -36.206445233994906        97.079808794673269        31.532245691045048     
  -35.622134701694407        97.125703541382492        31.552827544465075     
  -35.039095905994678        97.171193846341239        31.573478030608005     
  -34.458110725855747        97.216160518248884        31.594140565555957     
  -33.879957042896280        97.260489815653500        31.614759565244910     
  -33.305406538701156        97.304074155871234        31.635280803869719     
  -32.735222668168326        97.346813215085390        31.655651902142761     
  -32.170158529206006        97.388614727744482        31.675822718264335     
  -31.610954680345465        97.429394824863223        31.695745590314239     
  -31.058337155337746        97.469078915305985        31.715375753770900     
  -30.513015259095962        97.507601584107391        31.734671437166437     
  -29.975679574886872        97.544906959684113        31.753594108378302     
  -29.446999957092110        97.580948851417844        31.772108640797438     
  -28.927623477003440        97.615690197333535        31.790183251505642     
  -28.418172634363000        97.649103464615877        31.807789742897171     
  -27.919243365066748        97.681169548361069        31.824903249049523     
  -27.431403399190167        97.711878020197688        31.841502416401553     
  -26.955190456696471        97.741225970844994        31.857569126046076     
  -26.491110733339848        97.769217892387644        31.873088552014114     
  -26.039637324935672        97.795864617897806        31.888048897632398     
  -25.601208883625389        97.821182992976219        31.902441357654364     
  -25.176228264060878        97.845194781301032        31.916259814959172     
  -24.765061401256169        97.867926437568229        31.929500807754099     
  -24.368036172947555        97.889407811181130        31.942163133686456     
  -23.985441524781056        97.909672283858015        31.954247910350478     
  -23.617526565760929        97.928755242339946        31.965758080723273     
  -23.264499915103158        97.946694313476698        31.976698483387775     
  -22.926529086827571        97.963528319848095        31.987075496600934     
  -22.603740023090246        97.979296832850068        31.996896868709765     
  -22.296216777788395        97.994040231267533        32.006171707694968     
  -22.004001272710617        98.007798734309461        32.014910130131021     
  -21.727093207411798        98.020612351956302        32.023123205371974     
  -21.465450090872189        98.032520898088180        32.030822917614259     
  -21.218987376603657        98.043563409691828        32.038021931292178     
  -20.987578724879150        98.053778063135596        32.044733515882307     
  -20.771056382259356        98.063202329962607        32.050971548329493     
  -20.569211673945617        98.071872799605316        32.056750408207577     
  -20.381795608201937        98.079825055957713        32.062084892430050     
  -20.208519591085263        98.087093726238493        32.066990188749770     
  -20.049056248735816        98.093712586181226        32.071481870299905     
  -19.903040354588416        98.099714672999283        32.075575895450278     
  -19.770069858512901        98.105132219972234        32.079288551960090     
  -19.649707015067420        98.109996730954734        32.082636449339006     
  -19.541479607461124        98.114339083268803        32.085636522693584     
  -19.444882263660670        98.118189629528786        32.088306038011034     
  -19.359377860874194        98.121578297187284        32.090662598005295     
  -19.284399014417975        98.124534738189439        32.092724165225810     
  -19.219349646651505        98.127110755144599        32.094516402547733     
  -19.163606631632721        98.129342382774226        32.096060192740353     
  -19.116521511840524        98.131244782174576        32.097369934777788     
  -19.077422280696684        98.132836633696414        32.098461529201252     
  -19.045615226255578        98.134139708304531        32.099352210005492     
  -19.020386831281957        98.135178445177942        32.100060377837814     
  -19.001005724414533        98.135979542104977        32.100605436698160     
  -18.986724676976568        98.136571564793186        32.101007636215876     
  -18.976782639875569        98.136984580708983        32.101287921427144     
  -18.970406814931135        98.137249822497296        32.101467791799045     
  -18.966814754887508        98.137399385415122        32.101569171046698     
  -18.965216486303117        98.137465962555808        32.101614289074043     
  -12.868816649466552        98.391416314566584        32.273711480514230     
  -11.344816649466551        98.454899738689448        32.316732956594272     
  -9.8208166494665523        98.518383162812313        32.359754432674315     
  -8.2968166494665514        98.581866586935178        32.402775908754357     
