 Case6_2 : Spline Data
 section : 15

  #     u         camber       camber_slope    camber_curvature  thick_distribution  thick_multiplier
  1   0.0000000000000000  -0.0000000000000000  -0.0099440315132883  -0.0000000000000000   0.0000000000000000   0.0000000000000000
  2   0.0000111397652990  -0.0000001107741772  -0.0099440315132883  -0.0000000000000032   0.0000000000000000   0.0000000000000000
  3   0.0000556687956572  -0.0000005535722583  -0.0099440315132883  -0.0000000000004044   0.0000000000000000   0.0000000000000000
  4   0.0001557465792793  -0.0000015487488924  -0.0099440315132880  -0.0000000000088550   0.0000000000000000   0.0000000000000000
  5   0.0003333828547521  -0.0000033151696136  -0.0099440315132811  -0.0000000000868487   0.0000000000000000   0.0000000000000000
  6   0.0006103782766808  -0.0000060696208183  -0.0099440315132070  -0.0000000005330055   0.0000000000000000   0.0000000000000000
  7   0.0010082656449777  -0.0000100262253473  -0.0099440315126827  -0.0000000024024891   0.0000000000000000   0.0000000000000000
  8   0.0015482518562416  -0.0000153958652479  -0.0099440315099213  -0.0000000086989291   0.0000000000000000   0.0000000000000000
  9   0.0022511607337130  -0.0000223856132707  -0.0099440314982392  -0.0000000267404719   0.0000000000000000   0.0000000000000000
 10   0.0031373768899290  -0.0000311981746269  -0.0099440314565128  -0.0000000723877363   0.0000000000000000   0.0000000000000000
 11   0.0042267907734113  -0.0000420313404928  -0.0099440313262397  -0.0000001770202630   0.0000000000000000   0.0000000000000000
 12   0.0055387450475338  -0.0000550774546858  -0.0099440309617387  -0.0000003983511561   0.0000000000000000   0.0000000000000000
 13   0.0070919824461218  -0.0000705228948330  -0.0099440300305935  -0.0000008363692516   0.0000000000000000   0.0000000000000000
 14   0.0089045952463554  -0.0000885475691799  -0.0099440278277569  -0.0000016558881810   0.0000000000000000   0.0000000000000000
 15   0.0109939764951889  -0.0001093244298940  -0.0099440229478055  -0.0000031173587345   0.0000000000000000   0.0000000000000000
 16   0.0133767731207711  -0.0001330190032324  -0.0099440127347059  -0.0000056177655767   0.0000000000000000   0.0000000000000000
 17   0.0160688410552701  -0.0001597889361684  -0.0099439923962511  -0.0000097435876008   0.0000000000000000   0.0000000000000000
 18   0.0190852024900839  -0.0001897835578693  -0.0099439536302405  -0.0000163379658321   0.0000000000000000   0.0000000000000000
 19   0.0224400053786676  -0.0002231434526215  -0.0099438825608097  -0.0000265844150472   0.0000000000000000   0.0000000000000000
 20   0.0261464852961530  -0.0002600000381912  -0.0099437567253407  -0.0000421096668056   0.0000000000000000   0.0000000000000000
 21   0.0302169297585773  -0.0003004751399332  -0.0099435407843105  -0.0000651085869352   0.0000000000000000   0.0000000000000000
 22   0.0346626450979129  -0.0003446805459205  -0.0099431805470970  -0.0000984946308888   0.0000000000000000   0.0000000000000000
 23   0.0394939259821948  -0.0003927175216089  -0.0099425948143925  -0.0001460800693485   0.0000000000000000   0.0000000000000000
 24   0.0447200276629161  -0.0004446762536851  -0.0099416644295681  -0.0002127913491870   0.0000000000000000   0.0000000000000000
 25   0.0503491410245061  -0.0005006351813077  -0.0099402178024095  -0.0003049266132485   0.0000000000000000   0.0000000000000000
 26   0.0563883705031537  -0.0005606601584079  -0.0099380120116667  -0.0004304648196963   0.0000000000000000   0.0000000000000000
 27   0.0628437149345042  -0.0006248033724187  -0.0099347083961611  -0.0005994394238944   0.0000000000000000   0.0000000000000000
 28   0.0697200513818582  -0.0006931019219101  -0.0099298412896397  -0.0008243947410287   0.0000000000000000   0.0000000000000000
 29   0.0770211219884717  -0.0007655759270112  -0.0099227782139980  -0.0011209507251072   0.0000000000000000   0.0000000000000000
 30   0.0847495238893995  -0.0008422260106003  -0.0099126693748457  -0.0015085133187585   0.0000000000000000   0.0000000000000000
 31   0.0929067022100778  -0.0009230299426875  -0.0098983836327720  -0.0020111849745383   0.0000000000000000   0.0000000000000000
 32   0.1014929461705219  -0.0010079381815613  -0.0098784271398787  -0.0026589572384757   0.0000000000000000   0.0000000000000000
 33   0.1105073883056402  -0.0010968679673417  -0.0098508393459584  -0.0034893111873908   0.0000000000000000   0.0000000000000000
 34   0.1199480068037665  -0.0011896955171440  -0.0098130587687854  -0.0045494244882073   0.0000000000000000   0.0000000000000000
 35   0.1298116309571070  -0.0012862457201665  -0.0097617472115253  -0.0058993098853732   0.0000000000000000   0.0000000000000000
 36   0.1400939497094077  -0.0013862785079245  -0.0096925549208268  -0.0076164375752832   0.0000000000000000   0.0000000000000000
 37   0.1507895232778002  -0.0014894707885905  -0.0095998313692889  -0.0097881320820087   0.0000000000000000   0.0000000000000000
 38   0.1618917978174944  -0.0015953951983626  -0.0094768645328746  -0.0124200246240556   0.0000000000000000   0.0000000000000000
 39   0.1733931230897850  -0.0017035049408436  -0.0093168675444337  -0.0154411266979091   0.0000000000000000   0.0000000000000000
 40   0.1852847730857433  -0.0018131291458345  -0.0091137851195462  -0.0187282326141173   0.0000000000000000   0.0000000000000000
 41   0.1975569695499939  -0.0019234793733051  -0.0088630511349038  -0.0221192617314088   0.0000000000000000   0.0000000000000000
 42   0.2101989083411624  -0.0020336679112927  -0.0085621703832332  -0.0254391979422956   0.0000000000000000   0.0000000000000000
 43   0.2231987885579311  -0.0021427358352348  -0.0082109686553278  -0.0285282443345022   0.0000000000000000   0.0000000000000000
 44   0.2365438443521815  -0.0022496867328738  -0.0078114937558910  -0.0312611784322900   0.0000000000000000   0.0000000000000000
 45   0.2502203793434648  -0.0023535216813669  -0.0073676744096432  -0.0335537228155039   0.0000000000000000   0.0000000000000000
 46   0.2642138035420217  -0.0024532721678474  -0.0068848823428094  -0.0353588360320938   0.0000000000000000   0.0000000000000000
 47   0.2785086726808154  -0.0025480291723855  -0.0063695075940778  -0.0366586094272861   0.0000000000000000   0.0000000000000000
 48   0.2930887298505447  -0.0026369672664849  -0.0058284509790127  -0.0374863402536696   0.0000000000000000   0.0000000000000000
 49   0.3079369493253979  -0.0027193575341885  -0.0052681195721092  -0.0379292392083568   0.0000000000000000   0.0000000000000000
 50   0.3230355824613990  -0.0027945679812223  -0.0046941116550952  -0.0380571999770857   0.0000000000000000   0.0000000000000000
 51   0.3383662055436141  -0.0028620622811441  -0.0041113925410597  -0.0379236392505663   0.0000000000000000   0.0000000000000000
 52   0.3539097694532295  -0.0029213989605561  -0.0035244093943970  -0.0375712910020575   0.0000000000000000   0.0000000000000000
 53   0.3696466510206084  -0.0029722303529883  -0.0029371577187030  -0.0370356811255271   0.0000000000000000   0.0000000000000000
 54   0.3855567059258868  -0.0030143009167260  -0.0023532193204219  -0.0363473247928323   0.0000000000000000   0.0000000000000000
 55   0.4016193230044982  -0.0030474446938731  -0.0017757829452798  -0.0355331784223576   0.0000000000000000   0.0000000000000000
 56   0.4178134798112296  -0.0030715818021513  -0.0012076542857117  -0.0346176362490524   0.0000000000000000   0.0000000000000000
 57   0.4341177992930167  -0.0030867139285015  -0.0006512595530876  -0.0336232385818649   0.0000000000000000   0.0000000000000000
 58   0.4505106074177000  -0.0030929188495821  -0.0001086453348723  -0.0325711927837002   0.0000000000000000   0.0000000000000000
 59   0.4669699916033832  -0.0030903440464038   0.0004185234563332  -0.0314817708856516   0.0000000000000000   0.0000000000000000
 60   0.4834738597908800  -0.0030791995126212   0.0009289663310000  -0.0303746261758486   0.0000000000000000   0.0000000000000000
 61   0.5000000000000000  -0.0030597498805414   0.0014217898690143  -0.0292690583402974   0.0000000000000000   0.0000000000000000
 62   0.5165261402091199  -0.0030323060524817   0.0018964759539717  -0.0281809029384984   0.0000000000000000   0.0000000000000000
 63   0.5330300083966167  -0.0029972176317444   0.0023527307484347  -0.0271126248599000   0.0000000000000000   0.0000000000000000
 64   0.5494893925823000  -0.0029548681217111   0.0027903318821803  -0.0260633225041683   0.0000000000000000   0.0000000000000000
 65   0.5658822007069834  -0.0029056711544790   0.0032091130083001  -0.0250320690173563   0.0000000000000000   0.0000000000000000
 66   0.5821865201887705  -0.0028500666513799   0.0036089621551460  -0.0240179193059782   0.0000000000000000   0.0000000000000000
 67   0.5983806769955019  -0.0027885169057572   0.0039898201158484  -0.0230199170295412   0.0000000000000000   0.0000000000000000
 68   0.6144432940741134  -0.0027215026231667   0.0043516788876739  -0.0220371015696787   0.0000000000000000   0.0000000000000000
 69   0.6303533489793918  -0.0026495189532445   0.0046945801691880  -0.0210685149742106   0.0000000000000000   0.0000000000000000
 70   0.6460902305467707  -0.0025730715463777   0.0050186139189445  -0.0201132088748273   0.0000000000000000   0.0000000000000000
 71   0.6616337944563861  -0.0024926726670527   0.0053239169752959  -0.0191702513776484   0.0000000000000000   0.0000000000000000
 72   0.6769644175386011  -0.0024088373943403   0.0056106717329684  -0.0182387339266404   0.0000000000000000   0.0000000000000000
 73   0.6920630506746023  -0.0023220799384141   0.0058791048683341  -0.0173177781407817   0.0000000000000000   0.0000000000000000
 74   0.7069112701494554  -0.0022329101002977   0.0061294861018916  -0.0164065426269227   0.0000000000000000   0.0000000000000000
 75   0.7214913273191847  -0.0021418299001845   0.0063621269833852  -0.0155042297714922   0.0000000000000000   0.0000000000000000
 76   0.7357861964579783  -0.0020493303976881   0.0065773796823015  -0.0146100925155173   0.0000000000000000   0.0000000000000000
 77   0.7497796206565353  -0.0019558887248313   0.0067756360170744  -0.0137235660633288   0.0000000000000000   0.0000000000000000
 78   0.7634561556478185  -0.0018619652956008   0.0069573382904516  -0.0128461176671711   0.0000000000000000   0.0000000000000000
 79   0.7768012114420690  -0.0017680009655706   0.0071230054630272  -0.0119807238098061   0.0000000000000000   0.0000000000000000
 80   0.7898010916588377  -0.0016744143022395   0.0072732326887475  -0.0111302529082419   0.0000000000000000   0.0000000000000000
 81   0.8024430304500063  -0.0015815992788006   0.0074086816688531  -0.0102974226928064   0.0000000000000000   0.0000000000000000
 82   0.8147152269142568  -0.0014899234268515   0.0075300708357338  -0.0094848042280932   0.0000000000000000   0.0000000000000000
 83   0.8266068769102151  -0.0013997264382944   0.0076381655282824  -0.0086948262008549   0.0000000000000000   0.0000000000000000
 84   0.8381082021825058  -0.0013113191993803   0.0077337682522324  -0.0079297798626226   0.0000000000000000   0.0000000000000000
 85   0.8492104767221998  -0.0012249832334039   0.0078177091184967  -0.0071918250880305   0.0000000000000000   0.0000000000000000
 86   0.8599060502905923  -0.0011409705229777   0.0078908365511131  -0.0064829981345708   0.0000000000000000   0.0000000000000000
 87   0.8701883690428931  -0.0010595036781806   0.0079540083543302  -0.0058052218922558   0.0000000000000000   0.0000000000000000
 88   0.8800519931962335  -0.0009807764132484   0.0080080832260460  -0.0051603197383232   0.0000000000000000   0.0000000000000000
 89   0.8894926116943598  -0.0009049542918655   0.0080539128028377  -0.0045500346438859   0.0000000000000000   0.0000000000000000
 90   0.8985070538294782  -0.0008321756995333   0.0080923343211869  -0.0039760560645348   0.0000000000000000   0.0000000000000000
 91   0.9070932977899222  -0.0007625530009011   0.0081241639818911  -0.0034400586665623   0.0000000000000000   0.0000000000000000
 92   0.9152504761106005  -0.0006961738402771   0.0081501911131261  -0.0029437596536377   0.0000000000000000   0.0000000000000000
 93   0.9229788780115282  -0.0006331025447144   0.0081711732481296  -0.0024890065393176   0.0000000000000000   0.0000000000000000
 94   0.9302799486181418  -0.0005733815911956   0.0081878320196023  -0.0020777166404831   0.0000000000000000   0.0000000000000000
 95   0.9371562850654959  -0.0005170331190163   0.0082008436474799  -0.0017102193905755   0.0000000000000000   0.0000000000000000
 96   0.9436116294968463  -0.0004640605058966   0.0082108247028060  -0.0013856855494871   0.0000000000000000   0.0000000000000000
 97   0.9496508589754939  -0.0004144499332562   0.0082183285065085  -0.0011029643784654   0.0000000000000000   0.0000000000000000
 98   0.9552799723370838  -0.0003681718647348   0.0082238446266129  -0.0008605378776822   0.0000000000000000   0.0000000000000000
 99   0.9605060740178052  -0.0003251824184290   0.0082277991971602  -0.0006564623810670   0.0000000000000000   0.0000000000000000
100   0.9653373549020872  -0.0002854246225560   0.0082305561264081  -0.0004883163276617   0.0000000000000000   0.0000000000000000
101   0.9697830702414227  -0.0002488295487367   0.0082324192918502  -0.0003531694124824   0.0000000000000000   0.0000000000000000
102   0.9738535147038471  -0.0002153173214915   0.0082336358299366  -0.0002475935626949   0.0000000000000000   0.0000000000000000
103   0.9775599946213324  -0.0001847980068992   0.0082344006007359  -0.0001677367574926   0.0000000000000000   0.0000000000000000
104   0.9809147975099162  -0.0001571723876834   0.0082348618175495  -0.0001094719216856   0.0000000000000000   0.0000000000000000
105   0.9839311589447298  -0.0001323326361451   0.0082351276706884  -0.0000686131284066   0.0000000000000000   0.0000000000000000
106   0.9866232268792289  -0.0001101629000445   0.0082352735736924  -0.0000411656326607   0.0000000000000000   0.0000000000000000
107   0.9890060235048110  -0.0000905398191868   0.0082353494923035  -0.0000235578395877   0.0000000000000000   0.0000000000000000
108   0.9910954047536444  -0.0000733329915328   0.0082353867652470  -0.0000128048067224   0.0000000000000000   0.0000000000000000
109   0.9929080175538781  -0.0000584054068071   0.0082354039301509  -0.0000065755629750   0.0000000000000000   0.0000000000000000
110   0.9944612549524661  -0.0000456138630310   0.0082354112894192  -0.0000031679504624   0.0000000000000000   0.0000000000000000
111   0.9957732092265886  -0.0000348093778322   0.0082354141982188  -0.0000014185222737   0.0000000000000000   0.0000000000000000
112   0.9968626231100710  -0.0000258376026161   0.0082354152444079  -0.0000005828623294   0.0000000000000000   0.0000000000000000
113   0.9977488392662870  -0.0000185392444004   0.0082354155808191  -0.0000002159337789   0.0000000000000000   0.0000000000000000
114   0.9984517481437585  -0.0000127504976398   0.0082354156752210  -0.0000000703589289   0.0000000000000000   0.0000000000000000
115   0.9989917343550223  -0.0000083034867239   0.0082354156975641  -0.0000000194481551   0.0000000000000000   0.0000000000000000
116   0.9993896217233194  -0.0000050267188441   0.0082354157018087  -0.0000000043163675   0.0000000000000000   0.0000000000000000
117   0.9996666171452480  -0.0000027455463970   0.0082354157024087  -0.0000000007034271   0.0000000000000000   0.0000000000000000
118   0.9998442534207208  -0.0000012826378246   0.0082354157024646  -0.0000000000717245   0.0000000000000000   0.0000000000000000
119   0.9999443312043429  -0.0000004584556739   0.0082354157024673  -0.0000000000032753   0.0000000000000000   0.0000000000000000
120   0.9999888602347010  -0.0000000917405981   0.0082354157024674  -0.0000000000000262   0.0000000000000000   0.0000000000000000
121   1.0000000000000000  -0.0000000000000000   0.0082354157024674  -0.0000000000000000   0.0000000000000000   0.0000000000000000

 Control points for the thickness distribution spline (symmetric bottom curve):
 ucp_top    vcp_top
   0.0000000000000000        0.0000000000000000     
   0.0000000000000000        0.0000000000000000     
   0.0000000000000000        0.0000000000000000     
   0.0000000000000000        0.0000000000000000     
   0.0000000000000000        0.0000000000000000     
   0.0000000000000000        0.0000000000000000     
   0.0000000000000000        0.0000000000000000     
   0.0000000000000000        0.0000000000000000     
   0.0000000000000000        0.0000000000000000     
   0.0000000000000000        0.0000000000000000     
   0.0000000000000000        0.0000000000000000     
