     -25.8944178729016059      -60.5606774679552800       83.1630316656247430
     -25.8946084831526733      -60.5495068758268644       83.1711499005687500
     -25.8957319974540283      -60.5356921947298758       83.1811156537383880
     -25.8984242994119498      -60.5189068574665896       83.1931137105180198
     -25.9033271806841512      -60.4996978226554987       83.2066923983915245
     -25.9110755038152583      -60.4785377479470725       83.2214549494080700
     -25.9222963611417470      -60.4558991241202719       83.2370057300849737
     -25.9376079175941960      -60.4322999360324857       83.2529172635078396
     -25.9576181502677201      -60.4083386003765028       83.2687050984872172
     -25.9829236140582225      -60.3847288057158735       83.2838027751567012
     -26.0141083371124999      -60.3623427055278157       83.2975307219354022
     -26.0517429800006894      -60.3422734931608744       83.3090510389372696
     -26.0963844974298098      -60.3259373434448776       83.3172935932760055
     -26.1485768222246691      -60.3152586774083161       83.3208213743831863
     -26.2087970842256190      -60.3081958854744187       83.3210722197663927
     -26.2774706803478040      -60.3001462861729678       83.3213387138162886
     -26.3550529819933601      -60.2910430678938738       83.3216258202621134
     -26.4419751481631593      -60.2808323560428363       83.3219297861539445
     -26.5386428085341457      -60.2694627889588119       83.3222456990614546
     -26.6454349397243959      -60.2568856712105116       83.3225673834685807
     -26.7627028150093764      -60.2430551400780274       83.3228873015498550
     -26.8907690338070289      -60.2279283618664678       83.3231964800803269
     -27.0299266260210302      -60.2114657218630853       83.3234844126972973
     -27.1804382375883620      -60.1936310259503884       83.3237389623028690
     -27.3425354016129667      -60.1743917231015644       83.3239462770205108
     -27.5164178960976642      -60.1537191425514308       83.3240907125998973
     -27.7022531914282695      -60.1315887494835266       83.3241547689443252
     -27.9001760036362221      -60.1079804757092759       83.3241191223513766
     -28.1102879261847285      -60.0828790069261061       83.3239625937343504
     -28.3326571438950516      -60.0562740362355072       83.3236620713652627
     -28.5673182470672593      -60.0281605582792395       83.3231924987094743
     -28.8142721628678764      -59.9985392409718017       83.3225269872126688
     -29.0734861903154354      -59.9674168197903867       83.3216369845542602
     -29.3448940744355617      -59.9348062881584553       83.3204921918710681
     -29.6283962053066716      -59.9007271787536837       83.3190606482185672
     -29.9238599755790418      -59.8652060274614755       83.3173091199960965
     -30.2311201514457437      -59.8282765649213530       83.3152031725906852
     -30.5499793209965382      -59.7899798293991296       83.3127072026289710
     -30.8802085535859590      -59.7503645865033519       83.3097849776499402
     -31.2215480449135434      -59.7094874195651997       83.3063998069051053
     -31.5737078226312597      -59.6674126902271595       83.3025146286919806
     -31.9363687038516204      -59.6242128743091442       83.2980927269440770
     -32.3091831248622725      -59.5799683155325042       83.2930977479871899
     -32.6917761756955656      -59.5347671982600772       83.2874941400749833
     -33.0837467346819665      -59.4887055148676041       83.2812477071838799
     -33.4846685006220781      -59.4418865597612722       83.2743256239455576
     -33.8940913630937430      -59.3944209083817398       83.2666972517648531
     -34.3115425517996684      -59.3464257068915018       83.2583341029862538
     -34.7365280998355672      -59.2980243661447872       83.2492104763068284
     -35.1685341594991883      -59.2493458371788435       83.2393036114539200
     -35.6070284829390573      -59.2005239792797298       83.2285940731148486
     -36.0514618989547913      -59.1516967946077585       83.2170660378160534
     -36.5012698104203963      -59.1030055219346835       83.2047074615411901
     -36.9558737839560152      -59.0545937804661349       83.1915103836517744
     -37.4146830749732189      -59.0066064883417525       83.1774709651104871
     -37.8770962831114488      -58.9591888953598868       83.1625897229972253
     -38.3425029092157459      -58.9124854032676595       83.1468714843042704
     -38.8102850400392256      -58.8666385053031149       83.1303255084787907
     -39.2798189344385236      -58.8217875745727667       83.1129653789661091
     -39.7504767116035893      -58.7780677587044238       83.0948090080736819
     -40.2216279582097442      -58.7356087938830242       83.0758784724540220
     -40.6926413940210594      -58.6945339228572251       83.0561999223041312
     -41.1628863815240607      -58.6549587766968656       83.0358033764739218
     -41.6317344657654402      -58.6169903483797228       83.0147226141118750
     -42.0985609657703961      -58.5807259447483943       82.9929949367755597
     -42.5627465948034924      -58.5462523195526074       82.9706610393958073
     -43.0236790479289795      -58.5136448032687397       82.9477647115850090
     -43.4807545973709608      -58.4829666785685589       82.9243527077870937
     -43.9333796489790771      -58.4542685411550593       82.9004744059281080
     -44.3809722996461886      -58.4275879483345548       82.8761816744990796
     -44.8229638434444979      -58.4029490687146406       82.8515285363528875
     -45.2588002660289987      -58.3803625892211073       82.8265709907676495
     -45.6879436783542019      -58.3598257263357638       82.8013667792772452
     -46.1098738101674712      -58.3413635707075287       82.7759459870282939
     -46.5240898385069670      -58.3252837179649788       82.7501318273784250
     -46.9301107154841119      -58.3119736998451188       82.7236829672864928
     -47.3274764324750805      -58.3017530493276084       82.6963986309095560
     -47.7157501566938294      -58.2948712715069846       82.6681190947211348
     -48.0945200387752649      -58.2915086717806759       82.6387263559365266
     -48.4634007486455829      -58.2917773272232509       82.6081428627731498
     -48.8220349608960973      -58.2957237064925806       82.5763305778368846
     -49.1700945857779317      -58.3033320235779229       82.5432892562966316
     -49.5072816076626907      -58.3145279849453360       82.5090537000476161
     -49.8333286142856977      -58.3291839764710716       82.4736917609595679
     -50.1479988916843382      -58.3471239640463608       82.4373009484460511
     -50.4510863705168262      -58.3681290545478575       82.4000052418927424
     -50.7424155577180969      -58.3919436155371372       82.3619521612769603
     -51.0218413178136529      -58.4182809374343677       82.3233088653077374
     -51.2892491664749599      -58.4468292625624173       82.2842585509903586
     -51.5445558459838225      -58.4772581086641523       82.2449970316501719
     -51.7877097376501183      -58.5092242318632785       82.2057287505594587
     -52.0186911418333580      -58.5423774285099867       82.1666627429574135
     -52.2375124801216728      -58.5763665135758984       82.1280092284454213
     -52.4442183665296469      -58.6108447830589654       82.0899760451851819
     -52.6388855663693676      -58.6454750208816051       82.0527651750128086
     -52.8216228514617896      -58.6799340358440773       82.0165694784913768
     -52.9925707724466761      -58.7139168657528714       81.9815699453818354
     -53.1519013283030972      -58.7471403681355326       81.9479331561790900
     -53.2998175408439607      -58.7793462252694425       81.9158090576138704
     -53.4365529392594993      -58.8103033750650397       81.8853291069738987
     -53.5623709540054094      -58.8398098257253253       81.8566047410391349
     -53.6775642330915872      -58.8676939853786934       81.8297263435788267
     -53.7824538779932766      -58.8938154604333803       81.8047626161994543
     -53.8773885956440211      -58.9180652754451302       81.7817602369444927
     -53.9627437742801987      -58.9403656082386078       81.7607438695490032
     -54.0389204861828318      -58.9606690840814878       81.7417165012794271
     -54.1063444202822055      -58.9789576762116639       81.7246600794423159
     -54.1654647476890432      -58.9965666880464852       81.7085794245258796
     -54.2167529233017760      -59.0149882329120388       81.6923642303617470
     -54.2607014268060368      -59.0338982088550139       81.6762148235151528
     -54.2978224464401578      -59.0529988534146142       81.6603129909024119
     -54.3286465090228035      -59.0720197134823977       81.6448211652242435
     -54.3537210600164542      -59.0907124492056397       81.6298860664307284
     -54.3736089973398720      -59.1088458376683050       81.6156422087768618
     -54.3888871627211117      -59.1262003922204684       81.6022156973807427
     -54.4001447946927641      -59.1425618139795262       81.5897288883990939
     -54.4079819473383139      -59.1577119752494411       81.5783068591623106
     -54.4130078789886156      -59.1714149023259282       81.5680875288396550
     -54.4158394151522629      -59.1833921876318456       81.5592394751617036
     -54.4170992900401345      -59.1932764136464726       81.5519957376376965
     -54.4174144711096517      -59.2012997666043574       81.5461539084523679
     -54.4170992900401345      -59.2093392777810053       81.5403343362207238
     -54.4158394151522629      -59.2192880992965343       81.5331795750314967
     -54.4130078789886156      -59.2314105973478462       81.5245315429904025
     -54.4079819473383139      -59.2453713975703380       81.5146674170861871
     -54.4001447946927712      -59.2609239851960865       81.5037997054349859
     -54.3888871627211756      -59.2778641387955290       81.4921100640139286
     -54.3736089973402770      -59.2960053744584812       81.4797671575251030
     -54.3537210600186356      -59.3151649814763076       81.4669368528938378
     -54.3286465090324384      -59.3351550778043091       81.4537887886396987
     -54.2978224464766654      -59.3557761508823987       81.4405011580818865
     -54.2607014269279659      -59.3768117813009724       81.4272646496078920
     -54.2167529236678902      -59.3980237607756223       81.4142861111474474
     -54.1654647486930401      -59.4191470204585812       81.4017923629631781
     -54.1063444228273198      -59.4398907058657073       81.3900295277236978
     -54.0389204922488418      -59.4617726543357747       81.3779227319378720
     -53.9627437880426868      -59.4861526717873943       81.3645105455299955
     -53.8773886255146692      -59.5130423413108360       81.3498156989432744
     -53.7824539402698818      -59.5424241522877011       81.3338823102209432
     -53.6775643582417032      -59.5742505555898916       81.3167767324330981
     -53.5623711971356684      -59.6084434253125863       81.2985881187395876
     -53.4365533970367181      -59.6448939704839702       81.2794286690689773
     -53.2998183780806301      -59.6834631317962874       81.2594335231601121
     -53.1519028186397762      -59.7239824332770226       81.2387601907371817
     -52.9925733590937256      -59.7662553851368372       81.2175875986675493
     -52.8216272358358694      -59.8100595152735011       81.1961148274436084
     -52.6388928347087912      -59.8551489063510971       81.1745593568914785
     -52.4442301672292430      -59.9012572696498182       81.1531548728812311
     -52.2375312676460410      -59.9481015099543413       81.1321486046113876
     -52.0187205067351854      -59.9953856958803300       81.1117981310574123
     -51.7877548466125148      -60.0428056428031454       81.0923680135717433
     -51.5446240212540019      -60.0900538664507522       81.0741260244884216
     -51.2893506411656617      -60.1368247973734711       81.0573389419743648
     -51.0219902134031145      -60.1828200483451496       81.0422677676529588
     -50.7426311446476035      -60.2277542833845203       81.0291632576524137
     -50.4513946957697357      -60.2713611634818704       81.0182612190975391
     -50.1484348536243374      -60.3133989697525053       81.0097772037442638
     -49.8339378002374147      -60.3536564043167090       81.0039015091451660
     -49.5081207687241189      -60.3919584650652013       81.0007947876557495
     -49.1712307526766921      -60.4281712966086886       81.0005831146876147
     -48.8235431407671143      -60.4622068559655688       81.0033538728287823
     -48.4653604135636513      -60.4940272922042865       81.0091525402181247
     -48.0970109441844755      -60.5236478417903783       81.0179789285117806
     -47.7188481481473303      -60.5511398253459063       81.0297850824723582
     -47.3312497956285227      -60.5766325086105226       81.0444732460411643
     -46.9346174030198000      -60.6003140035098440       81.0618942016846233
     -46.5293757051491426      -60.6224320672808119       81.0818472151097183
     -46.1159720679091123      -60.6432931095300347       81.1040793981882047
     -45.6948763350713847      -60.6632606939554222       81.1282875767579412
     -45.2665795228609866      -60.6826097974848153       81.1542264196656333
     -44.8315916000703112      -60.7013288707801522       81.1818570551504592
     -44.3904406162140646      -60.7193690959991557       81.2111604011142560
     -43.9436714258356105      -60.7366851365216647       81.2421068812807334
     -43.4918442938223109      -60.7532354251179854       81.2746564721651765
     -43.0355334538046890      -60.7689823380701029       81.3087587513025341
     -42.5753256610732151      -60.7838925078391057       81.3443532814895889
     -42.1118186909068015      -60.7979369213979695       81.3813698555093765
     -41.6456198280722276      -60.8110911926714266       81.4197291168079715
     -41.1773443081871733      -60.8233356225299744       81.4593430335827833
     -40.7076137473605755      -60.8346553988897156       81.5001156916973315
     -40.2370545300038884      -60.8450406242523556       81.5419439802368089
     -39.7662961814118034      -60.8544864318368681       81.5847185116251978
     -39.2959696071200497      -60.8629929575390634       81.6283244822092939
     -38.8267053545979053      -60.8705653256671937       81.6726427201282235
     -38.3591319218860534      -60.8772134962869345       81.7175506583667897
     -37.8938741200768945      -60.8829521558132214       81.7629234317154641
     -37.4315513696412197      -60.8878004789602016       81.8086348495465217
     -36.9727760724111505      -60.8917819587510820       81.8545584919373965
     -36.5181519049983478      -60.8949240816681368       81.9005686133608322
     -36.0682722112045724      -60.8972581053213560       81.9465411835712416
     -35.6237183209580195      -60.8988186634638566       81.9923546802747154
     -35.1850579686114884      -60.8996434866775971       82.0378910064790716
     -34.7528436766061617      -60.8997729795726386       82.0830361701615061
     -34.3276111984705565      -60.8992498618886060       82.1276809927513796
     -33.9098780160483173      -60.8981187891405753       82.1717217218425162
     -33.5001418008900416      -60.8964258618387930       82.2150604156230855
     -33.0988790723427968      -60.8942183734343772       82.2576055634404781
     -32.7065436957905931      -60.8915441778176501       82.2992720992607474
     -32.3235657232661424      -60.8884516030319389       82.3399820484318070
     -31.9503499863415250      -60.8849887574350248       82.3796642499759884
     -31.5872750126637598      -60.8812034158822186       82.4182547655086637
     -31.2346918661211497      -60.8771425732718683       82.4556967427022727
     -30.8929230682806484      -60.8728520402676736       82.4919402410661178
     -30.5622617486708670      -60.8683764072339315       82.5269424650967949
     -30.2429706664918250      -60.8637584942000984       82.5606672137788706
     -29.9352814820500086      -60.8590392536525968       82.5930848610127555
     -29.6393941082644901      -60.8542576639592667       82.6241722472538527
     -29.3554760421767540      -60.8494503349426310       82.6539121104095216
     -29.0836619106826753      -60.8446514902990714       82.6822929649755878
     -28.8240531059081988      -60.8398929561684554       82.7093089342713199
     -28.5767174312135808      -60.8352039060294416       82.7349592033908721
     -28.3416889078778382      -60.8306108328124466       82.7592477400167468
     -28.1189677105888443      -60.8261376538562075       82.7821831627687033
     -27.9085201463524157      -60.8218056460521481       82.8037783524381155
     -27.7102787312037435      -60.8176334095081259       82.8240500826134678
     -27.5241423848047333      -60.8136369292555443       82.8430187719067419
     -27.3499767302554346      -60.8098296837060630       82.8607082925507683
     -27.1876144788211285      -60.8062227291579944       82.8771457426100682
     -27.0368558907030376      -60.8028247304096610       82.8923611450622388
     -26.8974693411745740      -60.7996420625851570       82.9063872478111819
     -26.7691919758927135      -60.7966789238452847       82.9192593453942806
     -26.6517304519184322      -60.7939374518919706       82.9310151149160504
     -26.5447617632591779      -60.7914178483541932       82.9416944733275869
     -26.4479341471732070      -60.7891185040002568       82.9513394473748775
     -26.3608680640680397      -60.7870361025709656       82.9599940263279336
     -26.2831572561438804      -60.7851657413896618       82.9677040495019327
     -26.2143698786439110      -60.7835010537677576       82.9745171077104402
     -26.1540495759882035      -60.7820238037017120       82.9804901722191772
     -26.1016638191842318      -60.7761989538402005       82.9889932002523949
     -26.0566882605141004      -60.7640409262879828       83.0015247887186689
     -26.0186245670813001      -60.7475143538172944       83.0166863568426834
     -25.9869495113339362      -60.7280794036207823       83.0334507667103736
     -25.9611186259328264      -60.7068766194859393       83.0510271484373561
     -25.9405689273079396      -60.6848284464889076       83.0687864743228630
     -25.9247212188405030      -60.6627013991829216       83.0862158362211147
     -25.9129822035053685      -60.6411488623138482       83.1028868573517059
     -25.9047465307323144      -60.6207455569971003       83.1184301990004570
     -25.8993988719488364      -60.6020221267827779       83.1325100019434018
     -25.8963161447133849      -60.5855104724089344       83.1447905163793450
     -25.8948700888485774      -60.5718175881147971       83.1548819790626936
     -25.8944178729016059      -60.5606774679552800       83.1630316656247430
