  -68.886480424911795       -46.762943986407507        35.545607753613233     
  -67.362480424911794       -46.585255942135305        35.410542914111730     
  -65.838480424911793       -46.407567897863103        35.275478074610227     
  -64.314480424911793       -46.229879853590901        35.140413235108724     
  -58.208184098594721       -45.517927194818071        34.599241362889138     
  -58.199629470340255       -45.516929783293129        34.598483207054372     
  -58.187341586082390       -45.515497432033811        34.597394443351888     
  -58.170665906940137       -45.513554239607124        34.595917377326366     
  -58.148959968609844       -45.511025960278971        34.593995573055793     
  -58.121595188887525       -45.507840290271680        34.591574070735696     
  -58.087958645312867       -45.503927157793456        34.588599607113537     
  -58.047454816864267       -45.499219014813050        34.585020837202201     
  -57.999507283603812       -45.493651128453791        34.580788555583425     
  -57.943560378177004       -45.487161869821733        34.575855915484816     
  -57.879080783124870       -45.479692958093345        34.570178613258612     
  -57.805559068070096       -45.471178139204561        34.563706280554229     
  -57.722511161007695       -45.461552170616955        34.556389309398469     
  -57.629479748174248       -45.450759826929705        34.548185689151794     
  -57.526035597304798       -45.438749109548787        34.539055829785816     
  -57.411778799528257       -45.425471530103842        34.528962750842318     
  -57.286339925723880       -45.410882416394827        34.517872269603608     
  -57.149381093881281       -45.394941241502927        34.505753179192126     
  -57.000596944905858       -45.377611977059118        34.492577403447719     
  -56.839715525413318       -45.358863472740317        34.478320110810607     
  -56.666499077397653       -45.338669866103885        34.462959763987875     
  -56.480744736272364       -45.317011030157616        34.446478075793742     
  -56.282285140720518       -45.293873070897881        34.428859834077130     
  -56.070988960105737       -45.269248893777899        34.410092549857339     
  -55.846761347973469       -45.243138867096171        34.390165872327294     
  -55.609544333528028       -45.215551622140708        34.369070701699549     
  -55.359317167083098       -45.186505045296940        34.346797915091017     
  -55.096096640630449       -45.156027537283265        34.323336600371441     
  -54.819937411298788       -45.124159640877011        34.298671665894787     
  -54.530932592223500       -45.090956194146884        34.272780672184965     
  -54.229215785329821       -45.056489295708289        34.245629738915973     
  -53.914961222809431       -45.020852032546429        34.217167989873118     
  -53.588384060945636       -44.984163490142059        34.187320260858016     
  -53.249741430349445       -44.946574701195438        34.155978656197014     
  -52.899332896164971       -44.908272624610611        34.122996516604175     
  -52.537499979718525       -44.869480854694878        34.088186450426008     
  -52.164624698806286       -44.830456897937069        34.051322647888867     
  -51.781127083215459       -44.791485862844794        34.012147685306502     
  -51.387461835036419       -44.752871235835663        33.970382994169185     
  -50.984114466299829       -44.714924040138655        33.925741400066016     
  -50.571597270585997       -44.677951757895123        33.877940044288870     
  -50.150445396733822       -44.642248044552829        33.826712446542146     
  -49.721213171039373       -44.608083787856344        33.771819061167548     
  -49.284470763992466       -44.575699874012400        33.713055914492848     
  -48.840801693969063       -44.545303583936118        33.650258991910988     
  -48.390801261738048       -44.517072795242285        33.583307059989686     
  -47.935075060067241       -44.491161997497230        33.512125011473664     
  -47.474237419426643       -44.467695722529932        33.436677513233924     
  -47.008909835205195       -44.446767958114776        33.356967147545049     
  -46.539719414294687       -44.428442942754117        33.273033230456555     
  -46.067297364092639       -44.412756274140548        33.184950341766594     
  -45.592277537057683       -44.399716353580409        33.092826527828556     
  -45.115295037777877       -44.389306163130740        32.996801165900713     
  -44.636984895074221       -44.381485353807719        32.897042498188213     
  -44.157980798348191       -44.376192609703189        32.793744858148102     
  -43.678913784920482       -44.373348376773855        32.687125726345940     
  -43.200409840386669       -44.372859168959849        32.577423621477635     
  -42.723088222233955       -44.374621210678754        32.464895113987183     
  -42.247561567522737       -44.378521480138332        32.349810522232232     
  -41.774435322332081       -44.384438470538363        32.232451153618264     
  -41.304306401808127       -44.392243535023880        32.113107581401259     
  -40.837761870664664       -44.401802232957763        31.992077916742687     
  -40.375377659479668       -44.412975660389172        31.869666060614644     
  -39.917717317472281       -44.425621751318474        31.746179947350029     
  -39.465330802393403       -44.439596537614278        31.621929791557616     
  -39.018753308122534       -44.454755356761751        31.497226350007178     
  -38.578504130534093       -44.470953997982157        31.372379209932987     
  -38.145085572177450       -44.488049778640161        31.247695114987533     
  -37.718981886306288       -44.505902544220994        31.123476339795417     
  -37.300658260794918       -44.524375586497932        31.000019123698205     
  -36.890559842492301       -44.543336475801794        30.877612173836695     
  -36.489110802588982       -44.562657804536641        30.756535247180189     
  -36.096713443640539       -44.582217840376622        30.637057820325278     
  -35.713747353165438       -44.601901104346005        30.519437834391436     
  -35.340568622905963       -44.621598939931452        30.403920429348322     
  -34.977509123003045       -44.641210029867331        30.290736729362482     
  -34.624875809289094       -44.660640781903325        30.180102800222034     
  -34.282950062770141       -44.679805581064656        30.072218793969451     
  -33.951987063590373       -44.698626917386925        29.967268278348815     
  -33.632215202178607       -44.717035399577505        29.865417745736806     
  -33.323835530618972       -44.734969666170315        29.766816293577232     
  -33.027021257564598       -44.752376206523394        29.671595465997537     
  -32.741917301731192       -44.769209016016241        29.579869184497920     
  -32.468640002015405       -44.785428371036758        29.491733266800424     
  -32.207276779442111       -44.801000326946614        29.407265619292787     
  -31.957885726904276       -44.815897195805206        29.326527184070958     
  -31.720495254346016       -44.830098061166510        29.249562981796597     
  -31.495103925899038       -44.843588289157289        29.176402587528941     
  -31.281680372238426       -44.856358979504996        29.107060628586179     
  -31.080163274083006       -44.868406420274951        29.041537324218890     
  -30.890461417943914       -44.879731551604721        28.979819060146902     
  -30.712453822329714       -44.890339433790999        28.921879005336642     
  -30.545989939514332       -44.900238739186534        28.867677742450329     
  -30.390889937908270       -44.909441286733284        28.817163882608636     
  -30.246945065749781       -44.917961623105668        28.770274656758431     
  -30.113918096042589       -44.925816651936699        28.726936479444078     
  -29.991543852226570       -44.933025311346327        28.687065482451693     
  -29.879529813631816       -44.939608298793310        28.650568017451317     
  -29.777556799329503       -44.945587841120265        28.617341128405496     
  -29.685279728555898       -44.950987506545324        28.587272996147590     
  -29.602328455454607       -44.955832054296508        28.560243359111702     
  -29.528308675481302       -44.960147316664951        28.536123915594235     
  -29.462802900484999       -44.963960107602794        28.514778713932472     
  -29.405371498557923       -44.967298202837384        28.496064575484631     
  -29.355553503184876       -44.970211581873187        28.479847359842299     
  -29.312868274666894       -44.972736149537191        28.465975315220810     
  -29.276816785544298       -44.974888734200576        28.454275827285031     
  -29.246882571146887       -44.976690237154145        28.444573131587028     
  -29.222533056262058       -44.978165127284733        28.436688385334481     
  -29.203220928504230       -44.979340947082797        28.430439768138093     
  -29.188385555317442       -44.980247836343011        28.425642615944732     
  -29.177454441448035       -44.980918079755703        28.422109591723718     
  -29.169844723595070       -44.981385684231576        28.419650895953520     
  -29.164964698798947       -44.981685991308446        28.418074519489817     
  -29.162215382972970       -44.981855329400979        28.417186540927620     
  -29.160992095826305       -44.981930709995794        28.416791470078689     
  -23.064686068272870       -45.357593264600673        26.447938282814714     
  -21.540686068272869       -45.451504188794814        25.955749694540305     
  -20.016686068272868       -45.545415112988955        25.463561106265896     
  -18.492686068272867       -45.639326037183096        24.971372517991487     
