     -23.3119823830325679       45.0356621170236693      -26.9407757589723893
     -23.3069978885091516       45.0271135106487606      -26.9538583016908433
     -23.3018555109736880       45.0164944510473646      -26.9703498358781850
     -23.2971350216633937       45.0035211282989565      -26.9908545846882930
     -23.2938298595945739       44.9885766300441432      -27.0149612078410932
     -23.2928908088161393       44.9719872120880311      -27.0423428835815258
     -23.2952595903314439       44.9540792293620157      -27.0726709580788132
     -23.3018888440349130       44.9352144624859662      -27.1055617483580455
     -23.3137570184697225       44.9158174225444355      -27.1405358921810098
     -23.3318832729120551       44.8964027883183121      -27.1769779115996499
     -23.3573464570620644       44.8776094918963153      -27.2140861851702525
     -23.3913134756808283       44.8602499817069642      -27.2508005375448690
     -23.4350866512416545       44.8453901255270679      -27.2856842727625164
     -23.4901912176109633       44.8344937455230124      -27.3167096830749401
     -23.5562326267051709       44.8259668712634891      -27.3464144279727925
     -23.6315665335010721       44.8162292496101315      -27.3802760776721570
     -23.7166944199851386       44.8051989689167627      -27.4185317057535940
     -23.8120977013053476       44.7928039932688264      -27.4613941383782389
     -23.9182315746112479       44.7789741138088928      -27.5090634697310250
     -24.0355240249805959       44.7636410976728882      -27.5617263838363620
     -24.1643749340034439       44.7467388862156454      -27.6195554601011999
     -24.3051552946098290       44.7282038529644836      -27.6827084537832064
     -24.4582065354126179       44.7079751307398254      -27.7513275443500902
     -24.6238399575896239       44.6859950159663342      -27.8255385471202530
     -24.8023362868492860       44.6622094565680428      -27.9054500862262564
     -24.9939453421499103       44.6365686281168479      -27.9911527295603300
     -25.1988858215802729       44.6090276011120466      -28.0827180888725358
     -25.4173452042588579       44.5795471003958923      -28.1801978906136981
     -25.6494797653406188       44.5480943557294253      -28.2836230254715986
     -25.8954146761902564       44.5146440406727706      -28.3930025811631914
     -26.1552440926292320       44.4791792815221285      -28.5083228704897920
     -26.4290313484004891       44.4416926993379420      -28.6295465434539587
     -26.7168092688298557       44.4021874884856658      -28.7566117824132093
     -27.0185805401872869       44.3606785272269661      -28.8894315719227812
     -27.3343181194674933       44.3171935034077293      -29.0278930637603381
     -27.6639656703480412       44.2717740358050165      -29.1718570589886568
     -28.0074380102472027       44.2244767695842498      -29.3211576289244000
     -28.3646215529622268       44.1753744223733165      -29.4756018964403097
     -28.7353747313261039       44.1245567557500920      -29.6349699980899999
     -29.1195283846953821       44.0721314455238158      -29.7990152460994473
     -29.5168860968939555       44.0182248231329893      -29.9674645073245891
     -29.9272244715030382       43.9629824598403616      -30.1400188138574343
     -30.3502933331191791       43.9065695652410994      -30.3163542171202920
     -30.7858158454013910       43.8491711719662760      -30.4961228940749152
     -31.2334885393884782       43.7909920794171583      -30.6789545106612778
     -31.6929812499863068       43.7322565308811022      -30.8644578442395492
     -32.1639371412947099       43.6732076016623623      -31.0522227012162659
     -32.6459732609581934       43.6141063695412612      -31.2418220919938676
     -33.1386811034435738       43.5552294044806203      -31.4328131853171904
     -33.6416282954433470       43.4968560106898536      -31.6247309444644813
     -34.1543580351508638       43.4392720790488767      -31.8170938516699380
     -34.6763884337397101       43.3827743123851732      -32.0094103663645271
     -35.2072126130492791       43.3276685298057131      -32.2011814518459047
     -35.7462988227454872       43.2742677136748810      -32.3919031789378309
     -36.2930905856802397       43.2228898445651737      -32.5810694192092427
     -36.8470068869339045       43.1738555347585446      -32.7681746124155495
     -37.4074424235356560       43.1274854748197498      -32.9527165925985628
     -37.9737679331742157       43.0840977118434267      -33.1341994571082950
     -38.5453306212767757       43.0440047821319851      -33.3121364626462722
     -39.1214547065867819       43.0075107252217563      -33.4860529322214688
     -39.7014421057442064       42.9749080102583321      -33.6554891566102867
     -40.2845728601117372       42.9464743987303308      -33.8200031955585558
     -40.8701013815712813       42.9224693417838452      -33.9791732504201818
     -41.4572521724773750       42.9031289796730988      -34.1326015973918189
     -42.0452197070322455       42.8886605255884135      -34.2799201109769456
     -42.6331692125613984       42.8792367588501548      -34.4207957807368601
     -43.2202379896480764       42.8749907822223264      -34.5549360084072035
     -43.8055372752565120       42.8760111663101142      -34.6820935976144327
     -44.3881530950318464       42.8823394187244418      -34.8020728295097044
     -44.9671457601995712       42.8939701892025766      -34.9147368293270688
     -45.5415572208771380       42.9108431390912841      -35.0200070817969618
     -46.1104154727474906       42.9328392193114041      -35.1178653023320706
     -46.6727377494353632       42.9597788844253401      -35.2083557056027558
     -47.2275378457295645       42.9914622673849536      -35.2915373780668133
     -47.7738497159382263       43.0279239027333560      -35.3671799235280986
     -48.3106880341003730       43.0692298946860390      -35.4350032857461841
     -48.8370497444372447       43.1153294643234872      -35.4948581272541901
     -49.3519618778013651       43.1660615538158794      -35.5467275880371218
     -49.8545133401927032       43.2211684074970890      -35.5907178043965402
     -50.3438822134693567       43.2803128879792212      -35.6270435744693614
     -50.8193603870616641       43.3430986783870509      -35.6560104438080145
     -51.2803708982579209       43.4090916756094884      -35.6779940523842427
     -51.7264729137898200       43.4778401259788865      -35.6934183862062113
     -52.1573515710439608       43.5488908918369688      -35.7027353037170769
     -52.5727948429425425       43.6218000948165567      -35.7064078220696075
     -52.9726643159346509       43.6961380060778666      -35.7048988017338615
     -53.3568657906286106       43.7714892425627156      -35.6986650708385298
     -53.7253182364027069       43.8474485082970133      -35.6881564256194395
     -54.0779467370912101       43.9236165905846292      -35.6738195623372363
     -54.4146908425036528       43.9995996546277865      -35.6561013438327237
     -54.7355115223011168       44.0750104029570267      -35.6354493756938382
     -55.0403968871188383       44.1494704585168734      -35.6123106690053248
     -55.3293676892027122       44.2226135758693246      -35.5871290535293667
     -55.6024787757634869       44.2940889787978946      -35.5603415182352194
     -55.8598209497210760       44.3635649344736720      -35.5323741457034430
     -56.1015229387980838       44.4307323215281187      -35.5036378971223954
     -56.3277528014019211       44.4953079665499160      -35.4745244237894113
     -56.5387188396588414       44.5570376298094928      -35.4454020891001420
     -56.7346700806837418       44.6156985547678318      -35.4166123462987770
     -56.9158963802687552       44.6711015246780860      -35.3884665832982890
     -57.0827281974681000       44.7230923940983516      -35.3612435154386162
     -57.2355360832642077       44.7715530838729308      -35.3351871794969696
     -57.3747299213510331       44.8164020454754706      -35.3105055573197788
     -57.5007579540638787       44.8575942148444540      -35.2873698350463414
     -57.6141056217452885       44.8951204872727558      -35.2659142840681881
     -57.7152942395113655       44.9290067538173901      -35.2462367326862491
     -57.8048795315957378       44.9593125463509011      -35.2283995829465439
     -57.8834500404098833       44.9874592737618784      -35.2107321778986559
     -57.9516254240032254       45.0150277804118204      -35.1913591941033772
     -58.0100546559195038       45.0417793062785989      -35.1707337470285850
     -58.0594141371840919       45.0675052449690696      -35.1492787848212842
     -58.1004057304610910       45.0920279598388731      -35.1273853863274184
     -58.1337547261513947       45.1151953698978971      -35.1054189852545733
     -58.1602077490255880       45.1368757048164255      -35.0837253699950438
     -58.1805306137817269       45.1569518525412334      -35.0626372116319800
     -58.1955061377143466       45.1753145205620825      -35.0424821342298571
     -58.2059319184832944       45.1918529166195668      -35.0235940076677608
     -58.2126180847728989       45.2064404238642723      -35.0063307350417290
     -58.2163850274284442       45.2189097121614338      -34.9911057302651329
     -58.2180611184399410       45.2290058882036234      -34.9784478347190557
     -58.2184804249117889       45.2370736925600312      -34.9681116545134785
     -58.2180611184399410       45.2450438827488455      -34.9577000188720959
     -58.2163850274284442       45.2547498753266169      -34.9447405127699682
     -58.2126180847728989       45.2663422956117572      -34.9288376918561099
     -58.2059319184833086       45.2793735779241402      -34.9103714623907138
     -58.1955061377146308       45.2934858003342953      -34.8896079114461486
     -58.1805306137843914       45.3083645039496687      -34.8667597408265593
     -58.1602077490438703       45.3237145010641100      -34.8420182833258494
     -58.1337547262494212       45.3392462704826471      -34.8155718468110678
     -58.1004057308946358       45.3546673768535484      -34.7876175779910000
     -58.0594141388273997       45.3696763836936725      -34.7583701137476169
     -58.0100546614067127       45.3839579601752732      -34.7280686957811753
     -57.9516254404772653       45.3971783966827402      -34.6969837578060307
     -57.8834500855781116       45.4089809464279384      -34.6654237325779491
     -57.8048796460719814       45.4189872690329537      -34.6337338320133767
     -57.7152945122862420       45.4286139377380209      -34.5999117320133038
     -57.6141062404415436       45.4391196457995861      -34.5621609538120111
     -57.5007592964916796       45.4504290702417109      -34.5204395670924811
     -57.3747327191883656       45.4624411408117908      -34.4747470804798155
     -57.2355417036363860       45.4750284453371378      -34.4251259728498411
     -57.0827391117199880       45.4880370952294371      -34.3716626830857592
     -56.9159169209501457       45.5012870994843652      -34.3144879867215451
     -56.7347076297478310       45.5145732896055648      -34.2537766915190716
     -56.5387856448192068       45.5276668317175890      -34.1897465883211993
     -56.3278686850725734       45.5403173561590506      -34.1226565982549985
     -56.1017192464408581       45.5522557295734600      -34.0528040622010550
     -55.8601461830272328       45.5631974905105039      -33.9805211229822817
     -55.6030064723678805       45.5728469674692462      -33.9061701544380512
     -55.3302072468249833       45.5809020989292009      -33.8301381937760013
     -55.0417081903356333       45.5870599791763595      -33.7528303334946003
     -54.7375244225624229       45.5910231629326859      -33.6746620256590958
     -54.4177307629964275       45.5925068447856248      -33.5960502923237954
     -54.0824680126580830       45.5912470274230230      -33.5174037994841996
     -53.7319472409958010       45.5870094011077427      -33.4391114102024005
     -53.3664565287133783       45.5795994727986979      -33.3615293509406783
     -52.9863702141608215       45.5688741555878281      -33.2849667503213453
     -52.5921603470978170       45.5547550658733584      -33.2096691736392984
     -52.1843932332550651       45.5372409432746963      -33.1357996171473985
     -51.7637001970965400       45.5164142869372981      -33.0634211787758474
     -51.3307471223574012       45.4924433274865621      -32.9924859135645789
     -50.8862011694738783       45.4655791271878158      -32.9228298853113373
     -50.4307004457672932       45.4361484518514587      -32.8541749846035529
     -49.9648340482580267       45.4045441757845794      -32.7861368776088753
     -49.4891356810554868       45.3712150909898568      -32.7182372219559170
     -49.0040891776117888       45.3366563625702881      -32.6499179430486421
     -48.5101416954072491       45.3014010560057940      -32.5805558643971693
     -48.0077204150445311       45.2660125879995690      -32.5094768047388882
     -47.4972548596570974       45.2310782778813163      -32.4359693244149554
     -46.9792179053967018       45.1972061264909115      -32.3592982117007963
     -46.4541234671883529       45.1648887432249211      -32.2788931912631156
     -45.9224834626890868       45.1343180524544962      -32.1945987876711470
     -45.3848276612614256       45.1056210396890123      -32.1063512545899243
     -44.8417072341729153       45.0788984106837134      -32.0141256321605852
     -44.2936942651552812       45.0542253211000343      -31.9179348100003146
     -43.7413816032724085       45.0316523184826352      -31.8178284552332116
     -43.1853815503348386       45.0112080966590113      -31.7138927845563536
     -42.6263224715771187       44.9929050124145320      -31.6062517310392934
     -42.0648516736567757       44.9767367116859518      -31.4950619513752414
     -41.5016357032345553       44.9626788661183880      -31.3805094575983006
     -40.9373593676417471       44.9506913158706851      -31.2628066624534355
     -40.3727243928079531       44.9407204158721072      -31.1421890279251343
     -39.8084473195513837       44.9327015339650302      -31.0189112754233847
     -39.2452530698564104       44.9265613006094924      -30.8932428678431741
     -38.6838684190110058       44.9222188959332769      -30.7654648175937382
     -38.1250194651685632       44.9195869241538261      -30.6358680227385953
     -37.5694294389227395       44.9185722896886404      -30.5047516589985719
     -37.0178164654562138       44.9190770863827993      -30.3724215143926060
     -36.4708912987565057       44.9209994916777404      -30.2391882795485145
     -35.9293550469976921       44.9242346576618132      -30.1053658073254446
     -35.3938969074502907       44.9286755911727198      -29.9712693558150924
     -34.8651919282677838       44.9342140154550904      -29.8372138290380953
     -34.3438988132662644       44.9407412062956340      -29.7035120297296977
     -33.8306577844214544       44.9481487960517327      -29.5704729385239347
     -33.3260885153059405       44.9563295395384870      -29.4384000336066443
     -32.8307881471264693       44.9651780363328726      -29.3075896645185416
     -32.3453296595130624       44.9745893657253788      -29.1783281704450843
     -31.8702614010646705       44.9844494419161975      -29.0508838030561805
     -31.4061044191649543       44.9946449198033633      -28.9255115626419048
     -30.9533506624076118       45.0050692081047359      -28.8024553728464561
     -30.5124614676102510       45.0156231648808784      -28.6819466042776163
     -30.0838660207373962       45.0262156324273164      -28.5642027118408421
     -29.6679599663647657       45.0367638030896984      -28.4494260789356481
     -29.2651041690229441       45.0471934234778146      -28.3378030713771736
     -28.8756236266227191       45.0574388475261998      -28.2295032990761534
     -28.4998065345977771       45.0674429512269157      -28.1246790794973514
     -28.1379034981013625       45.0771569237304064      -28.0234650933322271
     -27.7901268885542372       45.0865399508688185      -27.9259782197369404
     -27.4566503400503485       45.0955588080118801      -27.8323175359574790
     -27.1376083805681532       45.1041873795468717      -27.7425644642177573
     -26.8330961925964218       45.1124061222130237      -27.6567830473977416
     -26.5431694976500054       45.1202014890702756      -27.5750203342671192
     -26.2678445592214480       45.1275653300891122      -27.4973068548397599
     -26.0070982990041450       45.1344942842783468      -27.4236571667371472
     -25.7608685194313409       45.1409891770687466      -27.3540704535353534
     -25.5290541715483386       45.1470544333871473      -27.2885311471649352
     -25.3115156779041754       45.1526974981600162      -27.2270095930208313
     -25.1080754437366593       45.1579282789317773      -27.1694627674493319
     -24.9185184753693001       45.1627586413071214      -27.1158349780533392
     -24.7425930806756114       45.1672019637520705      -27.0660585292661295
     -24.5800116491834117       45.1712727533113920      -27.0200543486579789
     -24.4304515099283464       45.1749863222271344      -26.9777325716869711
     -24.2935558654947172       45.1783585239611014      -26.9389930847456505
     -24.1689348007231537       45.1814055457170909      -26.9037260283911444
     -24.0561663642128423       45.1841437532179526      -26.8718122645507478
     -23.9547977200213502       45.1865895822433004      -26.8431238132206822
     -23.8643463660988786       45.1887594703593294      -26.8175242656293946
     -23.7843014154107948       45.1906698215173677      -26.7948691818681297
     -23.7141198745517414       45.1923289838086930      -26.7750187746552228
     -23.6510622538936666       45.1903100117379282      -26.7630995523950901
     -23.5935927472289073       45.1831309712898914      -26.7612494867719413
     -23.5420523209202095       45.1723121315377938      -26.7669834886130644
     -23.4965178285123315       45.1589869381988223      -26.7783992197007592
     -23.4568926287451056       45.1440451893477004      -26.7939627747785387
     -23.4229571842197117       45.1282116071665484      -26.8123909676856904
     -23.3944007666871734       45.1120938147317503      -26.8325792641449041
     -23.3708438747850806       45.0962151968902063      -26.8535521965599528
     -23.3518566640184808       45.0810411898074648      -26.8744234772623329
     -23.3369774463558848       45.0670055293416496      -26.8943560117474085
     -23.3257363556442847       45.0545446251500366      -26.9125094840122401
     -23.3176926879450122       45.0441536540642602      -26.9279549115618408
     -23.3119823830325679       45.0356621170236693      -26.9407757589723893
