     -18.9648166494665631       83.4947791454268611      -60.7462074151920817
     -18.9652952400179977       83.4846680841369704      -60.7600660463121756
     -18.9669906533443857       83.4721616075854200      -60.7771172201214824
     -18.9707003740900539       83.4569626517613585      -60.7977038181429208
     -18.9772103366924796       83.4395648510582646      -60.8210831050637850
     -18.9872994762631890       83.4203947501009964      -60.8466056543429090
     -19.0017370834010038       83.3998789937039788      -60.8736235265357095
     -19.0212803829560109       83.3784857654236902      -60.9014338937795472
     -19.0466722172595055       83.3567565379030242      -60.9292360342525328
     -19.0786387645556097       83.3353377495821093      -60.9560884788237800
     -19.1178872386336138       83.3150200536499170      -60.9808557955762822
     -19.1651034973588317       83.2967951181884700      -61.0021312910657585
     -19.2209494244723551       83.2819480617866361      -61.0181107695672083
     -19.2860597797260027       83.2722253046813279      -61.0263626810662885
     -19.3610719268218396       83.2657731274544233      -61.0293646040663731
     -19.4466142139397604       83.2584117250178934      -61.0327620479163002
     -19.5432543461355408       83.2500768506447741      -61.0365859442702501
     -19.6515296754309894       83.2407152821527205      -61.0408518291680835
     -19.7719457843249593       83.2302752708752109      -61.0455727119354634
     -19.9049750789424245       83.2187065843111213      -61.0507588531650853
     -20.0510554702543722       83.2059605524990502      -61.0564175341347450
     -20.2105891471400625       83.1919901195648066      -61.0625528180764263
     -20.3839414448616694       83.1767499265328212      -61.0691653221870467
     -20.5714398123542104       83.1601965185489291      -61.0762520690265305
     -20.7733728811444820       83.1422884039888288      -61.0838062180174504
     -20.9899896389033565       83.1229861291069057      -61.0918167984052047
     -21.2214987102834627       83.1022524037433215      -61.1002684717680964
     -21.4680677478340307       83.0800523786824954      -61.1091414008086602
     -21.7298229347783902       83.0563539635174521      -61.1184111463366122
     -22.0068486008665687       83.0311278650179645      -61.1280483610205536
     -22.2991869572108463       83.0043478280933726      -61.1380186384857254
     -22.6068379579661389       82.9759912906915815      -61.1482826788602765
     -22.9297592647356225       82.9460395164180682      -61.1587960881915578
     -23.2678663337601144       82.9144777825172099      -61.1695092432621124
     -23.6210326573801304       82.8812963235048556      -61.1803677458406767
     -23.9890900782180196       82.8464903727503810      -61.1913122515955124
     -24.3718292562274783       82.8100606342126184      -61.2022786630973954
     -24.7690002837913958       82.7720142050144432      -61.2131987111075517
     -25.1803133412269347       82.7323643991338287      -61.2239997863512855
     -25.6054396052237614       82.6911320283921754      -61.2346059181989091
     -26.0440121273126444       82.6483452158718421      -61.2449377446190510
     -26.4956269802911777       82.6040404127766692      -61.2549134550749983
     -26.9598443861290100       82.5582624259308062      -61.2644490887527766
     -27.4361900830982250       82.5110651756455269      -61.2734594659361491
     -27.9241566778927108       82.4625117113785535      -61.2818586640704055
     -28.4232052385812501       82.4126748426009073      -61.2895610471256731
     -28.9327668174001325       82.3616368798789296      -61.2964817314305890
     -29.4522442635622106       82.3094902457729205      -61.3025377975495687
     -29.9810138721555255       82.2563368219766460      -61.3076486602626076
     -30.5184273897176617       82.2022884075266234      -61.3117373560757670
     -31.0638138177190157       82.1474658702715033      -61.3147309411736146
     -31.6164814765054452       82.0919990462786728      -61.3165615218861646
     -32.1757200311427169       82.0360260568126876      -61.3171669167678033
     -32.7408024930248160       81.9796923711448784      -61.3164911828526158
     -33.3109874396772341       81.9231502707178976      -61.3144854836569806
     -33.8855210131122817       81.8665574621977044      -61.3111083489603246
     -34.4636391104885007       81.8100761325476213      -61.3063262781901912
     -35.0445695295886850       81.7538716386006570      -61.3001140682916272
     -35.6275340021961071       81.6981109336168885      -61.2924549261825860
     -36.2117504045107950       81.6429613480693632      -61.2833408125141119
     -36.7964347893434791       81.5885888985985304      -61.2727723815130076
     -37.3808034320317972       81.5351567093460972      -61.2607589384675535
     -37.9640750092555450       81.4828235468783078      -61.2473183881789467
     -38.5454725880543521       81.4317421323042510      -61.2324768877933892
     -39.1242256373186947       81.3820577299233037      -61.2162685878537758
     -39.6995719918877441       81.3339066958694161      -61.1987352258858976
     -40.2707596885823023       81.2874151372367351      -61.1799256768073860
     -40.8370488787690036       81.2426977355693509      -61.1598954929193468
     -41.3977136209284424       81.1998566161877449      -61.1387063379342734
     -41.9520436516577320       81.1589805582378290      -61.1164255321540111
     -42.4993461548102260       81.1201441138822332      -61.0931253805137615
     -43.0389474333025390       81.0834072196061157      -61.0688827203832290
     -43.5701946022123465       81.0488147975669477      -61.0437783102219740
     -44.0924571425925151       81.0164342126834924      -61.0178462235453551
     -44.6051282218807117       80.9865875529263093      -60.9907654498659042
     -45.1076267859971338       80.9596662913860143      -60.9621047478784490
     -45.5993990866115197       80.9359963140167906      -60.9315026712498593
     -46.0799194924648674       80.9158358608147097      -60.8986693823235541
     -46.5486915312148000       80.8993761286310615      -60.8633873889686612
     -47.0052488597814673       80.8867417474317563      -60.8255104494137413
     -47.4491562804851625       80.8779932636312253      -60.7849623347949901
     -47.8800106965423566       80.8731293353658742      -60.7417338230233952
     -48.2974422525646503       80.8720909452062244      -60.6958797623545792
     -48.7011154729460785       80.8747649270033691      -60.6475142830320522
     -49.0907306031949844       80.8809896680885032      -60.5968064347969673
     -49.4660247851539197       80.8905597284775268      -60.5439739668361980
     -49.8267732400041155       80.9032323218216192      -60.4892776596822230
     -50.1727902741552185       80.9187331346143850      -60.4330145203423470
     -50.5039298576566367       80.9367624658538887      -60.3755108248407382
     -50.8200859514402126       80.9570020648393580      -60.3171155855235099
     -51.1211926612092284       80.9791206937681665      -60.2581931718071857
     -51.4072243776096727       81.0027803449908674      -60.1991166921126180
     -51.6781958242871653       81.0276421221569478      -60.1402615530738203
     -51.9341619625652839       81.0533710972729153      -60.0819988310027213
     -52.1752178376253326       81.0796412764674415      -60.0246894280839527
     -52.4014983345697232       81.1061402135600815      -59.9686787808205963
     -52.6131778100367171       81.1325727703569868      -59.9142918425486712
     -52.8104696173374890       81.1586642513576635      -59.8618285824714889
     -52.9936255500529896       81.1841632662381301      -59.8115603133887035
     -53.1629351805977848       81.2088439634996035      -59.7637266142709365
     -53.3187250943674869       81.2325076375448987      -59.7185328594569924
     -53.4613580258968639       81.2549837996070039      -59.6761484110759497
     -53.5912318952376694       81.2761306798072383      -59.6367054217196610
     -53.7087787607451190       81.2958354225378912      -59.6002983936716575
     -53.8144636782683747       81.3140138099087153      -59.5669843113054966
     -53.9087834669468720       81.3306095139560341      -59.5367832724696768
     -53.9922653894053326       81.3455930012344339      -59.5096796235439101
     -54.0654657496941979       81.3601548366136313      -59.4839895072865019
     -54.1289684125524957       81.3756260302252485      -59.4578334762524250
     -54.1833832477930244       81.3917003072164107      -59.4315704285523623
     -54.2293445038770940       81.4080956256122334      -59.4055275753717993
     -54.2675091149403954       81.4245549672973397      -59.3799990870605967
     -54.2985549457160701       81.4408415718481535      -59.3552523435760762
     -54.3231789789697217       81.4567343556270345      -59.3315339500818837
     -54.3420954503136926       81.4720229950733739      -59.3090762439614281
     -54.3560339352631061       81.4865019686147889      -59.2881052673066975
     -54.3657373935772057       81.4999623890177958      -59.2688518175019325
     -54.3719601761283613       81.5121793515327653      -59.2515687147668828
     -54.3754659995877034       81.5228897910129433      -59.2365611848984273
     -54.3770258943102220       81.5317505837665664      -59.2242444943685413
     -54.3774161308846615       81.5389576460366357      -59.2142914348585805
     -54.3770258943102220       81.5461921213334193      -59.2043582829240762
     -54.3754659995877034       81.5551625053673348      -59.1921211785232870
     -54.3719601761283613       81.5661193246004643      -59.1772925717476923
     -54.3657373935772057       81.5787738670032354      -59.1603272432858205
     -54.3560339352631061       81.5929172878333588      -59.1415697942579683
     -54.3420954503136500       81.6083787678520025      -59.1213123222463963
     -54.3231789789694730       81.6250034734597705      -59.0998248788487999
     -54.2985549457147698       81.6426400515203881      -59.0773728437407115
     -54.2675091149346258       81.6611326484630524      -59.0542281108805582
     -54.2293445038552164       81.6803151727006451      -59.0306772211328550
     -54.1833832477199735       81.7000066283617770      -59.0070280511570218
     -54.1289684123331512       81.7200068124097641      -58.9836160309164512
     -54.0654657490926738       81.7400918457652210      -58.9608106100333060
     -53.9922653878804937       81.7600152159987772      -58.9390140867094630
     -53.9087834633125453       81.7811522715212504      -58.9163792125869037
     -53.8144636700228318       81.8047358281006609      -58.8912528139348410
     -53.7087787428485512       81.8307899092778541      -58.8636581318143328
     -53.5912318579252869       81.8593128324205139      -58.8336549502472224
     -53.4613579509138859       81.8902764679607174      -58.8013409897466985
     -53.3187249486960440       81.9236258697677755      -58.7668528148853397
     -53.1629349063179504       81.9592792338111877      -58.7303661400382850
     -52.9936250484123406       81.9971282552414777      -58.6920955100316633
     -52.8104687243730524       82.0370391091368845      -58.6522934565814111
     -52.6131762601756350       82.0788538342807641      -58.6112489271268302
     -52.4014957075120762       82.1223921799627021      -58.5692850016665787
     -52.1752134824639953       82.1674538333237336      -58.5267558302861204
     -51.9341548915048961       82.2138210144721739      -58.4840427943894241
     -51.6781845664535169       82.2612617709497442      -58.4415501603374068
     -51.4072067812403120       82.3095335638746377      -58.3996999885702124
     -51.1211656298748451       82.3583868428203516      -58.3589261598978126
     -50.8200450966856181       82.4075690266796670      -58.3196679135502194
     -50.5038690461779893       82.4568292509512304      -58.2823632685755797
     -50.1727010416991348       82.5059226018621814      -58.2474415591272887
     -49.8266440354503857       82.5546143922649804      -58.2153156345219642
     -49.4658399944389799       82.6026853332477202      -58.1863744980319879
     -49.0904693048448379       82.6499354637974761      -58.1609750628821303
     -48.7007503354144404       82.6961886482438331      -58.1394344746886631
     -48.2969392478552635       82.7412970489440482      -58.1220226702516101
     -47.8793296282298400       82.7851444154537290      -58.1089545038531199
     -47.4482521620610882       82.8276505775525749      -58.1003833046113414
     -47.0040740173958724       82.8687739556617800      -58.0963938067786927
     -46.5471981088039115       82.9085152645946550      -58.0969968857298653
     -46.0780619638632203       82.9469193170419317      -58.1021241423028556
     -45.5971364436186448       82.9840775595458950      -58.1116243851330765
     -45.1049242005379938       83.0201288244943214      -58.1252604205542980
     -44.6019581052595768       83.0552605508261763      -58.1427078650965470
     -44.0887994734522906       83.0897081809196578      -58.1635544815521541
     -43.5660360652192651       83.1237542872081860      -58.1873025723022934
     -43.0342805834250512       83.1575991509288031      -58.2135530330913582
     -42.4941697160013021       83.1911851610005186      -58.2422573141754896
     -41.9463622431940877       83.2244182523566991      -58.2734011676371964
     -41.3915373526854466       83.2572044335853718      -58.3069533932071238
     -40.8303929240879029       83.2894504905689388      -58.3428660680269786
     -40.2636438247469854       83.3210645158286241      -58.3810748208815795
     -39.6920201067115954       83.3519567953708247      -58.4214995250329636
     -39.1162652002081472       83.3820404521887184      -58.4640449877496451
     -38.5371340949965315       83.4112322849191941      -58.5086019400536017
     -37.9553914056596611       83.4394535158888004      -58.5550481205042317
     -37.3718095211812411       83.4666305627477811      -58.6032495248717566
     -36.7871666417739505       83.4926958023785204      -58.6530617896412849
     -36.2022447811691919       83.5175881652976955      -58.7043315832219150
     -35.6178279146286130       83.5412539010032162      -58.7568982176849133
     -35.0346999350305666       83.5636470272777530      -58.8105951043201998
     -34.4536426209627749       83.5847298040433060      -58.8652512970729518
     -33.8754336220462093       83.6044732798545880      -58.9206931548117439
     -33.3008442619658283       83.6228572934062413      -58.9767456717862473
     -32.7306375183287699       83.6398707913787405      -59.0332340661181760
     -32.1655659052265435       83.6555118928925765      -59.0899852088387263
     -31.6063692977476443       83.6697875370966813      -59.1468287609865015
     -31.0537729592413889       83.6827136163842198      -59.2035986400649890
     -30.5084853500067261       83.6943142792548969      -59.2601338711338386
     -29.9711961433254714       83.7046216392190132      -59.3162796814245326
     -29.4425742347743586       83.7136753397039541      -59.3718884371976188
     -28.9232656964295423       83.7215215287481413      -59.4268200940355626
     -28.4138920030464384       83.7282127107288687      -59.4809431904347932
     -27.9150480506250105       83.7338063391205196      -59.5341348611746497
     -27.4273005216313521       83.7383646066874547      -59.5862816070374564
     -26.9511860868611457       83.7419530942067070      -59.6372791577327419
     -26.4872099000444088       83.7446403302212588      -59.6870328812136677
     -26.0358440375056617       83.7464966237119199      -59.7354575696100056
     -25.5975261628489399       83.7475935354083987      -59.7824775734559211
     -25.1726581851771485       83.7480027762577066      -59.8280264228911776
     -24.7616051429145010       83.7477958592977672      -59.8720468849163581
     -24.3646940741029425       83.7470429099182780      -59.9144903228200647
     -23.9822131456489274       83.7458127209410037      -59.9553168540223496
     -23.6144107522819624       83.7441714316514663      -59.9944944396330797
     -23.2614948661133170       83.7421827536583123      -60.0319990036190845
     -22.9236324211237843       83.7399071142987310      -60.0678137085207879
     -22.6009488471163955       83.7374013637159038      -60.1019285739054396
     -22.2935277516562422       83.7347189151449385      -60.1343403540173469
     -22.0014106741998816       83.7319090369251740      -60.1650517633375372
     -21.7245969935489818       83.7290169510320936      -60.1940712454902211
     -21.4630439561479420       83.7260839841204501      -60.2214127531608625
     -21.2166668084989958       83.7231472272568453      -60.2470951548487292
     -20.9853390570429568       83.7202396282507948      -60.2711419385812448
     -20.7688928436464550       83.7173902894010666      -60.2935810565604342
     -20.5671194336336001       83.7146244774524604      -60.3144445616305376
     -20.3797698160551839       83.7119636848356947      -60.3337682838398308
     -20.2065554144562114       83.7094258330067618      -60.3515916163324917
     -20.0471489054331187       83.7070255206934917      -60.3679573435475803
     -19.9011851423554695       83.7047742708941769      -60.3829114805164409
     -19.7682621812710480       83.7026806216243671      -60.3965030126790055
     -19.6479424061805865       83.7007503313927828      -60.4087837321983940
     -19.5397537502809975       83.6989866018257516      -60.4198081004706111
     -19.4431910096217422       83.6973902935226306      -60.4296331190141132
     -19.3577172454195257       83.6959601344681801      -60.4383182072363283
     -19.2827653454823356       83.6946834201548597      -60.4459382339215594
     -19.2177714518732508       83.6894696432275111      -60.4582104686054222
     -19.1621266235632817       83.6785276005927017      -60.4776650595714926
     -19.1151686506703555       83.6636307543540312      -60.5018974854485307
     -19.0762153470942870       83.6460973009317144      -60.5291352435797876
     -19.0445650882046280       83.6269572889708002      -60.5580074428165531
     -19.0194979929717007       83.6070443322465309      -60.5874180146550145
     -19.0002774350026549       83.5870517087869302      -60.6164678816320404
     -18.9861517359756888       83.5675709409170793      -60.6444012318723580
     -18.9763559580533681       83.5491228447448719      -60.6705621856821864
     -18.9701137299525904       83.5321887035713218      -60.6943513462056572
     -18.9666390259188269       83.5172511873599888      -60.7151690219376192
     -18.9651377665042524       83.5048610879043167      -60.7323230496654034
     -18.9648166494665631       83.4947791454268611      -60.7462074151920817
