 Case6_2 : Spline Data
 section : 19

  #     u         camber       camber_slope    camber_curvature  thick_distribution  thick_multiplier
  1   0.0000000000000000  -0.0000000000000000  -0.0501813170502307  -0.0000000000000000   0.0000000000000000   0.0000000000000000
  2   0.0000111397652990  -0.0000005590080943  -0.0501813170502307  -0.0000000000000164   0.0000000000000000   0.0000000000000000
  3   0.0000556687956572  -0.0000027935334847  -0.0501813170502307  -0.0000000000020406   0.0000000000000000   0.0000000000000000
  4   0.0001557465792793  -0.0000078155684743  -0.0501813170502289  -0.0000000000446857   0.0000000000000000   0.0000000000000000
  5   0.0003333828547521  -0.0000167295907334  -0.0501813170501942  -0.0000000004382712   0.0000000000000000   0.0000000000000000
  6   0.0006103782766808  -0.0000306295858226  -0.0501813170498202  -0.0000000026897457   0.0000000000000000   0.0000000000000000
  7   0.0010082656449777  -0.0000505960980009  -0.0501813170471747  -0.0000000121238622   0.0000000000000000   0.0000000000000000
  8   0.0015482518562416  -0.0000776933172664  -0.0501813170332395  -0.0000000438980625   0.0000000000000000   0.0000000000000000
  9   0.0022511607337130  -0.0001129662104753  -0.0501813169742873  -0.0000001349424624   0.0000000000000000   0.0000000000000000
 10   0.0031373768899290  -0.0001574377042398  -0.0501813167637201  -0.0000003652956995   0.0000000000000000   0.0000000000000000
 11   0.0042267907734113  -0.0002121059271076  -0.0501813161063129  -0.0000008933107192   0.0000000000000000   0.0000000000000000
 12   0.0055387450475338  -0.0002779415182076  -0.0501813142669044  -0.0000020102295167   0.0000000000000000   0.0000000000000000
 13   0.0070919824461218  -0.0003558850090315  -0.0501813095679960  -0.0000042206333046   0.0000000000000000   0.0000000000000000
 14   0.0089045952463554  -0.0004468442841425  -0.0501812984516554  -0.0000083562335557   0.0000000000000000   0.0000000000000000
 15   0.0109939764951889  -0.0005516921251219  -0.0501812738255879  -0.0000157313627583   0.0000000000000000   0.0000000000000000
 16   0.0133767731207711  -0.0006712638396198  -0.0501812222864524  -0.0000283493545994   0.0000000000000000   0.0000000000000000
 17   0.0160688410552701  -0.0008063549734603  -0.0501811196509720  -0.0000491698018004   0.0000000000000000   0.0000000000000000
 18   0.0190852024900839  -0.0009577190976952  -0.0501809240231261  -0.0000824475105775   0.0000000000000000   0.0000000000000000
 19   0.0224400053786676  -0.0011260656534242  -0.0501805653800911  -0.0001341549409107   0.0000000000000000   0.0000000000000000
 20   0.0261464852961530  -0.0013120578240434  -0.0501799303670626  -0.0002125011910943   0.0000000000000000   0.0000000000000000
 21   0.0302169297585773  -0.0015163103860394  -0.0501788406475374  -0.0003285623782789   0.0000000000000000   0.0000000000000000
 22   0.0346626450979129  -0.0017393874640050  -0.0501770227552872  -0.0004970408926974   0.0000000000000000   0.0000000000000000
 23   0.0394939259821948  -0.0019818000814561  -0.0501740669281146  -0.0007371748837380   0.0000000000000000   0.0000000000000000
 24   0.0447200276629161  -0.0022440033542797  -0.0501693718569265  -0.0010738250522265   0.0000000000000000   0.0000000000000000
 25   0.0503491410245061  -0.0025263931159238  -0.0501620716330682  -0.0015387741919392   0.0000000000000000   0.0000000000000000
 26   0.0563883705031537  -0.0028293016900542  -0.0501509403846947  -0.0021722871219067   0.0000000000000000   0.0000000000000000
 27   0.0628437149345042  -0.0031529924340543  -0.0501342691003293  -0.0030249964255095   0.0000000000000000   0.0000000000000000
 28   0.0697200513818582  -0.0034976525612393  -0.0501097078531992  -0.0041602054276300   0.0000000000000000   0.0000000000000000
 29   0.0770211219884717  -0.0038633836053352  -0.0500740649212901  -0.0056567382815632   0.0000000000000000   0.0000000000000000
 30   0.0847495238893995  -0.0042501887096199  -0.0500230519230074  -0.0076125246608438   0.0000000000000000   0.0000000000000000
 31   0.0929067022100778  -0.0046579556932178  -0.0499509607041349  -0.0101491945916605   0.0000000000000000   0.0000000000000000
 32   0.1014929461705219  -0.0050864345500482  -0.0498502527472316  -0.0134180966772533   0.0000000000000000   0.0000000000000000
 33   0.1105073883056402  -0.0055352076426810  -0.0497110343797531  -0.0176083745055903   0.0000000000000000   0.0000000000000000
 34   0.1199480068037665  -0.0060036503161987  -0.0495203794005404  -0.0229581042994223   0.0000000000000000   0.0000000000000000
 35   0.1298116309571070  -0.0064908788957403  -0.0492614420148562  -0.0297701329023223   0.0000000000000000   0.0000000000000000
 36   0.1400939497094077  -0.0069956819055852  -0.0489122717339362  -0.0384354040157492   0.0000000000000000   0.0000000000000000
 37   0.1507895232778002  -0.0075164289030496  -0.0484443538747129  -0.0493945899789677   0.0000000000000000   0.0000000000000000
 38   0.1618917978174944  -0.0080509632499116  -0.0478238170434967  -0.0626761080351110   0.0000000000000000   0.0000000000000000
 39   0.1733931230897850  -0.0085965256062264  -0.0470164121601446  -0.0779217235388995   0.0000000000000000   0.0000000000000000
 40   0.1852847730857433  -0.0091497305090546  -0.0459915819856837  -0.0945096943169996   0.0000000000000000   0.0000000000000000
 41   0.1975569695499939  -0.0097065991939405  -0.0447262841472975  -0.1116221005914541   0.0000000000000000   0.0000000000000000
 42   0.2101989083411624  -0.0102626519329797  -0.0432079268921222  -0.1283757453644443   0.0000000000000000   0.0000000000000000
 43   0.2231987885579311  -0.0108130496327492  -0.0414356310950848  -0.1439642334120781   0.0000000000000000   0.0000000000000000
 44   0.2365438443521815  -0.0113527640228393  -0.0394197307476795  -0.1577556451001057   0.0000000000000000   0.0000000000000000
 45   0.2502203793434648  -0.0118767541634840  -0.0371800516701013  -0.1693246849198255   0.0000000000000000   0.0000000000000000
 46   0.2642138035420217  -0.0123801325750774  -0.0347437016099926  -0.1784339640398897   0.0000000000000000   0.0000000000000000
 47   0.2785086726808154  -0.0128583120017118  -0.0321429271020657  -0.1849931086635206   0.0000000000000000   0.0000000000000000
 48   0.2930887298505447  -0.0133071270212418  -0.0294125522529488  -0.1891701492305676   0.0000000000000000   0.0000000000000000
 49   0.3079369493253979  -0.0137228992500367  -0.0265849095664339  -0.1914051836667189   0.0000000000000000   0.0000000000000000
 50   0.3230355824613990  -0.0141024394076728  -0.0236882500743024  -0.1920509217556416   0.0000000000000000   0.0000000000000000
 51   0.3383662055436141  -0.0144430409895297  -0.0207476306109017  -0.1913769241768958   0.0000000000000000   0.0000000000000000
 52   0.3539097694532295  -0.0147424761550664  -0.0177854932376982  -0.1895988426063693   0.0000000000000000   0.0000000000000000
 53   0.3696466510206084  -0.0149989904487245  -0.0148220007661688  -0.1868959540451762   0.0000000000000000   0.0000000000000000
 54   0.3855567059258868  -0.0152112943110543  -0.0118752283366174  -0.1834222495091104   0.0000000000000000   0.0000000000000000
 55   0.4016193230044982  -0.0153785502561947  -0.0089612675573682  -0.1793137612076112   0.0000000000000000   0.0000000000000000
 56   0.4178134798112296  -0.0155003551681727  -0.0060942770059996  -0.1746935916103921   0.0000000000000000   0.0000000000000000
 57   0.4341177992930167  -0.0155767175599261  -0.0032865002561395  -0.1696754875804053   0.0000000000000000   0.0000000000000000
 58   0.4505106074177000  -0.0156080299216781  -0.0005482651566390  -0.1643664694343425   0.0000000000000000   0.0000000000000000
 59   0.4669699916033832  -0.0155950364979886   0.0021120265183339  -0.1588688374533514   0.0000000000000000   0.0000000000000000
 60   0.4834738597908800  -0.0155387969956931   0.0046879129377865  -0.1532817695092417   0.0000000000000000   0.0000000000000000
 61   0.5000000000000000  -0.0154406468487831   0.0071748855683404  -0.1477026590647307   0.0000000000000000   0.0000000000000000
 62   0.5165261402091199  -0.0153021549870972   0.0095703298000632  -0.1422114182993903   0.0000000000000000   0.0000000000000000
 63   0.5330300083966167  -0.0151250856401774   0.0118727628189090  -0.1368204859709559   0.0000000000000000   0.0000000000000000
 64   0.5494893925823000  -0.0149113741100940   0.0140810624612302  -0.1315253122655866   0.0000000000000000   0.0000000000000000
 65   0.5658822007069834  -0.0146631077397301   0.0161943892780640  -0.1263212199302279   0.0000000000000000   0.0000000000000000
 66   0.5821865201887705  -0.0143825065373200   0.0182121782184274  -0.1212034396682630   0.0000000000000000   0.0000000000000000
 67   0.5983806769955019  -0.0140719034086666   0.0201341305022241  -0.1161671454264545   0.0000000000000000   0.0000000000000000
 68   0.6144432940741134  -0.0137337241745125   0.0219602057446565  -0.1112074895638075   0.0000000000000000   0.0000000000000000
 69   0.6303533489793918  -0.0133704675458526   0.0236906143723439  -0.1063196378939053   0.0000000000000000   0.0000000000000000
 70   0.6460902305467707  -0.0129846852244144   0.0253258103499288  -0.1014988045941403   0.0000000000000000   0.0000000000000000
 71   0.6616337944563861  -0.0125789622891545   0.0268664842151213  -0.0967402869780610   0.0000000000000000   0.0000000000000000
 72   0.6769644175386011  -0.0121558980224780   0.0283135564002000  -0.0920395001307558   0.0000000000000000   0.0000000000000000
 73   0.6920630506746023  -0.0117180873220107   0.0296681707992568  -0.0873920114117529   0.0000000000000000   0.0000000000000000
 74   0.7069112701494554  -0.0112681028351496   0.0309316885232085  -0.0827935748352715   0.0000000000000000   0.0000000000000000
 75   0.7214913273191847  -0.0108084779443022   0.0321056817690542  -0.0782401653437234   0.0000000000000000   0.0000000000000000
 76   0.7357861964579783  -0.0103416907206740   0.0331919277162640  -0.0737280129970076   0.0000000000000000   0.0000000000000000
 77   0.7497796206565353  -0.0098701489516170   0.0341924036277857  -0.0692542676240934   0.0000000000000000   0.0000000000000000
 78   0.7634561556478185  -0.0093961760589967   0.0351093415293705  -0.0648263335307664   0.0000000000000000   0.0000000000000000
 79   0.7768012114420690  -0.0089219967655828   0.0359453602910487  -0.0604592311667282   0.0000000000000000   0.0000000000000000
 80   0.7898010916588377  -0.0084497233201483   0.0367034632831174  -0.0561674356413059   0.0000000000000000   0.0000000000000000
 81   0.8024430304500063  -0.0079813438593642   0.0373869896985080  -0.0519646616422560   0.0000000000000000   0.0000000000000000
 82   0.8147152269142568  -0.0075187130856824   0.0379995650168348  -0.0478638837269656   0.0000000000000000   0.0000000000000000
 83   0.8266068769102151  -0.0070635452119975   0.0385450514255394  -0.0438773579607726   0.0000000000000000   0.0000000000000000
 84   0.8381082021825058  -0.0066174090870712   0.0390274986698977  -0.0400166468592788   0.0000000000000000   0.0000000000000000
 85   0.8492104767221998  -0.0061817253831622   0.0394510958012878  -0.0362926499609331   0.0000000000000000   0.0000000000000000
 86   0.8599060502905923  -0.0057577656991534   0.0398201242859912  -0.0327156429856657   0.0000000000000000   0.0000000000000000
 87   0.8701883690428931  -0.0053466534090944   0.0401389129263566  -0.0292953295585339   0.0000000000000000   0.0000000000000000
 88   0.8800519931962335  -0.0049493660677603   0.0404117950344227  -0.0260409111257662   0.0000000000000000   0.0000000000000000
 89   0.8894926116943598  -0.0045667391716714   0.0406430682881516  -0.0229611833740932   0.0000000000000000   0.0000000000000000
 90   0.8985070538294782  -0.0041994710660334   0.0408369576972163  -0.0200646719308250   0.0000000000000000   0.0000000000000000
 91   0.9070932977899222  -0.0038481287850592   0.0409975821173286  -0.0173598277909191   0.0000000000000000   0.0000000000000000
 92   0.9152504761106005  -0.0035131546148399   0.0411289247948601  -0.0148553166089096   0.0000000000000000   0.0000000000000000
 93   0.9229788780115282  -0.0031948731738398   0.0412348085269858  -0.0125604616319537   0.0000000000000000   0.0000000000000000
 94   0.9302799486181418  -0.0028934988168632   0.0413188749432896  -0.0104849383609950   0.0000000000000000   0.0000000000000000
 95   0.9371562850654959  -0.0026091432671098   0.0413845365034925  -0.0086304092408834   0.0000000000000000   0.0000000000000000
 96   0.9436116294968463  -0.0023418235698237   0.0414349046566049  -0.0069926896146509   0.0000000000000000   0.0000000000000000
 97   0.9496508589754939  -0.0020914699912589   0.0414727716678039  -0.0055659724224447   0.0000000000000000   0.0000000000000000
 98   0.9552799723370838  -0.0018579334798511   0.0415006080811814  -0.0043425972671141   0.0000000000000000   0.0000000000000000
 99   0.9605060740178052  -0.0016409925910372   0.0415205643291247  -0.0033127556798116   0.0000000000000000   0.0000000000000000
100   0.9653373549020872  -0.0014403598238086   0.0415344768293502  -0.0024642275546344   0.0000000000000000   0.0000000000000000
101   0.9697830702414227  -0.0012556873396810   0.0415438790617994  -0.0017822254722886   0.0000000000000000   0.0000000000000000
102   0.9738535147038471  -0.0010865720569903   0.0415500181697992  -0.0012494500899948   0.0000000000000000   0.0000000000000000
103   0.9775599946213324  -0.0009325601354005   0.0415538774904278  -0.0008464626643091   0.0000000000000000   0.0000000000000000
104   0.9809147975099162  -0.0007931508872775   0.0415562049636585  -0.0005524364240865   0.0000000000000000   0.0000000000000000
105   0.9839311589447298  -0.0006678001735632   0.0415575465584268  -0.0003462476105170   0.0000000000000000   0.0000000000000000
106   0.9866232268792289  -0.0005559233603513   0.0415582828397722  -0.0002077372403094   0.0000000000000000   0.0000000000000000
107   0.9890060235048110  -0.0004568979257769   0.0415586659535915  -0.0001188817046475   0.0000000000000000   0.0000000000000000
108   0.9910954047536444  -0.0003700658121840   0.0415588540468609  -0.0000646178629910   0.0000000000000000   0.0000000000000000
109   0.9929080175538781  -0.0002947356142746   0.0415589406674113  -0.0000331827599292   0.0000000000000000   0.0000000000000000
110   0.9944612549524661  -0.0002301846810910   0.0415589778050426  -0.0000159866676148   0.0000000000000000   0.0000000000000000
111   0.9957732092265886  -0.0001756611916389   0.0415589924839376  -0.0000071583960556   0.0000000000000000   0.0000000000000000
112   0.9968626231100710  -0.0001303862449516   0.0415589977634010  -0.0000029413421820   0.0000000000000000   0.0000000000000000
113   0.9977488392662870  -0.0000935559888245   0.0415589994610582  -0.0000010896829327   0.0000000000000000   0.0000000000000000
114   0.9984517481437585  -0.0000643437989670   0.0415589999374454  -0.0000003550575752   0.0000000000000000   0.0000000000000000
115   0.9989917343550223  -0.0000419025120102   0.0415590000501973  -0.0000000981426934   0.0000000000000000   0.0000000000000000
116   0.9993896217233194  -0.0000253667108459   0.0415590000716167  -0.0000000217820111   0.0000000000000000   0.0000000000000000
117   0.9996666171452480  -0.0000138550580856   0.0415590000746449  -0.0000000035497573   0.0000000000000000   0.0000000000000000
118   0.9998442534207208  -0.0000064726720999   0.0415590000749267  -0.0000000003619487   0.0000000000000000   0.0000000000000000
119   0.9999443312043429  -0.0000023135394829   0.0415590000749406  -0.0000000000165285   0.0000000000000000   0.0000000000000000
120   0.9999888602347010  -0.0000004629575069   0.0415590000749408  -0.0000000000001324   0.0000000000000000   0.0000000000000000
121   1.0000000000000000  -0.0000000000000000   0.0415590000749408  -0.0000000000000000   0.0000000000000000   0.0000000000000000

 Control points for the thickness distribution spline (symmetric bottom curve):
 ucp_top    vcp_top
   0.0000000000000000        0.0000000000000000     
   0.0000000000000000        0.0000000000000000     
   0.0000000000000000        0.0000000000000000     
   0.0000000000000000        0.0000000000000000     
   0.0000000000000000        0.0000000000000000     
   0.0000000000000000        0.0000000000000000     
   0.0000000000000000        0.0000000000000000     
   0.0000000000000000        0.0000000000000000     
   0.0000000000000000        0.0000000000000000     
   0.0000000000000000        0.0000000000000000     
   0.0000000000000000        0.0000000000000000     
