 Case6_2 : Spline Data
 section : 10

  #     u         camber       camber_slope    camber_curvature  thick_distribution  thick_multiplier
  1   0.0000000000000000  -0.0000000000000000  -0.0025127862198416  -0.0000000000000000   0.0000000000000000   0.0000000000000000
  2   0.0000111397652990  -0.0000000279918487  -0.0025127862198416  -0.0000000000000008   0.0000000000000000   0.0000000000000000
  3   0.0000556687956572  -0.0000001398837826  -0.0025127862198416  -0.0000000000001022   0.0000000000000000   0.0000000000000000
  4   0.0001557465792793  -0.0000003913578582  -0.0025127862198415  -0.0000000000022376   0.0000000000000000   0.0000000000000000
  5   0.0003333828547521  -0.0000008377198434  -0.0025127862198397  -0.0000000000219461   0.0000000000000000   0.0000000000000000
  6   0.0006103782766808  -0.0000015337501225  -0.0025127862198210  -0.0000000001346867   0.0000000000000000   0.0000000000000000
  7   0.0010082656449777  -0.0000025335560186  -0.0025127862196886  -0.0000000006070920   0.0000000000000000   0.0000000000000000
  8   0.0015482518562416  -0.0000038904259289  -0.0025127862189908  -0.0000000021981577   0.0000000000000000   0.0000000000000000
  9   0.0022511607337130  -0.0000056566856686  -0.0025127862160388  -0.0000000067571275   0.0000000000000000   0.0000000000000000
 10   0.0031373768899290  -0.0000078835574065  -0.0025127862054948  -0.0000000182918675   0.0000000000000000   0.0000000000000000
 11   0.0042267907734113  -0.0000106210215696  -0.0025127861725757  -0.0000000447317647   0.0000000000000000   0.0000000000000000
 12   0.0055387450475338  -0.0000139176820763  -0.0025127860804689  -0.0000001006605112   0.0000000000000000   0.0000000000000000
 13   0.0070919824461218  -0.0000178206352306  -0.0025127858451751  -0.0000002113445766   0.0000000000000000   0.0000000000000000
 14   0.0089045952463554  -0.0000223753425699  -0.0025127852885339  -0.0000004184311964   0.0000000000000000   0.0000000000000000
 15   0.0109939764951889  -0.0000276255078800  -0.0025127840554048  -0.0000007877344375   0.0000000000000000   0.0000000000000000
 16   0.0133767731207711  -0.0000336129584719  -0.0025127814746270  -0.0000014195695085   0.0000000000000000   0.0000000000000000
 17   0.0160688410552701  -0.0000403775306173  -0.0025127763352438  -0.0000024621354651   0.0000000000000000   0.0000000000000000
 18   0.0190852024900839  -0.0000479569587374  -0.0025127665393479  -0.0000041284880632   0.0000000000000000   0.0000000000000000
 19   0.0224400053786676  -0.0000563867674842  -0.0025127485806069  -0.0000067176930910   0.0000000000000000   0.0000000000000000
 20   0.0261464852961530  -0.0000657001651948  -0.0025127167828766  -0.0000106408140732   0.0000000000000000   0.0000000000000000
 21   0.0302169297585773  -0.0000759279362722  -0.0025126622161101  -0.0000164524780342   0.0000000000000000   0.0000000000000000
 22   0.0346626450979129  -0.0000870983287693  -0.0025125711867218  -0.0000248888944987   0.0000000000000000   0.0000000000000000
 23   0.0394939259821948  -0.0000992369317485  -0.0025124231762226  -0.0000369133972234   0.0000000000000000   0.0000000000000000
 24   0.0447200276629161  -0.0001123665347458  -0.0025121880745777  -0.0000537708643847   0.0000000000000000   0.0000000000000000
 25   0.0503491410245061  -0.0001265069587799  -0.0025118225221572  -0.0000770527919999   0.0000000000000000   0.0000000000000000
 26   0.0563883705031537  -0.0001416748446723  -0.0025112651344845  -0.0001087754061936   0.0000000000000000   0.0000000000000000
 27   0.0628437149345042  -0.0001578833798169  -0.0025104303342823  -0.0001514740899583   0.0000000000000000   0.0000000000000000
 28   0.0697200513818582  -0.0001751419387594  -0.0025092004509919  -0.0002083187027514   0.0000000000000000   0.0000000000000000
 29   0.0770211219884717  -0.0001934556057134  -0.0025074156618831  -0.0002832562961417   0.0000000000000000   0.0000000000000000
 30   0.0847495238893995  -0.0002128245380760  -0.0025048612299420  -0.0003811906141647   0.0000000000000000   0.0000000000000000
 31   0.0929067022100778  -0.0002332431184864  -0.0025012513242639  -0.0005082121755969   0.0000000000000000   0.0000000000000000
 32   0.1014929461705219  -0.0002546988281056  -0.0024962084600824  -0.0006718996313579   0.0000000000000000   0.0000000000000000
 33   0.1105073883056402  -0.0002771707540989  -0.0024892372202682  -0.0008817241836671   0.0000000000000000   0.0000000000000000
 34   0.1199480068037665  -0.0003006276174097  -0.0024796903364343  -0.0011496072942750   0.0000000000000000   0.0000000000000000
 35   0.1298116309571070  -0.0003250251687805  -0.0024667242699220  -0.0014907137579695   0.0000000000000000   0.0000000000000000
 36   0.1400939497094077  -0.0003503027446082  -0.0024492398689168  -0.0019246197438011   0.0000000000000000   0.0000000000000000
 37   0.1507895232778002  -0.0003763787018801  -0.0024258092852297  -0.0024733915395173   0.0000000000000000   0.0000000000000000
 38   0.1618917978174944  -0.0004031450487953  -0.0023947364380021  -0.0031384521140862   0.0000000000000000   0.0000000000000000
 39   0.1733931230897850  -0.0004304636137832  -0.0023543063340515  -0.0039018631762665   0.0000000000000000   0.0000000000000000
 40   0.1852847730857433  -0.0004581648727036  -0.0023029888459615  -0.0047324915223624   0.0000000000000000   0.0000000000000000
 41   0.1975569695499939  -0.0004860495923542  -0.0022396301467646  -0.0055893805241345   0.0000000000000000   0.0000000000000000
 42   0.2101989083411624  -0.0005138934542194  -0.0021635997152838  -0.0064283048527955   0.0000000000000000   0.0000000000000000
 43   0.2231987885579311  -0.0005414541448651  -0.0020748535300886  -0.0072088849622225   0.0000000000000000   0.0000000000000000
 44   0.2365438443521815  -0.0005684798779822  -0.0019739090569003  -0.0078994780211322   0.0000000000000000   0.0000000000000000
 45   0.2502203793434648  -0.0005947182328550  -0.0018617590565850  -0.0084787877233206   0.0000000000000000   0.0000000000000000
 46   0.2642138035420217  -0.0006199244731526  -0.0017397609262524  -0.0089349270275695   0.0000000000000000   0.0000000000000000
 47   0.2785086726808154  -0.0006438688959874  -0.0016095293833479  -0.0092633705438629   0.0000000000000000   0.0000000000000000
 48   0.2930887298505447  -0.0006663429214340  -0.0014728082150096  -0.0094725322517170   0.0000000000000000   0.0000000000000000
 49   0.3079369493253979  -0.0006871623576011  -0.0013312164435103  -0.0095844496756142   0.0000000000000000   0.0000000000000000
 50   0.3230355824613990  -0.0007061675040191  -0.0011861687149280  -0.0096167844541105   0.0000000000000000   0.0000000000000000
 51   0.3383662055436141  -0.0007232228348006  -0.0010389197286562  -0.0095830346060070   0.0000000000000000   0.0000000000000000
 52   0.3539097694532295  -0.0007382167927500  -0.0008905932515888  -0.0094939987031888   0.0000000000000000   0.0000000000000000
 53   0.3696466510206084  -0.0007510615250167  -0.0007421989191401  -0.0093586538870387   0.0000000000000000   0.0000000000000000
 54   0.3855567059258868  -0.0007616924580220  -0.0005946418283891  -0.0091847111250086   0.0000000000000000   0.0000000000000000
 55   0.4016193230044982  -0.0007700676553831  -0.0004487277527596  -0.0089789821127937   0.0000000000000000   0.0000000000000000
 56   0.4178134798112296  -0.0007761669314149  -0.0003051656708261  -0.0087476311005115   0.0000000000000000   0.0000000000000000
 57   0.4341177992930167  -0.0007799907123954  -0.0001645686689902  -0.0084963538643309   0.0000000000000000   0.0000000000000000
 58   0.4505106074177000  -0.0007815586519343  -0.0000274539053856  -0.0082305093544118   0.0000000000000000   0.0000000000000000
 59   0.4669699916033832  -0.0007809080174370   0.0001057579083845  -0.0079552201692004   0.0000000000000000   0.0000000000000000
 60   0.4834738597908800  -0.0007780918728101   0.0002347432016999  -0.0076754525551853   0.0000000000000000   0.0000000000000000
 61   0.5000000000000000  -0.0007731770887605   0.0003592762136358  -0.0073960834061072   0.0000000000000000   0.0000000000000000
 62   0.5165261402091199  -0.0007662422280979   0.0004792260198525  -0.0071211142555134   0.0000000000000000   0.0000000000000000
 63   0.5330300083966167  -0.0007573756330970   0.0005945183697140  -0.0068511679634815   0.0000000000000000   0.0000000000000000
 64   0.5494893925823000  -0.0007466742123416   0.0007050970718423  -0.0065860167020030   0.0000000000000000   0.0000000000000000
 65   0.5658822007069834  -0.0007342424877283   0.0008109200915539  -0.0063254262616608   0.0000000000000000   0.0000000000000000
 66   0.5821865201887705  -0.0007201916242570   0.0009119591344076  -0.0060691578240355   0.0000000000000000   0.0000000000000000
 67   0.5983806769955019  -0.0007046384401757   0.0010081992392475  -0.0058169697286689   0.0000000000000000   0.0000000000000000
 68   0.6144432940741134  -0.0006877044063685   0.0010996383838396  -0.0055686192341145   0.0000000000000000   0.0000000000000000
 69   0.6303533489793918  -0.0006695146436357   0.0011862871051156  -0.0053238642726521   0.0000000000000000   0.0000000000000000
 70   0.6460902305467707  -0.0006501969262431   0.0012681681349639  -0.0050824651983377   0.0000000000000000   0.0000000000000000
 71   0.6616337944563861  -0.0006298806997922   0.0013453160514654  -0.0048441865281986   0.0000000000000000   0.0000000000000000
 72   0.6769644175386011  -0.0006086961211103   0.0014177769444735  -0.0046087986765705   0.0000000000000000   0.0000000000000000
 73   0.6920630506746023  -0.0005867731274605   0.0014856080934993  -0.0043760796828006   0.0000000000000000   0.0000000000000000
 74   0.7069112701494554  -0.0005642405419447   0.0015488776549995  -0.0041458169328088   0.0000000000000000   0.0000000000000000
 75   0.7214913273191847  -0.0005412252215046   0.0016076643553844  -0.0039178088753039   0.0000000000000000   0.0000000000000000
 76   0.7357861964579783  -0.0005178512534209   0.0016620571853847  -0.0036918667337833   0.0000000000000000   0.0000000000000000
 77   0.7497796206565353  -0.0004942392055709   0.0017121551547393  -0.0034678477883881   0.0000000000000000   0.0000000000000000
 78   0.7634561556478185  -0.0004705054213029   0.0017580700302147  -0.0032461228033515   0.0000000000000000   0.0000000000000000
 79   0.7768012114420690  -0.0004467613016929   0.0017999329494715  -0.0030274439147522   0.0000000000000000   0.0000000000000000
 80   0.7898010916588377  -0.0004231126157787   0.0018378943036900  -0.0028125359512194   0.0000000000000000   0.0000000000000000
 81   0.8024430304500063  -0.0003996589177911   0.0018721213000793  -0.0026020856639272   0.0000000000000000   0.0000000000000000
 82   0.8147152269142568  -0.0003764930803577   0.0019027954814079  -0.0023967427426592   0.0000000000000000   0.0000000000000000
 83   0.8266068769102151  -0.0003537009412122   0.0019301102433846  -0.0021971208993284   0.0000000000000000   0.0000000000000000
 84   0.8381082021825058  -0.0003313610591050   0.0019542683735152  -0.0020037991169425   0.0000000000000000   0.0000000000000000
 85   0.8492104767221998  -0.0003095445729754   0.0019754796349386  -0.0018173231804993   0.0000000000000000   0.0000000000000000
 86   0.8599060502905923  -0.0002883151570420   0.0019939584183903  -0.0016382076378216   0.0000000000000000   0.0000000000000000
 87   0.8701883690428931  -0.0002677290632925   0.0020099214849186  -0.0014669383895747   0.0000000000000000   0.0000000000000000
 88   0.8800519931962335  -0.0002478352419402   0.0020235858213907  -0.0013039761902511   0.0000000000000000   0.0000000000000000
 89   0.8894926116943598  -0.0002286755297534   0.0020351666303282  -0.0011497614762866   0.0000000000000000   0.0000000000000000
 90   0.8985070538294782  -0.0002102848957669   0.0020448754754504  -0.0010047211611236   0.0000000000000000   0.0000000000000000
 91   0.9070932977899222  -0.0001926917337302   0.0020529186049088  -0.0008692784210542   0.0000000000000000   0.0000000000000000
 92   0.9152504761106005  -0.0001759181907383   0.0020594954763339  -0.0007438671812636   0.0000000000000000   0.0000000000000000
 93   0.9229788780115282  -0.0001599805217812   0.0020647975130007  -0.0006289542953213   0.0000000000000000   0.0000000000000000
 94   0.9302799486181418  -0.0001448894604911   0.0020690070663735  -0.0005250242556014   0.0000000000000000   0.0000000000000000
 95   0.9371562850654959  -0.0001306506013109   0.0020722950124329  -0.0004321603075977   0.0000000000000000   0.0000000000000000
 96   0.9436116294968463  -0.0001172647977665   0.0020748171543076  -0.0003501529082175   0.0000000000000000   0.0000000000000000
 97   0.9496508589754939  -0.0001047285580007   0.0020767133122708  -0.0002787112739416   0.0000000000000000   0.0000000000000000
 98   0.9552799723370838  -0.0000930344183848   0.0020781071966894  -0.0002174518169821   0.0000000000000000   0.0000000000000000
 99   0.9605060740178052  -0.0000821712902731   0.0020791064886128  -0.0001658833867114   0.0000000000000000   0.0000000000000000
100   0.9653373549020872  -0.0000721247773002   0.0020798031450759  -0.0001233940718543   0.0000000000000000   0.0000000000000000
101   0.9697830702414227  -0.0000628774617538   0.0020802739537657  -0.0000892434051289   0.0000000000000000   0.0000000000000000
102   0.9738535147038471  -0.0000544091596667   0.0020805813643099  -0.0000625651368492   0.0000000000000000   0.0000000000000000
103   0.9775599946213324  -0.0000466971453751   0.0020807746164656  -0.0000423858886836   0.0000000000000000   0.0000000000000000
104   0.9809147975099162  -0.0000397163473771   0.0020808911626825  -0.0000276627780095   0.0000000000000000   0.0000000000000000
105   0.9839311589447298  -0.0000334395183781   0.0020809583418847  -0.0000173380508026   0.0000000000000000   0.0000000000000000
106   0.9866232268792289  -0.0000278373833389   0.0020809952105388  -0.0000104022633418   0.0000000000000000   0.0000000000000000
107   0.9890060235048110  -0.0000228787700135   0.0020810143946332  -0.0000059528989431   0.0000000000000000   0.0000000000000000
108   0.9910954047536444  -0.0000185307267316   0.0020810238132417  -0.0000032356838207   0.0000000000000000   0.0000000000000000
109   0.9929080175538781  -0.0000147586319686   0.0020810281506911  -0.0000016615981163   0.0000000000000000   0.0000000000000000
110   0.9944612549524661  -0.0000115262996004   0.0020810300103260  -0.0000008005186082   0.0000000000000000   0.0000000000000000
111   0.9957732092265886  -0.0000087960828383   0.0020810307453590  -0.0000003584505155   0.0000000000000000   0.0000000000000000
112   0.9968626231100710  -0.0000065289788876   0.0020810310097236  -0.0000001472851758   0.0000000000000000   0.0000000000000000
113   0.9977488392662870  -0.0000046847355414   0.0020810310947323  -0.0000000545649341   0.0000000000000000   0.0000000000000000
114   0.9984517481437585  -0.0000032219603008   0.0020810311185870  -0.0000000177792022   0.0000000000000000   0.0000000000000000
115   0.9989917343550223  -0.0000020982321897   0.0020810311242329  -0.0000000049144108   0.0000000000000000   0.0000000000000000
116   0.9993896217233194  -0.0000012702161921   0.0020810311253055  -0.0000000010907154   0.0000000000000000   0.0000000000000000
117   0.9996666171452480  -0.0000006937800974   0.0020810311254571  -0.0000000001777510   0.0000000000000000   0.0000000000000000
118   0.9998442534207208  -0.0000003241134792   0.0020810311254712  -0.0000000000181243   0.0000000000000000   0.0000000000000000
119   0.9999443312043429  -0.0000001158484965   0.0020810311254719  -0.0000000000008276   0.0000000000000000   0.0000000000000000
120   0.9999888602347010  -0.0000000231821983   0.0020810311254719  -0.0000000000000066   0.0000000000000000   0.0000000000000000
121   1.0000000000000000  -0.0000000000000000   0.0020810311254720  -0.0000000000000000   0.0000000000000000   0.0000000000000000

 Control points for the thickness distribution spline (symmetric bottom curve):
 ucp_top    vcp_top
   0.0000000000000000        0.0000000000000000     
   0.0000000000000000        0.0000000000000000     
   0.0000000000000000        0.0000000000000000     
   0.0000000000000000        0.0000000000000000     
   0.0000000000000000        0.0000000000000000     
   0.0000000000000000        0.0000000000000000     
   0.0000000000000000        0.0000000000000000     
   0.0000000000000000        0.0000000000000000     
   0.0000000000000000        0.0000000000000000     
   0.0000000000000000        0.0000000000000000     
   0.0000000000000000        0.0000000000000000     
