  -68.514382439271373        35.727863230248673       -51.204038467381203     
  -66.990382439271372        35.643118222672342       -51.082584614962613     
  -65.466382439271371        35.558373215096012       -50.961130762544023     
  -63.942382439271370        35.473628207519681       -50.839676910125434     
  -57.832861550592391        35.133896321693676       -50.352783965006061     
  -57.821627742626880        35.133271643779537       -50.351888696466204     
  -57.805491359772269        35.132374848799088       -50.350603438392305     
  -57.783592722542856        35.131158756147478       -50.348860573039886     
  -57.755087918126677        35.129577439044319       -50.346594279603117     
  -57.719151146571789        35.127586473481706       -50.343740890990148     
  -57.674977024968534        35.125143199120494       -50.340239267699936     
  -57.621782842071667        35.122206991076865       -50.336031187244082     
  -57.558810755792621        35.118739541627704       -50.331061747625277     
  -57.485329926021009        35.114705150979177       -50.325279783439747     
  -57.400638575310303        35.110070980247386       -50.318638227046144     
  -57.304065970094626        35.104793973550436       -50.311075362776243     
  -57.194974315299092        35.098831228960272       -50.302529684383572     
  -57.072760555476165        35.092150415116784       -50.292954812696422     
  -56.936858076367265        35.084721978038097       -50.282308306570791     
  -56.786738323592488        35.076519363812999       -50.270551947121142     
  -56.621912316970516        35.067519239751526       -50.257651996102318     
  -56.441932010516766        35.057702047757587       -50.243579893894001     
  -56.246391550472232        35.047052478768393       -50.228312789468013     
  -56.034928413883478        35.035559978185397       -50.211834034330302     
  -55.807224421388874        35.023219283259287       -50.194133607002506     
  -55.563006622347125        35.010030991744848       -50.175208420490478     
  -55.302048066632615        34.996002275174220       -50.155062613838560     
  -55.024168455101318        34.981147662121437       -50.133707641021672     
  -54.729234719775299        34.965489563760485       -50.111161584699182     
  -54.417161488114900        34.949059059409763       -50.087448305208035     
  -54.087911379185030        34.931897544994037       -50.062597120658026     
  -53.741495303603308        34.914057996304045       -50.036641013831392     
  -53.377972697518963        34.895606736950342       -50.009614363597777     
  -52.997451650672929        34.876626460492872       -49.981550911031739     
  -52.600089179714246        34.857218956506188       -49.952479253214790     
  -52.186091411988997        34.837510058657827       -49.922418809548262     
  -51.755713950367500        34.817655712772854       -49.891373784652451     
  -51.309262289829071        34.797849077645182       -49.859326097258482     
  -50.847091721080524        34.778325619333742       -49.826230524208846     
  -50.369606641075336        34.759363394953695       -49.792011569451923     
  -49.877259028372357        34.741279846509393       -49.756564406033810     
  -49.370546285416445        34.724423337040804       -49.719757829835451     
  -48.850008353383501        34.709161686862117       -49.681440712433933     
  -48.316224488160977        34.695868260104639       -49.641449384820440     
  -47.769809862578910        34.684907964462539       -49.599615707981229     
  -47.211412157971083        34.676624355371906       -49.555774901363392     
  -46.641708371735064        34.671328133200063       -49.509772099893119     
  -46.061401703207750        34.669288268049428       -49.461468519604708     
  -45.471219071026688        34.670727289710825       -49.410744412967460     
  -44.871909192692137        34.675826335426059       -49.357505968632218     
  -44.264240629774996        34.684732767128651       -49.301694670952742     
  -43.648999802854220        34.697552996687669       -49.243275519782408     
  -43.026989203989530        34.714350032340548       -49.182231928240903     
  -42.399025352190641        34.735144734721231       -49.118565571621978     
  -41.765936650624745        34.759918616538819       -49.052297629388640     
  -41.128561263083157        34.788616694738963       -48.983469355609543     
  -40.487745092659111        34.821150001281687       -48.912141330941978     
  -39.844339820283565        34.857398245465767       -48.838392209351710     
  -39.199200922466282        34.897213129262710       -48.762317677944978     
  -38.553185713814337        34.940421934181920       -48.684029163018245     
  -37.907151420043633        34.986831372030430       -48.603652379849457     
  -37.261953258036272        35.036231578738615       -48.521325716624446     
  -36.618442477362947        35.088399739044391       -48.437198754875034     
  -35.977464262128727        35.143102616666880       -48.351431449772704     
  -35.339855590606163        35.200098589435825       -48.264193439595097     
  -34.706443139013253        35.259139574489893       -48.175663157862168     
  -34.078041208399178        35.319972982645155       -48.086026935667817     
  -33.455449710853280        35.382343407628966       -47.995477704589320     
  -32.839452279456829        35.445993600790203       -47.904212770822632     
  -32.230813930681627        35.510669744674864       -47.812437699552611     
  -31.630278753343472        35.576126917360561       -47.720369827636645     
  -31.038568442586421        35.642126467462731       -47.628231207852735     
  -30.456380754604375        35.708435016933848       -47.536244148924304     
  -29.884387842191792        35.774825550686295       -47.444629633105016     
  -29.323234574114561        35.841079196216171       -47.353606815984584     
  -28.773536955269833        35.906986624158321       -47.263392123046515     
  -28.235880644942142        35.972349002110256       -47.174198006646321     
  -27.710819562670462        36.036978817172070       -47.086231670709367     
  -27.198874598476614        36.100700620586636       -46.999693689795599     
  -26.700532420020537        36.163351604851599       -46.914776568934265     
  -26.216244365105659        36.224782010657719       -46.831663371660078     
  -25.746425392422037        36.284855427142304       -46.750526680640760     
  -25.291453146795892        36.343448738484518       -46.671527348817513     
  -24.851667100589047        36.400451763049482       -46.594813340209015     
  -24.427367770137618        36.455767011225902       -46.520518936365811     
  -24.018815923858892        36.509310128567208       -46.448765254944760     
  -23.626231935115211        36.561009579207095       -46.379659865952370     
  -23.249795534284182        36.610803551093142       -46.313293298617843     
  -22.889645307791081        36.658639238290895       -46.249738783414386     
  -22.545878397190261        36.704472374199689       -46.189052459374579     
  -22.218550195158119        36.748266533230009       -46.131273434997823     
  -21.907674084463956        36.789993218115242       -46.076424961566808     
  -21.613221351291315        36.829631620305747       -46.024515214639933     
  -21.335121274588939        36.867166628549512       -45.975535961602560     
  -21.073261049344758        36.902590146210393       -45.929465483311624     
  -20.827485749042882        36.935903344476053       -45.886272555339886     
  -20.597598566868182        36.967116717193562       -45.845917714346456     
  -20.383361226374273        36.996249552920098       -45.808353739368641     
  -20.184494552378034        37.023328976295126       -45.773525552782992     
  -20.000679127765842        37.048389326027404       -45.741370477401148     
  -19.831556040696395        37.071471811916687       -45.711818762640519     
  -19.676727746147783        37.092624194106875       -45.684794063534603     
  -19.535759048270414        37.111900409694144       -45.660213782875374     
  -19.408178192879486        37.129360208526542       -45.637989363258974     
  -19.293478057464565        37.145068875702613       -45.618026628353093     
  -19.191117441936974        37.159096977018493       -45.600226106350043     
  -19.100522457503686        37.171520108731038       -45.584483325634395     
  -19.021088008739774        37.182418715004097       -45.570689177302469     
  -18.952179277403602        37.191905911792354       -45.558766079629876     
  -18.893133528122075        37.200079464167693       -45.548607100306761     
  -18.843261860833898        37.207014953206794       -45.540067927448824     
  -18.801850923958781        37.212796055676371       -45.533006224970705     
  -18.768164794214751        37.217513638061575       -45.527281088428666     
  -18.741446920184359        37.221264857210194       -45.522752540429416     
  -18.720922124721199        37.224152278454604       -45.519281076909813     
  -18.705798660972253        37.226283022968566       -45.516727276130354     
  -18.695270316671412        37.227767955327074       -45.514951481085660     
  -18.688518561237053        37.228720921220678       -45.513813564831288     
  -18.684714730086778        37.229258044110892       -45.513172786939222     
  -18.683022240468006        37.229497088349270       -45.512887747919230     
  -12.586598832996660        38.090545140933529       -44.486164432012004     
  -11.062598832996660        38.305792203749114       -44.229501429976253     
  -9.5385988329966604        38.521039266564699       -43.972838427940502     
  -8.0145988329966595        38.736286329380285       -43.716175425904751     
