     -17.2796537016390950       46.5782626811847607      -61.4774788124297373
     -17.2782954707905603       46.5632178737102862      -61.4889215281449637
     -17.2778378120676592       46.5445519283698630      -61.5030678974670550
     -17.2791086597836347       46.5217823571095082      -61.5202490147483587
     -17.2830708072999641       46.4956017689162238      -61.5399012507559320
     -17.2906667251038115       46.4666033841533519      -61.5615376140475092
     -17.3028281559937795       46.4353810101773945      -61.5846722051619864
     -17.3204811440382791       46.4025907735817071      -61.6087739493424067
     -17.3445493656324032       46.3689984821487116      -61.6332314213836625
     -17.3759574824070704       46.3355269098739697      -61.6573178767101382
     -17.4156358852146091       46.3033143772007207      -61.6801478340909028
     -17.4645286141917069       46.2737994732602047      -61.7006139214857754
     -17.5236076838426627       46.2488588274756438      -61.7172835384921115
     -17.5939009067592806       46.2310571151731509      -61.7282103719926525
     -17.6757701577449922       46.2176157912304717      -61.7354727669947749
     -17.7691356681370429       46.2023040905382629      -61.7437419954369986
     -17.8746159918067349       46.1850064220568655      -61.7530832561060947
     -17.9927985549479210       46.1656270101257746      -61.7635478689669100
     -18.1242363830450266       46.1440759802276901      -61.7751837711829381
     -18.2694466305769048       46.1202696954759759      -61.7880352706776819
     -18.4289092168370914       46.0941311053130818      -61.8021427853258629
     -18.6030655713800748       46.0655901123506979      -61.8175425687625051
     -18.7923174970017577       46.0345839430577541      -61.8342663981622707
     -18.9970261505342926       46.0010575381452114      -61.8523412416795608
     -19.2175111451080802       45.9649639618627930      -61.8717889032277384
     -19.4540497725864583       45.9262648118634829      -61.8926256209662853
     -19.7068763484884713       45.8849306291801753      -61.9148616222005685
     -19.9761816982044635       45.8409413734647160      -61.9385007284945246
     -20.2621127662625042       45.7942868876828513      -61.9635399175957602
     -20.5647723279589592       45.7449673057456252      -61.9899687903821928
     -20.8842188038633978       45.6929935022288873      -62.0177691052143132
     -21.2204662138136300       45.6383874573249457      -62.0469142492017340
     -21.5734841466922482       45.5811809747831873      -62.0773665210238264
     -21.9431979482248636       45.5214158477153816      -62.1090764325707099
     -22.3294890635307510       45.4591449867414354      -62.1419834121803873
     -22.7321953237642695       45.3944320762634135      -62.1760146188648761
     -23.1511115294374790       45.3273521781022311      -62.2110851875989255
     -23.5859900065984860       45.2579931186412878      -62.2470997256161525
     -24.0365413121279836       45.1864553777758502      -62.2839519593940594
     -24.5024349798740175       45.1128524927787566      -62.3215253103905837
     -24.9833003701731649       45.0373110616090031      -62.3596931687968308
     -25.4787275605134305       44.9599704369412336      -62.3983190076814580
     -25.9882683462507487       44.8809825463662477      -62.4372569580179473
     -26.5114373140235848       44.8005124467655023      -62.4763537140907488
     -27.0477129955335158       44.7187377096067067      -62.5154491416006195
     -27.5965390587741837       44.6358485086924333      -62.5543781950010001
     -28.1573256660337847       44.5520466499573828      -62.5929716895856743
     -28.7294510677493946       44.4675453940903580      -62.6310584196275855
     -29.3122632317333256       44.3825686086721589      -62.6684664779437952
     -29.9050814545947041       44.2973498581924474      -62.7050246990145155
     -30.5071980782890080       44.2121318149763169      -62.7405647843655174
     -31.1178802535459234       44.1271648611082767      -62.7749224938258905
     -31.7363717789275590       44.0427059805820065      -62.8079394291769546
     -32.3618950497135458       43.9590177586101163      -62.8394651307804750
     -32.9936530184078549       43.8763667120217349      -62.8693583491978600
     -33.6308312097578508       43.7950214811468541      -62.8974882059218032
     -34.2725997729119030       43.7152503038268350      -62.9237343718519639
     -34.9181156454971884       43.6373199363374340      -62.9479893340007806
     -35.5665247291686910       43.5614938485776406      -62.9701596033722311
     -36.2169641117737129       43.4880298895278585      -62.9901660915155901
     -36.8685642836697482       43.4171779879048003      -63.0079444241418045
     -37.5204512409763637       43.3491778650262134      -63.0234451223617427
     -38.1717473089270172       43.2842567872173234      -63.0366339528783755
     -38.8215718497916242       43.2226267490580511      -63.0474923282787216
     -39.4690432296157425       43.1644813201684698      -63.0560174815797936
     -40.1132810352659988       43.1099927535944687      -63.0622226612874570
     -40.7534083892899517       43.0593092862561733      -63.0661371437802956
     -41.3885542516882339       43.0125525252442884      -63.0678058432466244
     -42.0178557976675791       42.9698152453916435      -63.0672889428102934
     -42.6404608551889908       42.9311595300407873      -63.0646614109036960
     -43.2555302484620583       42.8966150942490927      -63.0600121478497755
     -43.8622400823334573       42.8661781776030679      -63.0534433360868434
     -44.4597839205994703       42.8398108057462110      -63.0450697369119979
     -45.0473761173770271       42.8174979771950319      -63.0349790653472795
     -45.6242601651640101       42.7996017754536311      -63.0229905533262524
     -46.1896973609733621       42.7865790360881917      -63.0088462144799877
     -46.7429681486338424       42.7787744876751788      -62.9923511486985888
     -47.2833875579338212       42.7764199889130765      -62.9733732641733255
     -47.8103153844298987       42.7796382896080232      -62.9518400965243572
     -48.3231648541645882       42.7884497402974375      -62.9277351705235617
     -48.8214103773956509       42.8027804654803319      -62.9010923973399088
     -49.3045928960574926       42.8224729582900849      -62.8719908228302629
     -49.7723213404266716       42.8472969407603159      -62.8405480543303625
     -50.2242693800863123       42.8769609093764004      -62.8069148894195806
     -50.6601682842721885       42.9111222409745992      -62.7712697908385096
     -51.0797981114216597       42.9493965394555701      -62.7338151858221096
     -51.4829790909063405       42.9913648404001094      -62.6947735539736399
     -51.8695627715781384       43.0365802865352052      -62.6543856780410309
     -52.2394307415305335       43.0845727833571317      -62.6129075608591208
     -52.5924980127912178       43.1348554051272330      -62.5706084412677583
     -52.9287157586719843       43.1869304878352480      -62.5277667561543993
     -53.2480734019526096       43.2402965630102258      -62.4846664359993795
     -53.5506001940184362       43.2944555560103339      -62.4415932646438208
     -53.8363663552780096       43.3489191223725499      -62.3988301409817225
     -54.1054838767408626       43.4032153005387116      -62.3566533287611549
     -54.3581070062585567       43.4568945764980299      -62.3153286950672936
     -54.5944324468337427       43.5095349872370107      -62.2751076553627669
     -54.8146993144873349       43.5607468178713191      -62.2362238197130679
     -55.0191888775730433       43.6101767456534262      -62.1988902702141857
     -55.2082240870667107       43.6575109923861717      -62.1632969399043773
     -55.3821689221178204       43.7024776533697548      -62.1296083902445559
     -55.5414275710497236       43.7448483045323258      -62.0979621460285713
     -55.6864434662378613       43.7844390126798615      -62.0684677413739934
     -55.8176981765867453       43.8211105172299611      -62.0412060916006141
     -55.9357101727621639       43.8547677416162429      -62.0162293325689760
     -56.0410334755535828       43.8853587073680771      -61.9935611224195426
     -56.1342561959019832       43.9128729138089469      -61.9731973660444098
     -56.2159989736886985       43.9391786215148770      -61.9538027869881560
     -56.2869133236657504       43.9663614875168705      -61.9338843993173356
     -56.3476798942507813       43.9939869816671063      -61.9137360391946103
     -56.3990066436150954       44.0216579593790769      -61.8936274923093208
     -56.4416269399295629       44.0490159450422851      -61.8738032621941372
     -56.4762975916451353       44.0757338551198075      -61.8544874143040317
     -56.5037968134265611       44.1015089983567705      -61.8358882429429855
     -56.5249221334465233       44.1260555455155696      -61.8182033426843915
     -56.5404882478381836       44.1490953811301949      -61.8016258663891307
     -56.5513248281963925       44.1703455354868169      -61.7863532635184356
     -56.5582742881077607       44.1894986875139324      -61.7726010155224543
     -56.5621895147738627       44.2061890199058922      -61.7606269003713209
     -56.5639315718671014       44.2199276043961618      -61.7507771231220701
     -56.5643673798228050       44.2310566119219999      -61.7428026250489737
     -56.5639315718671014       44.2421874611866031      -61.7348306978868848
     -56.5621895147738627       44.2559334179936172      -61.7249912117663513
     -56.5582742881077678       44.2726403797629970      -61.7130403098153906
     -56.5513248281963996       44.2918232542303016      -61.6993295518242988
     -56.5404882478382760       44.3131202810460323      -61.6841223789300344
     -56.5249221334473333       44.3362285665239355      -61.6676404528367357
     -56.5037968134321673       44.3608701243789838      -61.6500881794491136
     -56.4762975916751984       44.3867725981634109      -61.6316667507260547
     -56.4416269400625410       44.4136569442705422      -61.6125832333932379
     -56.3990066441191686       44.4412285635537501      -61.5930572176017250
     -56.3476798959341423       44.4691700770030494      -61.5733263153367787
     -56.2869133287204306       44.4971346551315108      -61.5536512866345262
     -56.2159989875500230       44.5247390906221057      -61.5343213710769419
     -56.1342562310398847       44.5515653779661562      -61.5156534684262866
     -56.0410335593000042       44.5796981093296694      -61.4961530983469444
     -55.9357103627622294       44.6110026177621606      -61.4744808803274694
     -55.8176985889643476       44.6454794193683639      -61.4506480612923980
     -55.6864443259803252       44.6830894253299107      -61.4246962197071653
     -55.5414292987447027       44.7237527483639781      -61.3966985560516250
     -55.3821722784635639       44.7673480905882926      -61.3667608060639509
     -55.2082304064276386       44.8137127756086571      -61.3350217259118153
     -55.0192004349169821       44.8626434602359083      -61.3016530760516076
     -54.8147198868692982       44.9138974525827948      -61.2668589004194502
     -54.5944681516975976       44.9671949401879232      -61.2308744331313193
     -54.3581675246751175       45.0222220409105560      -61.1939644501467370
     -54.1055842007166419       45.0786345826184345      -61.1564208988885696
     -53.8365292349389080       45.1360624155340986      -61.1185595256007517
     -53.5508595034794013       45.1941146571735572      -61.0807160522175465
     -53.2484786933417240       45.2523859404280913      -61.0432420220918459
     -52.9293383344875181       45.3104629679388395      -61.0064994157748188
     -52.5934389220076497       45.3679316023481292      -60.9708544085925013
     -52.2408312031648023       45.4243852578838343      -60.9366713591873221
     -51.8716176659785901       45.4794331445233482      -60.9043051303420029
     -51.4859543608281953       45.5327092831943858      -60.8740930109705189
     -51.0840532331807466       45.5838826395668235      -60.8463466776399997
     -50.6661849208492043       45.6326668372156092      -60.8213420406691228
     -50.2326767769303899       45.6788315061804653      -60.7993104374273869
     -49.7839029351425779       45.7222113249181490      -60.7804293324694598
     -49.3202741915979672       45.7627139214535674      -60.7648158609440188
     -48.8422272459486564       45.8003248377328021      -60.7525212676977873
     -48.3502151564760041       45.8351106197943210      -60.7435280992775120
     -47.8447013071379175       45.8672191254467521      -60.7377484910900947
     -47.3261577467039771       45.8968786729793479      -60.7350245858880839
     -46.7950672665464680       45.9243953820915891      -60.7351290185958987
     -46.2519277043678940       45.9501505002015449      -60.7377670037363870
     -45.6972571498421232       45.9745964564728808      -60.7425780020833628
     -45.1316005804351619       45.9982530436798385      -60.7491386757050691
     -44.5555418490936290       46.0217024801777370      -60.7569657093279645
     -43.9697017695591299       46.0453900857197169      -60.7656666900491444
     -43.3747233498360671       46.0693538207583515      -60.7751467534488583
     -42.7712766782548002       46.0935666028248932      -60.7853499805756528
     -42.1600586202677974       46.1179924392476224      -60.7962174084781708
     -41.5417911923257961       46.1425872686425294      -60.8076871940122388
     -40.9172200731500624       46.1672999666597690      -60.8196949672617180
     -40.2871130490937759       46.1920736147512727      -60.8321744587873212
     -39.6522583799807791       46.2168467149734852      -60.8450579597971455
     -39.0134631255401843       46.2415546112525462      -60.8582769510816135
     -38.3715512913559280       46.2661309590207352      -60.8717626966144749
     -37.7273618095231598       46.2905091428125175      -60.8854466829902350
     -37.0817464259446652       46.3146238631729688      -60.8992612161272646
     -36.4355672863652131       46.3384127234045735      -60.9131399798861537
     -35.7896930687353461       46.3618174814169137      -60.9270184115096782
     -35.1449951450268543       46.3847848813271071      -60.9408345500960280
     -34.5023450167797847       46.4072672491560212      -60.9545301378855484
     -33.8626117529415964       46.4292226484649575      -60.9680512067745823
     -33.2266594318242667       46.4506152127655341      -60.9813489219142326
     -32.5953445928627445       46.4714157112967285      -60.9943807450204076
     -31.9695135284818654       46.4916001836472930      -61.0071090655763655
     -31.3499996848395881       46.5111499658590475      -61.0195016523977714
     -30.7376211430258479       46.5300523553825940      -61.0315329255489942
     -30.1331780241515084       46.5483000745306867      -61.0431836251661508
     -29.5374499543517999       46.5658905190390868      -61.0544401653931388
     -28.9511936258786555       46.5828254589853330      -61.0652945420697577
     -28.3751403998368303       46.5991104140320687      -61.0757437686978690
     -27.8099940188724020       46.6147539370336048      -61.0857891445418417
     -27.2564284173591567       46.6297674591129905      -61.0954362089732754
     -26.7150856998397188       46.6441643684262530      -61.1046936329021264
     -26.1865743281964249       46.6579597225879326      -61.1135728016833895
     -25.6714672251620826       46.6711698898007938      -61.1220871802730485
     -25.1702999955291666       46.6838118477929669      -61.1302512310887423
     -24.6835692389200858       46.6959033892984365      -61.1380805432186847
     -24.2117310705697051       46.7074619509768283      -61.1455901843184222
     -23.7551997024340764       46.7185045860629558      -61.1527945760484073
     -23.3143463089900678       46.7290475907890794      -61.1597069411052559
     -22.8894979260735134       46.7391071433916849      -61.1663400991730768
     -22.4809365983728426       46.7486983776531346      -61.1727052353933587
     -22.0888985645802300       46.7578360835035554      -61.1788128175191090
     -21.7135736976945353       46.7665336848330071      -61.1846712747789354
     -21.3551049603146481       46.7748025806211771      -61.1902861657423074
     -21.0135881236463540       46.7826526093810244      -61.1956608255752101
     -20.6890716269012671       46.7900921809094399      -61.2007965840000381
     -20.3815564478690803       46.7971274017303784      -61.2056916698858444
     -20.0909963065275008       46.8037640796394498      -61.2103438812139800
     -19.8172978826015189       46.8100082888920213      -61.2147513711963072
     -19.5603211117453419       46.8158663879171897      -61.2189127337049754
     -19.3198796739383951       46.8213451317727234      -61.2228272175013970
     -19.0957415979114806       46.8264517305669017      -61.2264948508214033
     -18.8876299768567399       46.8311938743685019      -61.2299165008511892
     -18.6952238069551697       46.8355797784447105      -61.2330939395230587
     -18.5181589478714450       46.8396182556310450      -61.2360299260363306
     -18.3560291874934407       46.8433187562276885      -61.2387282301702669
     -18.2083874152407184       46.8466914034179212      -61.2411936355058373
     -18.0747469005690888       46.8497470284016870      -61.2434319310896385
     -17.9545826744867547       46.8524971973210285      -61.2454498847989015
     -17.8473330104104200       46.8549542263743319      -61.2472551978163722
     -17.7524009969222938       46.8571311960018875      -61.2488564588406632
     -17.6691544988303271       46.8590278220850749      -61.2502739640092386
     -17.5962001407040418       46.8545809856129054      -61.2561924650308853
     -17.5325268282079492       46.8411531515373269      -61.2686595509167731
     -17.4777337851386392       46.8214122470345657      -61.2856400467090836
     -17.4313127340821303       46.7973503474942021      -61.3056202848291463
     -17.3926797545779657       46.7705322853322372      -61.3274184252879522
     -17.3611937693595308       46.7422320408235308      -61.3500799659564748
     -17.3361687404529192       46.7135161174706681      -61.3728135009912066
     -17.3168827920050923       46.6853008263133091      -61.3949463007332952
     -17.3025860325266834       46.6583983418998898      -61.4158884427389822
     -17.2925084332893739       46.6335629165198142      -61.4350968555628256
     -17.2858694699847852       46.6115515589077276      -61.4520284035859490
     -17.2818923832146716       46.5932230615592289      -61.4660638384462672
     -17.2796537016390950       46.5782626811847607      -61.4774788124297373
