     -26.6486063946367864      -29.1176601952862555       88.3043848575404979
     -26.6484582839088375      -29.1045035851877643       88.3087320195294012
     -26.6491668435535942      -29.0882347877225662       88.3140445181700926
     -26.6513608530098693      -29.0684705795556404       88.3204042919615659
     -26.6557015779892055      -29.0458565850414061       88.3275519553479853
     -26.6628410619921397      -29.0209508431201542       88.3352578536334647
     -26.6734235323742475      -28.9943110869287324       88.3432933400221572
     -26.6880856227127587      -28.9665484780892548       88.3514132288838709
     -26.7074561648890878      -28.9383687031247021       88.3593424787923141
     -26.7321560037915411      -28.9106129479358103       88.3667629461152728
     -26.7627981957734242      -28.8843087048081131       88.3732969010703329
     -26.7999890606593745      -28.8607434031768584       88.3784829905724507
     -26.8443309346496406      -28.8415844040041414       88.3817368312101905
     -26.8964284820979138      -28.8290971326151748       88.3822790443860242
     -26.9566989724146246      -28.8208807758451719       88.3808638740108137
     -27.0254300701456387      -28.8115219548921075       88.3792338548932577
     -27.1030771614499244      -28.8009450017595476       88.3773775475332570
     -27.1900717208748368      -28.7890898760521310       88.3752790130772610
     -27.2868196771757106      -28.7758999332344594       88.3729218363991009
     -27.3937002950927209      -28.7613221374530816       88.3702890631550559
     -27.5110651316581354      -28.7453072850857829       88.3673631382301181
     -27.6392370705688926      -28.7278102419310706       88.3641258500411055
     -27.7785094413803897      -28.7087902068777971       88.3605583170785849
     -27.9291452185774602      -28.6882109794709201       88.3566409458680795
     -28.0913763046053298      -28.6660412362532036       88.3523533757611261
     -28.2654029031088783      -28.6422548274267683       88.3476744486779211
     -28.4513929824768255      -28.6168310869577027       88.3425821874941732
     -28.6494818349185678      -28.5897551632445222       88.3370538122260882
     -28.8597717442791826      -28.5610183976913525       88.3310658882762851
     -29.0823317211023280      -28.5306186459604412       88.3245942943510443
     -29.3171973242290917      -28.4985606022556546       88.3176142192080675
     -29.5643705884216601      -28.4648561354226430       88.3101002413306446
     -29.8238200858925033      -28.4295246879255643       88.3020266610938904
     -30.0954810387683658      -28.3925935657492765       88.2933675702112168
     -30.3792555087457217      -28.3540981716210609       88.2840968418182115
     -30.6750127321073656      -28.3140823136323299       88.2741884755194377
     -30.9825895579989776      -28.2725984999833777       88.2636170457384139
     -31.3017908737264001      -28.2297079981128967       88.2523575852583804
     -31.6323902089050790      -28.1854810028534501       88.2403860009113998
     -31.9741304528352224      -28.1399967930351877       88.2276796709930125
     -32.3267245020542688      -28.0933435703445689       88.2142172858180373
     -32.6898561562680996      -28.0456184832249491       88.1999795233358128
     -33.0631810168530222      -27.9969274651404341       88.1849494170408548
     -33.4463273774813104      -27.9473848659794299       88.1691123586515744
     -33.8388973981294114      -27.8971132930920156       88.1524570564123593
     -34.2404680660295782      -27.8462429761444703       88.1349752938389202
     -34.6505924745482545      -27.7949113298016428       88.1166626070396291
     -35.0688010578263842      -27.7432622672150089       88.0975184151676274
     -35.4946029059959827      -27.6914454821810914       88.0775462476196225
     -35.9274871742454636      -27.6396157251245427       88.0567541797045124
     -36.3669243831637559      -27.5879318162231399       88.0351546542715937
     -36.8123679783120750      -27.5365558111870747       88.0127649888412975
     -37.2632556651290585      -27.4856518363508933       87.9896070033195343
     -37.7190110602334698      -27.4353851217416604       87.9657074246235595
     -38.1790450757907109      -27.3859207255852404       87.9410974181579377
     -38.6427576214687249      -27.3374224485640873       87.9158128044074232
     -39.1095390390491957      -27.2900515063814240       87.8898935411784237
     -39.5787718285496837      -27.2439653651813281       87.8633837295704723
     -40.0498321271301165      -27.1993164189679533       87.8363310723100739
     -40.5220914402698256      -27.1562507994469513       87.8087866770635372
     -40.9949181580739648      -27.1149071175394631       87.7808045165853770
     -41.4676792426566649      -27.0754153078572486       87.7524410627117959
     -41.9397413918811566      -27.0378954456793750       87.7237548188132479
     -42.4104723331402482      -27.0024564921685055       87.6948059188381706
     -42.8792423228540187      -26.9691950688106346       87.6656557541632822
     -43.3454258034631223      -26.9381943072914538       87.6363664909872284
     -43.8084029778803483      -26.9095228762530105       87.6070007464893763
     -44.2675614645709175      -26.8832340892344384       87.5776210688428733
     -44.7222978898531878      -26.8593652501928055       87.5482896940700783
     -45.1720195164710603      -26.8379370674480278       87.5190680032129791
     -45.6161458176037229      -26.8189533800156603       87.4900164604902244
     -46.0541100295018637      -26.8024008929348909       87.4611940441901226
     -46.4853606340363470      -26.7882492901541021       87.4326583911100670
     -46.9093631178743138      -26.7764995961983558       87.4044502858638879
     -47.3256030449087177      -26.7674826162987465       87.3765027558940375
     -47.7335839161101063      -26.7616215109828843       87.3487132964060038
     -48.1328283766395941      -26.7592581632790001       87.3209979268966663
     -48.5228829391755028      -26.7606515050358453       87.2932907138958996
     -48.9033213699665339      -26.7659788931656664       87.2655440696974836
     -49.2737475821597855      -26.7753386217163261       87.2377278676835317
     -49.6337982495147259      -26.7887537677033585       87.2098284587294330
     -49.9831447955002020      -26.8061773613632681       87.1818481551690070
     -50.3214942328919861      -26.8274979993170746       87.1538032340074409
     -50.6485888366575665      -26.8525464401626976       87.1257233746108426
     -50.9642047136330518      -26.8811021427429253       87.0976502690834451
     -51.2681498890731646      -26.9128996898729937       87.0696359881417834
     -51.5602624788451749      -26.9476354207972442       87.0417424399230413
     -51.8404087075698357      -26.9849735682262235       87.0140399446163855
     -52.1084828559708981      -27.0245522298000864       86.9866056285680997
     -52.3644084044118401      -27.0659898039061879       86.9595224260005608
     -52.6081389192520206      -27.1088914439691955       86.9328774399817377
     -52.8396586869257447      -27.1528554215064553       86.9067599117554579
     -53.0589831897282167      -27.1974795504794429       86.8812598033513694
     -53.2661594086410162      -27.2423673236888177       86.8564663105908039
     -53.4612659623480084      -27.2871336084672933       86.8324661954084007
     -53.6444131041418544      -27.3314098628028752       86.8093421303772317
     -53.8157425982152162      -27.3748488670601695       86.7871712960213273
     -53.9754274772364298      -27.4171288793267180       86.7660241364714864
     -54.1236716824795963      -27.4579571402333720       86.7459631825948776
     -54.2607095977351435      -27.4970727303597435       86.7270420442724941
     -54.3868054817908373      -27.5342487630567163       86.7093045580543276
     -54.5022528039664564      -27.5692939103403845       86.6927840758859531
     -54.6073735003882632      -27.6020533618729758       86.6775031582804587
     -54.7025171400702916      -27.6324091428554901       86.6634733463393587
     -54.7880600082071467      -27.6602798488752519       86.6506950694789282
     -54.8644041132297104      -27.6856198606564945       86.6391577297897584
     -54.9319761215052154      -27.7084180925468324       86.6288399496491337
     -54.9912262234272333      -27.7302562072009700       86.6192106043106236
     -55.0426269344823211      -27.7529009865944225       86.6096776277127844
     -55.0866718350295912      -27.7759819705680435       86.6003325903287191
     -55.1238742523177763      -27.7991595959184465       86.5912577416494713
     -55.1547658884187939      -27.8221263689414009       86.5825255228441932
     -55.1798953978646125      -27.8446007795676564       86.5742004043858202
     -55.1998269188071120      -27.8663214475765848       86.5663406576354646
     -55.2151385616211883      -27.8870408135160126       86.5590002849398843
     -55.2264208590075114      -27.9065174492838430       86.5522314103673978
     -55.2342751816916859      -27.9245054557349945       86.5460876280089764
     -55.2393121239280660      -27.9407379633638193       86.5406292743244592
     -55.2421498631278496      -27.9548981741799203       86.5359327483428444
     -55.2434124979805645      -27.9665644944234479       86.5321082297598565
     -55.2437283695027617      -27.9760217182362751       86.5290374130988766
     -55.2434124979805645      -27.9854866503078590       86.5259904378624327
     -55.2421498631278496      -27.9971837862607771       86.5222612313895638
     -55.2393121239280731      -28.0114132747125026       86.5177789791594449
     -55.2342751816916859      -28.0277688176610624       86.5127011702104198
     -55.2264208590075327      -28.0459488536051573       86.5071513295978036
     -55.2151385616214014      -28.0657017026978046       86.5012367749624502
     -55.1998269188085544      -28.0867966334195032       86.4950580134286184
     -55.1798953978724285      -28.1090073996215040       86.4887141264120203
     -55.1547658884533902      -28.1321016847327279       86.4823062620493772
     -55.1238742524489140      -28.1558334681704530       86.4759401985995879
     -55.0866718354675129      -28.1799367805011549       86.4697284731974065
     -55.0426269357973084      -28.2041199205353728       86.4637923725649671
     -54.9912262270333372      -28.2280594456516951       86.4582640060272354
     -54.9319761306466674      -28.2514014078708087       86.4532860140889738
     -54.8644041350174021      -28.2759247913923808       86.4483040679106978
     -54.7880600576388161      -28.3032228244640933       86.4428228061929929
     -54.7025172473588910      -28.3332990398669224       86.4368660477648518
     -54.6073737240721186      -28.3661226674340270       86.4304690868814873
     -54.5022532534789264      -28.4016274785944312       86.4236792233089375
     -54.3868063550647065      -28.4397111073079465       86.4165561505588329
     -54.2607112419807009      -28.4802349004021700       86.4091721809376025
     -54.1236746896768892      -28.5230243265776018       86.4016122364251657
     -53.9754328302632160      -28.5678699609071920       86.3939735239808897
     -53.8157518890279007      -28.6145291794781329       86.3863652008621159
     -53.6444288521569561      -28.6627284966721447       86.3789077554717153
     -53.4612920692484508      -28.7121665589469970       86.3717321135316070
     -53.2662017953781586      -28.7625177989071261       86.3649784866800445
     -53.0590506726941413      -28.8134367051437508       86.3587948739939719
     -52.8397641634479172      -28.8645627169119905       86.3533353266714130
     -52.6083009483563657      -28.9155257449258016       86.3487580977372886
     -52.3646532883771059      -28.9659521998765115       86.3452234735486286
     -52.1088473537696260      -29.0154714185644913       86.3428911399174552
     -51.8409435466532003      -29.0637224730486885       86.3419172424017773
     -51.5610368842160796      -29.1103615392352850       86.3424518744966178
     -51.2692574311658262      -29.1550694422272727       86.3446360563562649
     -50.9657707635495782      -29.1975592557253805       86.3485980260942512
     -50.6507771702950933      -29.2375842484172352       86.3544503040083526
     -50.3245087411158920      -29.2749453338819201       86.3622869605898273
     -49.9872263132543821      -29.3094973636184122       86.3721802738265723
     -49.6392162875051426      -29.3411547850559415       86.3841788127353993
     -49.2807877178569598      -29.3698960736844192       86.3983056896951638
     -48.9122702282810309      -29.3957667098421389       86.4145563435973969
     -48.5340131296864925      -29.4188815820942331       86.4328981271020638
     -48.1463853786010958      -29.4394260097146834       86.4532689224176920
     -47.7497761107524994      -29.4576561021643215       86.4755766476464629
     -47.3445953688529215      -29.4738983787363260       86.4996993827758018
     -46.9312750963600251      -29.4885482017778564       86.5254848229193954
     -46.5102715445714452      -29.5020672591023292       86.5527515927188915
     -46.0820639144806208      -29.5148111470577241       86.5813470920522548
     -45.6471497023447199      -29.5267949509419516       86.6112284266810804
     -45.2060450619927394      -29.5379884441154026       86.6423611228604926
     -44.7592838316118531      -29.5483644429155028       86.6747031492801625
     -44.3074161898614420      -29.5578990306921376       86.7082047253735766
     -43.8510072961473085      -29.5665719022778219       86.7428086700469265
     -43.3906359275330757      -29.5743665756936096       86.7784505277538898
     -42.9268930530186594      -29.5812706562655201       86.8150590032775966
     -42.4603804051838054      -29.5872760422474173       86.8525563732117263
     -41.9917089595540460      -29.5923791296565497       86.8908590398996097
     -41.5214974211091530      -29.5965809791869425       86.9298781171549280
     -41.0503705974656867      -29.5998874609104554       86.9695200930488284
     -40.5789577711163076      -29.6023093696837734       87.0096875537359153
     -40.1078906098595098      -29.6038624496585072       87.0502799551189241
     -39.6378011861972155      -29.6045672577815928       87.0911945579872508
     -39.1693201903288681      -29.6044488653435813       87.1323272314832451
     -38.7030753152729261      -29.6035365882533341       87.1735734535060516
     -38.2396894571567643      -29.6018635931788268       87.2148290227197975
     -37.7797791023469642      -29.5994665942607185       87.2559910878097611
     -37.3239525043379743      -29.5963853832586921       87.2969587106146605
     -36.8728080875287603      -29.5926625103677665       87.3376338720093628
     -36.4269326324327380      -29.5883427630569429       87.3779218563993112
     -35.9868997077454367      -29.5834728432584910       87.4177321720577538
     -35.5532679054064289      -29.5781008305643276       87.4569787690734870
     -35.1265793052022417      -29.5722758546198712       87.4955807847648970
     -34.7073578138484606      -29.5660475953679267       87.5334626731160483
     -34.2961076558874893      -29.5594659304784422       87.5705546473896135
     -33.8933118810559719      -29.5525805432266040       87.6067928723910683
     -33.4994308888829337      -29.5454404975627227       87.6421194092814773
     -33.1149011903090198      -29.5380940303219468       87.6764826072324439
     -32.7401339562542688      -29.5305881040099045       87.7098366032518584
     -32.3755139105902359      -29.5229683548522672       87.7421418669519255
     -32.0213980395557130      -29.5152786784961521       87.7733645507895517
     -31.6781145479192006      -29.5075610796381334       87.8034765067788356
     -31.3459619027783170      -29.4998555375738611       87.8324552381517947
     -31.0252078392766819      -29.4921996990970925       87.8602832290895179
     -30.7160886486714340      -29.4846288962832084       87.8869481393477372
     -30.4188084448263609      -29.4771759826779274       87.9124423638442067
     -30.1335385178540669      -29.4698711747107680       87.9367625200178367
     -29.8604168984130354      -29.4627421168257300       87.9599095234187729
     -29.5995479408532098      -29.4558138086274113       87.9818881819279852
     -29.3510019945336644      -29.4491085276695053       88.0027067150200537
     -29.1148152357035563      -29.4426458912907947       88.0223766353973218
     -28.8909895996365726      -29.4364429346551226       88.0409126353336262
     -28.6794927579756376      -29.4305140830319196       88.0583321209883820
     -28.4802582237713935      -29.4248712126524872       88.0746549855422529
     -28.2931855598934447      -29.4195237414292308       88.0899034622036652
     -28.1181406981652628      -29.4144787429402292       88.1041020375486994
     -27.9549563269991594      -29.4097409994429455       88.1172771691466323
     -27.8034323826196470      -29.4053130933852174       88.1294571101286408
     -27.6633366353851819      -29.4011955185569711       88.1406717896866780
     -27.5344053634101051      -29.3973867944026459       88.1509527046822114
     -27.4163441126144036      -29.3938835862039980       88.1603328342547314
     -27.3088285394241943      -29.3906808255262071       88.1688465637135863
     -27.2115053284412163      -29.3877718139872393       88.1765295693867728
     -27.1239931915646189      -29.3851483381492713       88.1834187498225646
     -27.0458839422017725      -29.3828007843273440       88.1895521713932595
     -26.9767436405261094      -29.3807182500831203       88.1949690198245548
     -26.9161133615733021      -29.3788762417967213       88.1997137204141097
     -26.8633200990414096      -29.3719252881874269       88.2056176947010897
     -26.8177767444561823      -29.3575227625232067       88.2135022318693274
     -26.7790426508724870      -29.3379839494155803       88.2226256826236437
     -26.7466367956923037      -29.3150293913503468       88.2324472205270780
     -26.7200470746629684      -29.2900026796281985       88.2425541803060156
     -26.6987361281587852      -29.2639901082618223       88.2526219669693859
     -26.6821455488651509      -29.2378939687717221       88.2623893565290558
     -26.6696993091660559      -29.2124830287609818       88.2716413798830928
     -26.6608068688168913      -29.1884331883777826       88.2801954818069703
     -26.6548663146946048      -29.1663682718132726       88.2878876538979682
     -26.6512679760861744      -29.1469134721991168       88.2945543884280113
     -26.6493992594190949      -29.1307823595098689       88.3000035119963371
     -26.6486063946367864      -29.1176601952862555       88.3043848575404979
