  -67.670323787867702       -22.338205657924600       -67.596471374843574     
  -66.146323787867701       -22.328718567716070       -67.567762989239853     
  -64.622323787867700       -22.319231477507540       -67.539054603636131     
  -63.098323787867699       -22.309744387299009       -67.510346218032410     
  -56.990546555275245       -22.271722711722099       -67.395290821723449     
  -56.980761312677195       -22.271661797365642       -67.395106491987406     
  -56.966705431718488       -22.271574516226686       -67.394842375115161     
  -56.947629793359994       -22.271456476936461       -67.394485182616535     
  -56.922798837099450       -22.271303536395394       -67.394022377277281     
  -56.891492551756400       -22.271111862948956       -67.393442364337119     
  -56.853008424966028       -22.270878004874220       -67.392734698750644     
  -56.806663345915084       -22.270598963584714       -67.391890306760629     
  -56.751795455952454       -22.270272270932715       -67.390901719957881     
  -56.687765941822498       -22.269896069956310       -67.389763319966448     
  -56.613960766405320       -22.269469181698948       -67.388471541413026     
  -56.529792332002032       -22.268986353549849       -67.387010494806532     
  -56.434701071379045       -22.268441977063326       -67.385363220076670     
  -56.328156961982245       -22.267833821754969       -67.383522991354113     
  -56.209660958952071       -22.267160185165221       -67.381484704029333     
  -56.078746342814625       -22.266419993731951       -67.379245199299049     
  -55.934979978345538       -22.265612888001364       -67.376803554395352     
  -55.777963481749069       -22.264739240415768       -67.374161189006173     
  -55.607334290258656       -22.263800281873664       -67.371322331247441     
  -55.422766633179435       -22.262798199361146       -67.368294440681950     
  -55.223972401858688       -22.261736195726144       -67.365088580721164     
  -55.010701915813890       -22.260618515236420       -67.361719777359014     
  -54.782744579097795       -22.259450408997942       -67.358207320003388     
  -54.539929434966695       -22.258238045616281       -67.354575065273380     
  -54.282125616042229       -22.256988339555566       -67.350851717945687     
  -54.009242685238185       -22.255708623774566       -67.347070940700164     
  -53.721230870973670       -22.254405965681819       -67.343270779052347     
  -53.418081196238639       -22.253086593549565       -67.339493936222624     
  -53.099825504736543       -22.251755086132224       -67.335788003845721     
  -52.766536389361328       -22.250412928176960       -67.332204651315791     
  -52.418327022858861       -22.249056958931099       -67.328799642227708     
  -52.055350899473730       -22.247677393199147       -67.325633084006824     
  -51.677801503204961       -22.246254738712352       -67.322768369630154     
  -51.285911875832809       -22.244756842991507       -67.320272971408286     
  -50.879954060466964       -22.243136338668883       -67.318217685671229     
  -50.460238379481943       -22.241329566781467       -67.316675581012461     
  -50.027112545542415       -22.239257249620518       -67.315721195453179     
  -49.580960629503792       -22.236826299901832       -67.315427827390323     
  -49.122201851548425       -22.233933561246534       -67.315866256389697     
  -48.651289292572322       -22.230469716340629       -67.317101410507291     
  -48.168708467471419       -22.226324025942766       -67.319190994603531     
  -47.674975884245463       -22.221388256566726       -67.322182602748867     
  -47.170637492033208       -22.215560677261649       -67.326112791177820     
  -46.656267143031485       -22.208748981174168       -67.331005153593225     
  -46.132464999250985       -22.200872145149646       -67.336870269025724     
  -45.599855982957351       -22.191862092066255       -67.343710745976082     
  -45.059088164109816       -22.181665922230472       -67.351528788823884     
  -44.510831065078570       -22.170242807166161       -67.360317344757760     
  -43.955773973386933       -22.157563431234877       -67.370059085975825     
  -43.394624115247552       -22.143609743096974       -67.380726616275240     
  -42.828104874769558       -22.128374523655719       -67.392282496860531     
  -42.256953924003042       -22.111861243392482       -67.404680599195601     
  -41.681921315146255       -22.094083630822645       -67.417867038603092     
  -41.103767597447842       -22.075065196949755       -67.431781426013330     
  -40.523261806494453       -22.054838510676941       -67.446357779649631     
  -39.941179506144579       -22.033444420399881       -67.461525654471544     
  -39.358300786625904       -22.010931251865927       -67.477211515180358     
  -38.775408193299391       -21.987353829757680       -67.493339817870250     
  -38.193284719801198       -21.962772718836316       -67.509834413180855     
  -37.612711694922879       -21.937253739750187       -67.526619514324850     
  -37.034466673506124       -21.910867573360715       -67.543620494000010     
  -36.459321374654778       -21.883689470763706       -67.560765035105035     
  -35.888039539811246       -21.855798717467152       -67.577983569739956     
  -35.321374873405837       -21.827278188017480       -67.595210046028740     
  -34.760068982027214       -21.798213861265946       -67.612382552997374     
  -34.204849305591182       -21.768694130324121       -67.629443327925330     
  -33.656427150926241       -21.738809350261814       -67.646339470620859     
  -33.115495694764547       -21.708650924137654       -67.663022168871123     
  -32.582728086596013       -21.678310768828378       -67.679447047186528     
  -32.058775608511354       -21.647881435216096       -67.695576481007038     
  -31.544265851594940       -21.617454988930525       -67.711378021744821     
  -31.039800981365417       -21.587122215881820       -67.726823655386085     
  -30.545956075516440       -21.556971859851906       -67.741889064036926     
  -30.063277558771027       -21.527090237779351       -67.756553987585960     
  -29.592281707389681       -21.497560540029358       -67.770801582195858     
  -29.133453248576110       -21.468462415245149       -67.784618638188974     
  -28.687244044358653       -21.439871300242185       -67.797994741854978     
  -28.254071865289500       -21.411858106514181       -67.810922360155871     
  -27.834319272169832       -21.384488689492009       -67.823395976082793     
  -27.428332568564020       -21.357823732522025       -67.835412340174486     
  -27.036420898884195       -21.331918298816326       -67.846969436692120     
  -26.658855381150552       -21.306821917433542       -67.858066957337002     
  -26.295868424198424       -21.282578275896608       -67.868705342339581     
  -25.947653071431741       -21.259225376943672       -67.878886124710448     
  -25.614362497824214       -21.236795522552917       -67.888611597321173     
  -25.296109618986623       -21.215315306900653       -67.897884366322003     
  -24.992966748809039       -21.194805903234197       -67.906707748466005     
  -24.704965439348801       -21.175283126625168       -67.915085369624890     
  -24.432096397913284       -21.156757656141437       -67.923021202127018     
  -24.174309481005416       -21.139235442313545       -67.930520158948312     
  -23.931513849094515       -21.122717771677877       -67.937587553653046     
  -23.703578215628440       -21.107201457708424       -67.944228911856939     
  -23.490331182843128       -21.092679133687206       -67.950450104969136     
  -23.291561690278051       -21.079139535104506       -67.956257478698618     
  -23.107019598500479       -21.066567770529872       -67.961657982400965     
  -22.936416360067327       -21.054945572531775       -67.966659276996737     
  -22.779425791768208       -21.044251530434128       -67.971269829922491     
  -22.635684947409938       -21.034461329373219       -67.975499076443697     
  -22.504795094088713       -21.025547944151917       -67.979357482423538     
  -22.386322792177413       -21.017481761977098       -67.982856416993684     
  -22.279801064407987       -21.010230744485824       -67.986008188797115     
  -22.184730655883030       -21.003760582343745       -67.988826088418335     
  -22.100581382291676       -20.998034836972320       -67.991324410790810     
  -22.026793562474296       -20.993015095647561       -67.993518534179273     
  -21.962779532592432       -20.988670768661361       -67.995456371884870     
  -21.907925232640615       -20.984962745787634       -67.997164803741526     
  -21.861591866334976       -20.981841277801934       -67.998642318836943     
  -21.823117629703141       -20.979256628323515       -67.999893221469023     
  -21.791819500431547       -20.977158980042589       -68.000926882476250     
  -21.766995084181492       -20.975498348419517       -68.001756998903460     
  -21.747924512787623       -20.974224506510787       -68.002400874785792     
  -21.733872389295566       -20.973286926381931       -68.002878742525169     
  -21.724089774511583       -20.972634739923262       -68.003213135834301     
  -21.717816209625699       -20.972216721378629       -68.003428323600573     
  -21.714281769386364       -20.971981293561665       -68.003549812884032     
  -21.712709140235152       -20.971876559380213       -68.003603928039084     
  -15.616315717756432       -20.565868077075159       -68.213384647836918     
  -14.092315717756431       -20.464372506800540       -68.265826443307844     
  -12.568315717756432       -20.362876936525922       -68.318268238778771     
  -11.044315717756431       -20.261381366251303       -68.370710034249697     
