  -56.821962703255252        127.56891789386174        41.678984692106503     
  -55.297962703255251        127.55766305238950        41.675307539608127     
  -53.773962703255251        127.54640821091726        41.671630387109751     
  -52.249962703255250        127.53515336944503        41.667953234611375     
  -46.143722069417684        127.49005837579334        41.653219915712150     
  -46.135213510802892        127.48999553952144        41.653199386009021     
  -46.122991480261575        127.48990554257358        41.653169982440531     
  -46.106404565304032        127.48978390197240        41.653130240339955     
  -46.084813124392909        127.48962641846994        41.653078787739560     
  -46.057591012502805        127.48942924952976        41.653014369214155     
  -46.024127270392739        127.48918898794579        41.652935871563734     
  -45.983827773005046        127.48890274470286        41.652842350874934     
  -45.936116832511807        127.48856823570979        41.652733060830087     
  -45.880438751647887        127.48818387091453        41.652607481753584     
  -45.816259323101377        127.48774882428853        41.652465343321069     
  -45.743067270876324        127.48725725665989        41.652304736729270     
  -45.660375629699473        127.48670280861460        41.652123581948693     
  -45.567723058711451        127.48608311050462        41.651921099979617     
  -45.464675085865579        127.48539630440777        41.651696674268017     
  -45.350825279651531        127.48464114386999        41.651449879384941     
  -45.225796344969183        127.48381710421810        41.651180510511416     
  -45.089241140198531        127.48292450148615        41.650888611642813     
  -44.940843612729196        127.48196460769306        41.650574496443170     
  -44.780319650491769        127.48093976704199        41.650238760368175     
  -44.607417847318878        127.47985352999483        41.649882285672987     
  -44.421920180158338        127.47871077504001        41.649506224188109     
  -44.223642596513201        127.47751782163445        41.649111952063279     
  -44.012435510860250        127.47628251258507        41.648700980339001     
  -43.788184209215970        127.47501422086879        41.648274794973830     
  -43.550809160522981        127.47372395520811        41.647834668308569     
  -43.300266235097787        127.47242443507344        41.647381380548360     
  -43.036546830551558        127.47113010210848        41.646914815896174     
  -42.759677906177465        127.46985703160495        41.646433389691346     
  -42.469721924740625        127.46862306031008        41.645933368319398     
  -42.166776705417455        127.46744788846470        41.645407947311121     
  -41.850975192039776        127.46635305836350        41.644845979659792     
  -41.522485135961709        127.46536220904861        41.644230382488388     
  -41.181508693489249        127.46450142875265        41.643536279377209     
  -40.828281920519821        127.46379915769552        41.642729554475551     
  -40.463074145707893        127.46328610426637        41.641766378203272     
  -40.086187230063118        127.46299475465729        41.640593624899786     
  -39.697954713786608        127.46295842517299        41.639150225757923     
  -39.298740847062021        127.46321042467893        41.637369454969395     
  -38.888939535952936        127.46378269860442        41.635181566182204     
  -38.468973195674565        127.46470483275124        41.632516659627619     
  -38.039291541728154        127.46600294786793        41.629307321492547     
  -37.600370312648693        127.46769884030581        41.625490988165190     
  -37.152709936982632        127.46980932841572        41.621011916024777     
  -36.696834164014554        127.47234587437053        41.615822209434739     
  -36.233288658208508        127.47531681431262        41.609882544499897     
  -35.762639545668030        127.47873024724997        41.603162952452685     
  -35.285471896665378        127.48259048963934        41.595641541441182     
  -34.802388165385075        127.48689747253005        41.587304157278616     
  -34.314006577544042        127.49164688648966        41.578144228186837     
  -33.820959481691567        127.49683029406178        41.568162519228267     
  -33.323891663402577        127.50243535655338        41.557366833567322     
  -32.823458624133195        127.50844607244093        41.545771625004818     
  -32.320324841707468        127.51484302551927        41.533397522925398     
  -31.815161993170037        127.52160375866931        41.520270814370996     
  -31.308647179889437        127.52870320152357        41.506422868310310     
  -30.801461112848081        127.53611406473253        41.491889485661027     
  -30.294286315991911        127.54380725150122        41.476710208809934     
  -29.787805293442073        127.55175225586311        41.460927700128074     
  -29.282698713612096        127.55991749048023        41.444587352444195     
  -28.779643574588718        127.56827062083327        41.427736996460602     
  -28.279311390537721        127.57677887143058        41.410426592493586     
  -27.782366387353409        127.58540932546801        41.392707913264218     
  -27.289463712364832        127.59412918857861        41.374634211042547     
  -26.801247679613130        127.60290608705215        41.356259895850251     
  -26.318350023980887        127.61170828238672        41.337640189075024     
  -25.841388212614763        127.62050496961618        41.318830810360872     
  -25.370963765411560        127.62926641654957        41.299887621618865     
  -24.907660648207646        127.63796420299815        41.280866315357457     
  -24.452043680655834        127.64657132147761        41.261822072458806     
  -24.004657027575597        127.65506238691250        41.242809272214650     
  -23.566022712855847        127.66341368508706        41.223881169391404     
  -23.136639224776744        127.67160334293935        41.205089632075811     
  -22.716980153706334        127.67961132173940        41.186484840331900     
  -22.307492925916755        127.68741952706226        41.168115020193760     
  -21.908597584265465        127.69501179934724        41.150026151274702     
  -21.520685659559458        127.70237395643774        41.132261732715001     
  -21.144119110768379        127.70949377941474        41.114862575302105     
  -20.779229340957698        127.71636096157701        41.097866625885096     
  -20.426316310405802        127.72296710425007        41.081308849131489     
  -20.085647712594987        127.72930559340439        41.065221111362156     
  -19.757458257791058        127.73537153615402        41.049632121451140     
  -19.441949034975984        127.74116166953466        41.034567397442416     
  -19.139286961089049        127.74667425129732        41.020049258743967     
  -18.849604336145873        127.75190896860400        41.006096851715071     
  -18.572998479616079        127.75686682027695        40.992726190599186     
  -18.309531462446564        127.76155000101851        40.979950219114563     
  -18.059229942106573        127.76596185253914        40.967778909651877     
  -17.822085088297467        127.77010672372022        40.956219345559859     
  -17.598052601757367        127.77398978416156        40.945275797501388     
  -17.387052833069976        127.77761690831677        40.934949829488346     
  -17.188970998702054        127.78099447389452        40.925240386222299     
  -17.003657487996616        127.78412935858678        40.916143945972728     
  -16.830928264097587        127.78702895166609        40.907654672801620     
  -16.670565359925281        127.78970106967525        40.899764531112204     
  -16.522317465869900        127.79215388366347        40.892463395904244     
  -16.385900608102187        127.79439590023489        40.885739171656816     
  -16.260998913942213        127.79643587186308        40.879577879708144     
  -16.147265463060354        127.79828269807835        40.873963734245400     
  -16.044323223321189        127.79994539872855        40.868879233336905     
  -15.951766067875649        127.80143309718487        40.864305246119152     
  -15.869159870693418        127.80275500978833        40.860221096267708     
  -15.796043677552467        127.80392044050178        40.856604642969664     
  -15.731930949300097        127.80493880981899        40.853432370324597     
  -15.676310874002006        127.80583222495505        40.850683484654972     
  -15.628649744452899        127.80661409914789        40.848333158951952     
  -15.588392397308120        127.80728623717641        40.846351683128184     
  -15.554963709939202        127.80785252226305        40.844708922117569     
  -15.527770151020771        127.80831864432722        40.843374313887558     
  -15.506201380673350        127.80869183649912        40.842316872575744     
  -15.489631895862624        127.80898062234533        40.841505197450644     
  -15.477422716635466        127.80919457745119        40.840907488684152     
  -15.468923108661482        127.80934410874205        40.840491570788743     
  -15.463472337448811        127.80944025460811        40.840224924446836     
  -15.460401449515087        127.80949450854098        40.840074727334951     
  -15.459035075719116        127.80951866860191        40.840007904415799     
  -9.3626932518968786        127.91731346849973        40.541864484206471     
  -7.8386932518968777        127.94426065745202        40.467332808403206     
  -6.3146932518968786        127.97120784640431        40.392801132599942     
  -4.7906932518968777        127.99815503535660        40.318269456796678     
