     -22.2257244081776442       39.9952292503816267      -51.4497241681488617
     -22.2236554552682151       39.9820601695448588      -51.4599116433269543
     -22.2221768172985144       39.9657063645344905      -51.4725800728335159
     -22.2219948070188131       39.9457347034045753      -51.4880766590544994
     -22.2240028413851896       39.9227401781561255      -51.5059537401253920
     -22.2290706019183979       39.8972308063600423      -51.5258311926984334
     -22.2380582884558820       39.8697151522590048      -51.5473292308217594
     -22.2518246270427937       39.8407564077467882      -51.5700272155075936
     -22.2712325474405937       39.8110139264827652      -51.5934323279349343
     -22.2971548769110370       39.7812847249601731      -51.6169484424930687
     -22.3304819184378580       39.7525549126621058      -51.6398375184383482
     -22.3721333502252442       39.7260740619044270      -51.6611634925922445
     -22.4230788573693012       39.7034760979888404      -51.6797005287284179
     -22.4843771894985629       39.6869985732029278      -51.6937657218265230
     -22.5561910244174904       39.6742021349894145      -51.7052472996119050
     -22.6380941988953062       39.6596239997154782      -51.7183329553017970
     -22.7306302182893560       39.6431552317178415      -51.7331200718425634
     -22.8343164993642347       39.6247046483376906      -51.7496919281579366
     -22.9496407155941284       39.6041865910925495      -51.7681268365060774
     -23.0770595590191299       39.5815211928722022      -51.7884977648446565
     -23.2169975992921884       39.5566347055315006      -51.8108720031029719
     -23.3698462430227174       39.5294598064355682      -51.8353107575430556
     -23.5359627967110860       39.4999359166820767      -51.8618687080363188
     -23.7156696362437778       39.4680095350651712      -51.8905935279856578
     -23.9092534768638956       39.4336346953815138      -51.9215255055353566
     -24.1169647375162128       39.3967736468242222      -51.9546973988007252
     -24.3390170531552421       39.3573971247576253      -51.9901336952273354
     -24.5755868909267612       39.3154847530552018      -52.0278499903184581
     -24.8268132709414289       39.2710254957161382      -52.0678523863467859
     -25.0927975634002429       39.2240179870836911      -52.1101366954651795
     -25.3736033746189200       39.1744710490651400      -52.1546878861299632
     -25.6692565502201475       39.1224042118221575      -52.2014795878887057
     -25.9797452419829682       39.0678484374544439      -52.2504739221076164
     -26.3050200792782505       39.0108467353135353      -52.3016212563385494
     -26.6449944986860778       38.9514543020616415      -52.3548594140634407
     -26.9995450390977787       38.8897392595125027      -52.4101138034171612
     -27.3685117525091819       38.8257830893871372      -52.4672972923714340
     -27.7516987350208737       38.7596807250798037      -52.5263098004283293
     -28.1488745719483582       38.6915414769077088      -52.5870392282106565
     -28.5597729958189035       38.6214887416023700      -52.6493609861718070
     -28.9840934657301972       38.5496605473638070      -52.7131389241795816
     -29.4215018459463771       38.4762094727724602      -52.7782257102317658
     -29.8716311196063415       38.4013025571809621      -52.8444635170195909
     -30.3340820949171395       38.3251213021124002      -52.9116851774651025
     -30.8084242056736635       38.2478610554865313      -52.9797148517910159
     -31.2941962738061186       38.1697308029925679      -53.0483696263888262
     -31.7909074459959911       38.0909524238231398      -53.1174607543217761
     -32.2980383866613039       38.0117601745572813      -53.1867954837899930
     -32.8150424797838056       37.9323997326536144      -53.2561783841820855
     -33.3413469628927999       37.8531268417461959      -53.3254123265290474
     -33.8763541810244249       37.7742042439042152      -53.3942972844206025
     -34.4194427841247048       37.6959009712459192      -53.4626326600466726
     -34.9699689590424470       37.6184930828549398      -53.5302218952799294
     -35.5272678119376621       37.5422609337462632      -53.5968723786186345
     -36.0906547976153149       37.4674874371711226      -53.6623968975253689
     -36.6594272080647414       37.3944560174474887      -53.7266147675293197
     -37.2328656878115183       37.3234483629183131      -53.7893527537027225
     -37.8102358708539441       37.2547424649757488      -53.8504464456472505
     -38.3907900140927580       37.1886101144599905      -53.9097408556447775
     -38.9737687301968023       37.1253147134303561      -53.9670914314947510
     -39.5584028007941058       37.0651089938862626      -54.0223648566902739
     -40.1439148069790050       37.0082325385952657      -54.0754394341838918
     -40.7295190202857071       36.9549094621433127      -54.1262058644894708
     -41.3144211179349270       36.9053451672263364      -54.1745680353096404
     -41.8978197267792112       36.8597228708518045      -54.2204440950450461
     -42.4789083793051248       36.8182003679550220      -54.2637675353093982
     -43.0568775468332277       36.7809066758972136      -54.3044876044528451
     -43.6309168518507349       36.7479393028354266      -54.3425700534250424
     -44.2002174217405113       36.7193619571544900      -54.3779978712300931
     -44.7639742367547981       36.6952028912750166      -54.4107722369281035
     -45.3213885985192277       36.6754535132300461      -54.4409131089419489
     -45.8716705366568860       36.6600662663028629      -54.4684579574129373
     -46.4140409870005399       36.6489540223987049      -54.4934620063803195
     -46.9477357525394225       36.6420418635343523      -54.5159632947656831
     -47.4720164087836665       36.6395887642632445      -54.5357673421348181
     -47.9861538405156196       36.6419321752091562      -54.5526181293196970
     -48.4894294639019847       36.6493004437449343      -54.5663241790521738
     -48.9811562413342969       36.6618133915517319      -54.5767588561664567
     -49.4606924951201918       36.6794880915266006      -54.5838570657883224
     -49.9274536651762375       36.7022477318682903      -54.5876109831393563
     -50.3809228659818018       36.7299322109621187      -54.5880637445201273
     -50.8206581155315007       36.7623110441592900      -54.5853031916251510
     -51.2462941905256670       36.7990961065834981      -54.5794540474057897
     -51.6575378680580428       36.8399543849546305      -54.5706713993720598
     -52.0541577155259958       36.8845183200371238      -54.5591342808684772
     -52.4359714733701523       36.9323940185905712      -54.5450409979394806
     -52.8028336285856454       36.9831674163627540      -54.5286061240990207
     -53.1546226442467500       37.0364074921945274      -54.5100576732194710
     -53.4912387164525356       37.0916696537803361      -54.4896370333555282
     -53.8126081732004167       37.1484989960315914      -54.4675967113076211
     -54.1186870578259231       37.2064352033725854      -54.4441981516782079
     -54.4094638586100530       37.2650182430009735      -54.4197092378672593
     -54.6849616388714850       37.3237935442264330      -54.3944002569732703
     -54.9452396183219420       37.3823178671685312      -54.3685406392583417
     -55.1903943198196458       37.4401650424038124      -54.3423957084104288
     -55.4205603642048743       37.4969309299966866      -54.3162228515095862
     -55.6359109373389202       37.5522379559652251      -54.2902679185486363
     -55.8366579530486149       37.6057395082670709      -54.2647624790249239
     -56.0230519704461543       37.6571234332045179      -54.2399210004041734
     -56.1953818858109884       37.7061148105190114      -54.2159383261727967
     -56.3539744269127283       37.7524779333240446      -54.1929874185400990
     -56.4991934522956569       37.7960179155924010      -54.1712180016603213
     -56.6314390921687263       37.8365815673516366      -54.1507555762131432
     -56.7511467504731115       37.8740575047147061      -54.1317007173039144
     -56.8587859765900774       37.9083756647516665      -54.1141288289068783
     -56.9548592190384326       37.9395062761022999      -54.0980903314113064
     -57.0399004718285383       37.9674583419168314      -54.0836112467087418
     -57.1144738230840900       37.9939598295806746      -54.0695121406988406
     -57.1791719124716167       38.0209385966883602      -54.0544709014050824
     -57.2346143061676713       38.0480184900352114      -54.0387849466070165
     -57.2814457961376533       38.0748580329095105      -54.0227306981550299
     -57.3203346293775908       38.1011516144263069      -54.0065624028239384
     -57.3519706734061074       38.1266228396782196      -53.9905164624777925
     -57.3770635239044182       38.1510181231091536      -53.9748156066754632
     -57.3963405604163981       38.1740997871358658      -53.9596734332919823
     -57.4105449560360626       38.1956376717998722      -53.9453000247686987
     -57.4204336470273518       38.2153976077972146      -53.9319098116968618
     -57.4267752683367760       38.2331235433898087      -53.9197339646000415
     -57.4303480609693366       38.2485062655980812      -53.9090423288815828
     -57.4319377571965077       38.2611242442834580      -53.9001851812317554
     -57.4323354495529799       38.2713163263681437      -53.8929732725934372
     -57.4319377571965077       38.2814840011573736      -53.8857269940445676
     -57.4303480609693366       38.2940044235377215      -53.8767324693760088
     -57.4267752683367760       38.3091679319417153      -53.8657321407556822
     -57.4204336470273589       38.3265049079203095      -53.8530085677875405
     -57.4105449560361905       38.3456586835910826      -53.8387647707417614
     -57.3963405604175492       38.3663266239410845      -53.8231663224191976
     -57.3770635239122839       38.3882291097798145      -53.8063636517050483
     -57.3519706734483208       38.4110919483997648      -53.7885048349181574
     -57.3203346295643001       38.4346351507477237      -53.7697438876712113
     -57.2814457968454249       38.4585648640284532      -53.7502468358571761
     -57.2346143085312278       38.4825668105571310      -53.7301967352647623
     -57.1791719195683896       38.5063002372082366      -53.7097983452980188
     -57.1144738425444274       38.5293916361838740      -53.6892829802939602
     -57.0399005211569374       38.5514362510855761      -53.6689077747197771
     -56.9548593365983962       38.5743176382982824      -53.6472882211798279
     -56.8587862432852731       38.5997187829219115      -53.6231815175568016
     -56.7511473292629844       38.6276181098533371      -53.5965705743144909
     -56.6314402987448346       38.6579582568570643      -53.5674668560546579
     -56.4991958767266382       38.6906450433152642      -53.5359116086009479
     -56.3539791362699418       38.7255469890965358      -53.5019767479599224
     -56.1953907515709403       38.7624954433283193      -53.4657653645314994
     -56.0230681827334536       38.8012853726838003      -53.4274117951225023
     -55.8366868072956208       38.8416767165066474      -53.3870810351782694
     -55.6359610084068663       38.8833964010823365      -53.3449675373366929
     -55.4206452190596082       38.9261414207946999      -53.3012938916115289
     -55.1905349630672788       38.9695825601209762      -53.2563087534535811
     -54.9454679159325181       39.0133688105667673      -53.2102840680339924
     -54.6853250252214735       39.0571322430422754      -53.1635112551864992
     -54.4100317023554041       39.1004940420015714      -53.1162973232108584
     -54.1195591463341543       39.1430712978596986      -53.0689603686457190
     -53.8139258797001716       39.1844840347709749      -53.0218237684264651
     -53.4931995508694840       39.2243629688825948      -52.9752097489996743
     -53.1574990783181960       39.2623586596063561      -52.9294332097532489
     -52.8069973669770150       39.2981505539467619      -52.8847937115796896
     -52.4419247873919474       39.3314570010644076      -52.8415669557212979
     -52.0625733858410769       39.3620468556085044      -52.7999963369479346
     -51.6692945268825170       39.3897501860256227      -52.7602821147678611
     -51.2624853643344451       39.4144682195643554      -52.7225730556490788
     -50.8425750725936751       39.4361797974850461      -52.6869592227106978
     -50.4100101431772671       39.4549449759329747      -52.6534671946820225
     -49.9652413152696226       39.4709059880872672      -52.6220584136683769
     -49.5087154193933614       39.4842848272664853      -52.5926288559837047
     -49.0408732664976768       39.4953800404159026      -52.5650117732523015
     -48.5621528355161161       39.5045615392944995      -52.5389801309823739
     -48.0729955722507327       39.5122659874864439      -52.5142509186900526
     -47.5738540517147044       39.5189910581382193      -52.4904885156557768
     -47.0652016743799280       39.5252903358001149      -52.4673092757415986
     -46.5475500009029020       39.5317678139228406      -52.4442854216493259
     -46.0214467468496125       39.5388974284728221      -52.4210809437619361
     -45.4874559642497900       39.5467782543866946      -52.3976357304011700
     -44.9461656030091277       39.5554445500337906      -52.3739324086999574
     -44.3981878614705323       39.5649165053752299      -52.3499583207069961
     -43.8441578597513413       39.5752004447187460      -52.3257046908985686
     -43.2847322834033932       39.5862904424714017      -52.3011675326186563
     -42.7205881340630356       39.5981694487026417      -52.2763477042490834
     -42.1524214370655983       39.6108098831341664      -52.2512500294058597
     -41.5809457810895964       39.6241747181428536      -52.2258828193350766
     -41.0068908139117880       39.6382187212832520      -52.2002573667925631
     -40.4310004699771852       39.6528902109054329      -52.1743878960528775
     -39.8540310826847488       39.6681327082674926      -52.1482911861432541
     -39.2767491710119856       39.6838867583471711      -52.1219862597832559
     -38.6999272416926132       39.7000914027668088      -52.0954937813562822
     -38.1243396729628898       39.7166852381453310      -52.0688362387973456
     -37.5507603165042170       39.7336069713297491      -52.0420382716674226
     -36.9799602284993298       39.7507957602362367      -52.0151267647403870
     -36.4127054259784018       39.7681919085357691      -51.9881313999392702
     -35.8497545452178699       39.7857370606244842      -51.9610845450684735
     -35.2918565494702392       39.8033746204220265      -51.9340214245011325
     -34.7397484229216360       39.8210502858121203      -51.9069804261513497
     -34.1941528660296328       39.8387119651829096      -51.8800025864914574
     -33.6557760616744943       39.8563104074214394      -51.8531319900147452
     -33.1253054216679530       39.8737995484565815      -51.8264157809661157
     -32.6034074538188960       39.8911366478387279      -51.7999038860690675
     -32.0907257641641621       39.9082799061715292      -51.7736454561413311
     -31.5878790468626853       39.9251890347756060      -51.7476891420915379
     -31.0954591182335101       39.9418272970834494      -51.7220852667792457
     -30.6140292247085313       39.9581607013704314      -51.6968842914695443
     -30.1441225006084501       39.9741587365784738      -51.6721371720114462
     -29.6862403796418022       39.9897934041456153      -51.6478933939482800
     -29.2408509561889929       40.0050398182000819      -51.6242011081918974
     -28.8083875886123941       40.0198754405523331      -51.6011056102269450
     -28.3892475108456992       40.0342807226563693      -51.5786497446938768
     -27.9837907307345333       40.0482382723695309      -51.5568725123248939
     -27.5923389111262694       40.0617333903636563      -51.5358095448157911
     -27.2151745407309171       40.0747534053169758      -51.5154921271495780
     -26.8525401294541091       40.0872878385983711      -51.4959473761492674
     -26.5046375833650139       40.0993282939706788      -51.4771981430192866
     -26.1716277641997657       40.1108679503698653      -51.4592624753168195
     -25.8536300506596426       40.1219019109045689      -51.4421542367893281
     -25.5507221654973833       40.1324267680713760      -51.4258827681202249
     -25.2629400630295393       40.1424405429038416      -51.4104530648552043
     -24.9902778847364289       40.1519429419281835      -51.3958663883184244
     -24.7326881377479140       40.1609349744742161      -51.3821200732092080
     -24.4900819127384430       40.1694188580780889      -51.3692077137493044
     -24.2623291627023256       40.1773979357117668      -51.3571193915103024
     -24.0492591639049387       40.1848767341580952      -51.3458420969675728
     -23.8506610974354878       40.1918610629306059      -51.3353601767092940
     -23.6662847129793370       40.1983580098156210      -51.3256556155835568
     -23.4958410823341630       40.2043760359842537      -51.3167084123322965
     -23.3390034522415206       40.2099250323536310      -51.3084968722901849
     -23.1954082166052586       40.2150160594236397      -51.3009974644826059
     -23.0646559591536828       40.2196613448452780      -51.2941849789187856
     -22.9463125819169775       40.2238743154170919      -51.2880327025109821
     -22.8399105197780194       40.2276696214609402      -51.2825125649279983
     -22.7449500376047204       40.2310631512506731      -51.2775952574066594
     -22.6609006060260363       40.2340720138040950      -51.2732503035021665
     -22.5872000286533101       40.2367021674882608      -51.2694558032823338
     -22.5222616008775383       40.2336544056592729      -51.2703302274430897
     -22.4650357556035587       40.2226292133187826      -51.2776490516910073
     -22.4153205338655077       40.2059699952663792      -51.2895606289874877
     -22.3727797882829336       40.1854282825925253      -51.3046747973858928
     -22.3369857330217414       40.1623816780230953      -51.3218946786702546
     -22.3074431821482833       40.1379534292346918      -51.3403240706636623
     -22.2836051604763696       40.1130855109328195      -51.3592105514084238
     -22.2648842878721034       40.0885888128810137      -51.3779061692272023
     -22.2506623636954757       40.0651834599440946      -51.3958357177189455
     -22.2403000091637537       40.0435392403446357      -51.4124649292403149
     -22.2331487037200937       40.0243286684119823      -51.4272589358753294
     -22.2285691201342495       40.0083135857914343      -51.4396148615249800
     -22.2257244081776442       39.9952292503816267      -51.4497241681488617
