     -28.8285127683589586      -50.8548651697510934      -30.6391366765697981
     -28.8259272807471483      -50.8617131861240352      -30.6274671874808249
     -28.8236101745255517      -50.8702944037431664      -30.6129429805177580
     -28.8221108898406264      -50.8808886732075507      -30.5951570116666929
     -28.8222016720476972      -50.8932430300592102      -30.5746124170288063
     -28.8246294296009822      -50.9071492666084069      -30.5517353873669251
     -28.8301333237703190      -50.9223988070955045      -30.5269526172290355
     -28.8394549787728032      -50.9387550197558738      -30.5007391354342374
     -28.8533459330654161      -50.9559321522081987      -30.4736550151333674
     -28.8725751006620754      -50.9735744207043169      -30.4463820448103917
     -28.8979384468010210      -50.9912301138993840      -30.4197691839807547
     -28.9302737543377404      -51.0083140107051989      -30.3948983279480203
     -28.9704856892003342      -51.0240459761632081      -30.3731912667990542
     -29.0195926135015725      -51.0373390439188697      -30.3566037696160258
     -29.0775640737466645      -51.0494928100714631      -30.3429574949091752
     -29.1436839965812986      -51.0633416360764087      -30.3274019593590616
     -29.2183914788471739      -51.0789821192267581      -30.3098205714238276
     -29.3021056892818841      -51.0964991722599109      -30.2901129044978070
     -29.3952220833241853      -51.1159720854927784      -30.2681839825272156
     -29.4981114405192670      -51.1374742072024375      -30.2439446015664508
     -29.6111189828528545      -51.1610726226630987      -30.2173116768556902
     -29.7345635768610776      -51.1868278284024996      -30.1882086211596565
     -29.8687370221988147      -51.2147933984769992      -30.1565657589167841
     -30.0139034290442588      -51.2450156419536995      -30.1223207803465662
     -30.1702986864295148      -51.2775332518794684      -30.0854192382650290
     -30.3381300204200492      -51.3123769772334555      -30.0458151065489503
     -30.5175756433148457      -51.3495693166978668      -30.0034713977049528
     -30.7087845039973253      -51.3891241221549251      -29.9583607701982721
     -30.9118761278544589      -51.4310462355176057      -29.9104661923816266
     -31.1269405334964659      -51.4753311385886931      -29.8597816443202149
     -31.3540381721120163      -51.5219646485746239      -29.8063128557529922
     -31.5931999589339974      -51.5709226604956470      -29.7500780301937731
     -31.8444274117473078      -51.6221708529875869      -29.6911085080666659
     -32.1076928511241846      -51.6756644711158728      -29.6294494313211381
     -32.3829396502422995      -51.7313482715061923      -29.5651604390614331
     -32.6700825381595195      -51.7891564688497965      -29.4983162807669324
     -32.9690079553042210      -51.8490125925978376      -29.4290072750368026
     -33.2795743978512490      -51.9108301989601131      -29.3573401292339504
     -33.6016127579357402      -51.9745142023560547      -29.2834389544568090
     -33.9349268159851576      -52.0399599714004779      -29.2074448437837795
     -34.2792937222065959      -52.1070533123667659      -29.1295157746599926
     -34.6344644745639698      -52.1756707451095494      -29.0498264744238952
     -35.0001643272293350      -52.2456801466422718      -28.9685682712749752
     -35.3760932551319769      -52.3169415978734023      -28.8859488212786175
     -35.7619263874612230      -52.3893080115516625      -28.8021914660440927
     -36.1573144384157956      -52.4626258484971260      -28.7175343857530159
     -36.5618842581974306      -52.5367361814160603      -28.6322296773442844
     -36.9752396504890584      -52.6114754031875123      -28.5465420443153306
     -37.3969621737922111      -52.6866764683377085      -28.4607477411028889
     -37.8266117911203210      -52.7621695522458580      -28.3751330737825107
     -38.2637276047698833      -52.8377831931825384      -28.2899929996928741
     -38.7078285738928543      -52.9133451153390055      -28.2056294011338089
     -39.1584143014005122      -52.9886832392006255      -28.1223493203791719
     -39.6149658387766195      -53.0636266015452662      -28.0404630211618908
     -40.0769465457394745      -53.1380062386849588      -27.9602819230210251
     -40.5438029970171741      -53.2116561074156706      -27.8821164664018113
     -41.0149659399897146      -53.2844138958607019      -27.8062738506031195
     -41.4898513187400297      -53.3561218733904710      -27.7330557449762516
     -41.9678613636591180      -53.4266275867202012      -27.6627558953788792
     -42.4483857481404314      -53.4957846089406672      -27.5956577582739619
     -42.9308028173249951      -53.5634534535327234      -27.5320322438367739
     -43.4144806804058518      -53.6295021043451072      -27.4721353239622665
     -43.8987761967311059      -53.6938059772342839      -27.4162052701680352
     -44.3830336912874728      -53.7562486857940627      -27.3644591941922215
     -44.8665860261020200      -53.8167219812347710      -27.3170885193182116
     -45.3487558736741079      -53.8751278043768025      -27.2742557003486006
     -45.8288572757238697      -53.9313805232155232      -27.2360913246683900
     -46.3061974263133393      -53.9854077935393235      -27.2026908793562718
     -46.7800787666608713      -54.0371509404819577      -27.1741117125121399
     -47.2498010641273751      -54.0865660538636135      -27.1503708429190915
     -47.7146637180540907      -54.1336242973824113      -27.1314428972468136
     -48.1739678920828993      -54.1783128666838110      -27.1172589105798991
     -48.6270186403436000      -54.2206349139671744      -27.1077051264311741
     -49.0731289624714577      -54.2605873186456975      -27.1026695208141248
     -49.5116324792783402      -54.2980173386536649      -27.1023300033269727
     -49.9418630678726032      -54.3327364000160387      -27.1069258077462862
     -50.3631559725261795      -54.3646035566377890      -27.1165886536349703
     -50.7748725795988278      -54.3935273427985351      -27.1313449191080984
     -51.1764168175285050      -54.4194630484425446      -27.1511233108380061
     -51.5672490900893479      -54.4424094550743476      -27.1757659925990041
     -51.9468987995041189      -54.4624040936036167      -27.2050419461359425
     -52.3149730408300684      -54.4795172649196715      -27.2386617507767248
     -52.6711587168792690      -54.4938464576319248      -27.2762930390385208
     -53.0152169346992466      -54.5055092538363866      -27.3175737114814261
     -53.3469706344150154      -54.5146384382505858      -27.3621230140820764
     -53.6662893249498509      -54.5213776003411397      -27.4095487745858790
     -53.9730740008568191      -54.5258777921350699      -27.4594513276126797
     -54.2672413634170354      -54.5282967379031760      -27.5114251055091898
     -54.5487207715397062      -54.5287987105889798      -27.5650585593352240
     -54.8174591375038887      -54.5275542935759532      -27.6199355115514678
     -55.0734249120141115      -54.5247401493705937      -27.6756383321105197
     -55.3166111808473318      -54.5205375811311228      -27.7317517155115709
     -55.5470380934476324      -54.5151302573195480      -27.7878667672781390
     -55.7647546738998656      -54.5087024952103434      -27.8435857406904006
     -55.9698401795160052      -54.5014373000514141      -27.8985267267354260
     -56.1624050892265743      -54.4935140672924589      -27.9523280156581961
     -56.3425917478531630      -54.4851063169484675      -28.0046521317768153
     -56.5105747154031164      -54.4763796100949733      -28.0551894732731490
     -56.6665608550907010      -54.4674896722397008      -28.1036614600472419
     -56.8107891872370629      -54.4585807124444727      -28.1498231053639678
     -56.9435305406123220      -54.4497840091071623      -28.1934649973277764
     -57.0650870277482696      -54.4412167694624074      -28.2344146687626392
     -57.1757913767544110      -54.4329811522529639      -28.2725372955153311
     -57.2760060975428971      -54.4251639215084069      -28.3077359833263493
     -57.3661225301401103      -54.4178363637598252      -28.3399514881892429
     -57.4465598006090872      -54.4110543179937878      -28.3691613405480716
     -57.5177636803926120      -54.4048584748611646      -28.3953785154359473
     -57.5802053585456335      -54.3984781460969558      -28.4201748494568776
     -57.6343801347507352      -54.3910470621195046      -28.4453045695039677
     -57.6808060411515484      -54.3827915769189758      -28.4704334571220308
     -57.7200223988429713      -54.3739250834309615      -28.4952586884616466
     -57.7525883150439157      -54.3646471210070956      -28.5195099540281305
     -57.7790811268869433      -54.3551461953411064      -28.5429434637372417
     -57.8000947972084376      -54.3456024922184255      -28.5653361643257213
     -57.8162382676842839      -54.3361908402087863      -28.5864794998468668
     -57.8281337746236943      -54.3270844003836189      -28.6061718131788503
     -57.8364151327061151      -54.3184598745287985      -28.6242078931105510
     -57.8417259919211446      -54.3105057722606759      -28.6403627535149745
     -57.8447180729416033      -54.3034371235816451      -28.6543632356290630
     -57.8460493861226652      -54.2975235773367686      -28.6658342954077661
     -57.8463824392713661      -54.2926706989221373      -28.6750912840084737
     -57.8460493861226652      -54.2877611001633937      -28.6843183153235302
     -57.8447180729416033      -54.2816208334458210      -28.6956696309421737
     -57.8417259919211446      -54.2740426833641578      -28.7094010159747945
     -57.8364151327061293      -54.2651843844273074      -28.7250783179596318
     -57.8281337746238435      -54.2551503148178753      -28.7423699365245824
     -57.8162382676856623      -54.2440200175236171      -28.7609933339804300
     -57.8000947972178949      -54.2318633600075799      -28.7806868737479746
     -57.7790811269376263      -54.2187492705189200      -28.8011938473423541
     -57.7525883152680706      -54.2047514351043205      -28.8222522796304759
     -57.7200223996926312      -54.1899524931842507      -28.8435875975422995
     -57.6808060439888521      -54.1744475205864973      -28.8649066654784647
     -57.6343801432697589      -54.1583472755274826      -28.8858922840638002
     -57.5802053819052517      -54.1417815600486421      -28.9061974817951750
     -57.5177637396028061      -54.1248987980918770      -28.9254468846749866
     -57.4465599417135522      -54.1067385179941098      -28.9453449749570417
     -57.3661228502331255      -54.0864369991329568      -28.9674144731073859
     -57.2760067921818603      -54.0639605753636658      -28.9916291229611147
     -57.1757928247513618      -54.0392963045767658      -29.0179302090844971
     -57.0650899370909386      -54.0124528892207678      -29.0462255883896532
     -56.9435361914930311      -53.9834613668686032      -29.0763892191276376
     -56.8107998246765362      -53.9523753612335497      -29.1082611483075340
     -56.6665803055171509      -53.9192709971616324      -29.1416480797044954
     -56.5106093296854795      -53.8842468065206219      -29.1763247586492689
     -56.3426518085306327      -53.8474231344400422      -29.2120359607962286
     -56.1625068627687583      -53.8089411414090577      -29.2484991782644030
     -55.9700088460752596      -53.7689613928424137      -29.2854080322790828
     -55.7650284279533039      -53.7276619782995155      -29.3224364067580439
     -55.5474737801045180      -53.6852361973934507      -29.3592433424768906
     -55.3172919165758543      -53.6418898282665495      -29.3954787163633569
     -55.0744702391400693      -53.5978378855637629      -29.4307896704975498
     -54.8190383864805995      -53.5533005787192238      -29.4648276514690934
     -54.5510704689914903      -53.5084986408687655      -29.4972561837948355
     -54.2706877513486461      -53.4636489217308650      -29.5277599251987120
     -53.9780620701916760      -53.4189590008793047      -29.5560544160480667
     -53.6734203002587833      -53.3746206096839089      -29.5818965618968903
     -53.3570497713167953      -53.3308031405323462      -29.6050967999991066
     -53.0292958190853838      -53.2876460181317597      -29.6255316030826066
     -52.6905460970932822      -53.2452502487089987      -29.6431527280030238
     -52.3412143556731877      -53.2036731010271140      -29.6579935638214387
     -51.9817230255457190      -53.1629246391774970      -29.6701716398310289
     -51.6124877326339941      -53.1229657700255373      -29.6798868864813983
     -51.2339073766880801      -53.0837100920370304      -29.6874177020357628
     -50.8463615888103888      -53.0450263289601693      -29.6931145032598600
     -50.4502143763803304      -53.0067423520505727      -29.6973928101827234
     -50.0458216358389905      -52.9686499603756573      -29.7007264173572949
     -49.6335403971740519      -52.9305087186261929      -29.7036401365755225
     -49.2137405824660661      -52.8920511971800451      -29.7067035340560928
     -48.7868262206758985      -52.8529869302990818      -29.7105248538665094
     -48.3532335809633338      -52.8130947389277168      -29.7155871340782163
     -47.9134081606275046      -52.7723454010296820      -29.7220257725602757
     -47.4678143136435651      -52.7307444565475336      -29.7299107673730596
     -47.0169364411904880      -52.6883061474185723      -29.7392927080125062
     -46.5612780031738396      -52.6450530688025111      -29.7502033795188332
     -46.1013607300362551      -52.6010157489253203      -29.7626564672437581
     -45.6377238532922647      -52.5562321604732361      -29.7766484246084779
     -45.1709232981361950      -52.5107472150410004      -29.7921595666338170
     -44.7015307535934028      -52.4646121374514607      -29.8091553448013542
     -44.2301325682315891      -52.4178842328285555      -29.8275880933189086
     -43.7573284992754310      -52.3706259849516300      -29.8473986304941228
     -43.2837303974571412      -52.3229028090015262      -29.8685173002585991
     -42.8099603406570495      -52.2747822531631599      -29.8908660248972247
     -42.3366464842867387      -52.2263338073441119      -29.9143607228895370
     -41.8644188960775807      -52.1776283888273440      -29.9389124920613803
     -41.3939075279911251      -52.1287387241105833      -29.9644285659814713
     -40.9257403426586208      -52.0797390398574365      -29.9908128493967787
     -40.4605414718078578      -52.0307048314079097      -30.0179665186542621
     -39.9989292764199647      -51.9817125814194583      -30.0457886113366008
     -39.5415144594503403      -51.9328397273235325      -30.0741767746841866
     -39.0888981193725229      -51.8841642921389692      -30.1030278316311950
     -38.6416698772647180      -51.8357647838773588      -30.1322385098989578
     -38.2004059753299998      -51.7877197750810367      -30.1617059892467942
     -37.7656674560089129      -51.7401077463618577      -30.1913286004371031
     -37.3379983569184120      -51.6930066521591485      -30.2210063561440556
     -36.9179239803817723      -51.6464936311189220      -30.2506415536253925
     -36.5059492294533854      -51.6006446437139132      -30.2801393169561450
     -36.1025570022685471      -51.5555340012809538      -30.3094080507856383
     -35.7082068218517961      -51.5112341616736629      -30.3383600152960682
     -35.3233336324335596      -51.4678150385784576      -30.3669116666402701
     -34.9483464627891891      -51.4253437683478580      -30.3949843500464141
     -34.5836270424031582      -51.3838840300576933      -30.4225046418568326
     -34.2295285774717613      -51.3434957866597870      -30.4494048127736541
     -33.8863746336191554      -51.3042349222001093      -30.4756231029923548
     -33.5544581316359753      -51.2661527260344982      -30.5011037816376955
     -33.2340405190295201      -51.2292955332844571      -30.5257971785053286
     -32.9253509828931143      -51.1937047145941833      -30.5496598111881532
     -32.6285857865584035      -51.1594169757137962      -30.5726545946791255
     -32.3439077092918765      -51.1264652697356894      -30.5947513262584820
     -32.0714457410391418      -51.0948773602606607      -30.6159256850454540
     -31.8112948328706153      -51.0646754118933970      -30.6361587704828153
     -31.5635157239011868      -51.0358761719327916      -30.6554369359168710
     -31.3281348865329008      -51.0084909885698323      -30.6737514785889296
     -31.1051445733953109      -50.9825258585865697      -30.6910983131136170
     -30.8945029552021246      -50.9579815884026175      -30.7074776905543274
     -30.6961343186522306      -50.9348539972717091      -30.7228939320055616
     -30.5099293393627562      -50.9131340591687547      -30.7373551009237858
     -30.3357454932557609      -50.8928080838038213      -30.7508726823398391
     -30.1734075585026993      -50.8738579210921600      -30.7634612984818396
     -30.0227081945921874      -50.8562611644923095      -30.7751384545253650
     -29.8834085942015300      -50.8399913741430467      -30.7859243292168365
     -29.7552392151858314      -50.8250182140579270      -30.7958415470515305
     -29.6379005821930761      -50.8113076008882913      -30.8049149902779114
     -29.5310641554856090      -50.7988218719165729      -30.8131716535298885
     -29.4343732675682226      -50.7875199445777170      -30.8206405211803123
     -29.3474441252946754      -50.7773574689298215      -30.8273524639386309
     -29.2698668746330490      -50.7682869751373644      -30.8333401505963209
     -29.2012067249306746      -50.7602580183599983      -30.8386379703338811
     -29.1410023857792631      -50.7532237976857985      -30.8432709949027242
     -29.0875931776852141      -50.7499115253614832      -30.8425617297533989
     -29.0399625322780821      -50.7514757675252923      -30.8344935252645520
     -28.9981038052529136      -50.7566369812385787      -30.8211663800701530
     -28.9618603037619913      -50.7644231311391891      -30.8041555232253010
     -28.9309748957267345      -50.7740573045524641      -30.7847045692930301
     -28.9051179652271912      -50.7848958845976597      -30.7638315480365065
     -28.8839051553870441      -50.7963906031452765      -30.7423937482932956
     -28.8669100997084449      -50.8080623496302053      -30.7211322698322995
     -28.8536750106189821      -50.8194800461433971      -30.7007078158361359
     -28.8437213217055550      -50.8302394590644226      -30.6817365574603258
     -28.8365631444139616      -50.8399354860323669      -30.6648371587949029
     -28.8317281516508324      -50.8481171115023258      -30.6507074665630199
     -28.8285127683589586      -50.8548651697510934      -30.6391366765697981
