     -28.1103435725991559      -61.6947781692069768      -35.3763385556388030
     -28.1089591830363865      -61.7016449875220374      -35.3643820087200993
     -28.1081403164258248      -61.7101569110503760      -35.3495395393887435
     -28.1084806584243907      -61.7205286899298500      -35.3314219177125395
     -28.1107030895637884      -61.7324386653651445      -35.3105735303718546
     -28.1155130325253673      -61.7456109431649978      -35.2874597054918979
     -28.1236080677983367      -61.7597700644482757      -35.2625460726661046
     -28.1356832147868552      -61.7746132261544005      -35.2363475177232246
     -28.1524345972595178      -61.7897891512575015      -35.2094657020035697
     -28.1745631228195208      -61.8048770846299220      -35.1826265047749089
     -28.2027794737363635      -61.8193607282973545      -35.1567264266749220
     -28.2378121009945531      -61.8325903517879354      -35.1328997530226346
     -28.2804212832957553      -61.8437208253990320      -35.1126278584879969
     -28.3314259789878697      -61.8515986322378097      -35.0979376801426497
     -28.3910197292079083      -61.8574808982083795      -35.0866177088353695
     -28.4589837585589471      -61.8641772843606574      -35.0737187223585849
     -28.5357686036804843      -61.8717367869684409      -35.0591428418020428
     -28.6218026575202096      -61.8801991442773129      -35.0428079531589844
     -28.7174894279379522      -61.8896010701711887      -35.0246366764213022
     -28.8232064843963016      -61.8999760552021883      -35.0045566453066002
     -28.9393044831578230      -61.9113541603098483      -34.9825008010642264
     -29.0661062738938618      -61.9237618018143721      -34.9584077040519574
     -29.2039060904137706      -61.9372215267067574      -34.9322218661232569
     -29.3529688280248706      -61.9517517792775010      -34.9038941068083588
     -29.5135294086593944      -61.9673667028573334      -34.8733819589588876
     -29.6857922372531604      -61.9840759204984337      -34.8406500916962401
     -29.8699307520684272      -62.0018842494231635      -34.8056707235046687
     -30.0660870672912139      -62.0207914434695979      -34.7684240752936873
     -30.2743717088351048      -62.0407919376631440      -34.7288988440056130
     -30.4948634343283693      -62.0618746919012878      -34.6870927446674528
     -30.7276091083349918      -62.0840230577411489      -34.6430130612406870
     -30.9726236760190474      -62.1072144617058584      -34.5966770641352781
     -31.2298902368270248      -62.1314202102209734      -34.5481124643480513
     -31.4993601988632577      -62.1566054970579032      -34.4973579421260297
     -31.7809535085841368      -62.1827294034863414      -34.4444636190739502
     -32.0745589503285373      -62.2097446497881919      -34.3894913261155253
     -32.3800345163950851      -62.2375976609197608      -34.3325149652571895
     -32.6972078441187648      -62.2662288949347200      -34.2736209198715898
     -33.0258766979210208      -62.2955726883659437      -34.2129080873019049
     -33.3658095198343432      -62.3255577079146690      -34.1504881210614641
     -33.7167460413493387      -62.3561079077754101      -34.0864858094742971
     -34.0783978957283722      -62.3871421208826646      -34.0210385536615973
     -34.4504493175580890      -62.4185745658256934      -33.9542961886062642
     -34.8325578603882420      -62.4503153299769380      -33.8864206210584200
     -35.2243551305648097      -62.4822707658730820      -33.8175852444399609
     -35.6254476191445946      -62.5143446861627439      -33.7479746059653536
     -36.0354175304949820      -62.5464384785334104      -33.6777833070346517
     -36.4538239309905734      -62.5784522894390633      -33.6072153567057086
     -36.8802037921674213      -62.6102854315309258      -33.5364830492883854
     -37.3140730658383291      -62.6418372175873870      -33.4658059677190280
     -37.7549277787404449      -62.6730077114915574      -33.3954098247322833
     -38.2022451555411280      -62.7036982596556172      -33.3255250800249030
     -38.6554848255727208      -62.7338124104499855      -33.2563856694433042
     -39.1140900035645558      -62.7632562810233807      -33.1882273584559186
     -39.5774887952176826      -62.7919394717159847      -33.1212863201286254
     -40.0450954479528747      -62.8197753446075993      -33.0557973257527706
     -40.5163117438903200      -62.8466818205543305      -32.9919921768640165
     -40.9905283323856793      -62.8725816127785109      -32.9300978253327088
     -41.4671262019980063      -62.8974028550074706      -32.8703347056339439
     -41.9454781044325244      -62.9210792836075896      -32.8129148568660014
     -42.4249500990345965      -62.9435506816015717      -32.7580402259736871
     -42.9049029509685838      -62.9647631096618667      -32.7059009234689881
     -43.3846923269978717      -62.9846692902615928      -32.6566734797052334
     -43.8636688758207498      -63.0032289627354842      -32.6105185075877770
     -44.3411795967132463      -63.0204095197055665      -32.5675782791539419
     -44.8165694336475440      -63.0361861798927094      -32.5279742317904095
     -45.2891829611323899      -63.0505426152823389      -32.4918049440226540
     -45.7583661908873864      -63.0634715446003042      -32.4591443664691965
     -46.2234684149245609      -63.0749751686963549      -32.4300402777385841
     -46.6838441341902666      -63.0850650526960024      -32.4045127885809805
     -47.1388549549808289      -63.0937625483213509      -32.3825534722524466
     -47.5878714759260220      -63.1010986147155393      -32.3641245348181386
     -48.0302750088236508      -63.1071141716770327      -32.3491585904146106
     -48.4654605000546042      -63.1118364384938957      -32.3376040403994267
     -48.8928442548669508      -63.1151350727459217      -32.3297067544799290
     -49.3118527955548132      -63.1168368923761420      -32.3257863543646735
     -49.7219239148088192      -63.1168100243074548      -32.3260719280893767
     -50.1225212264661835      -63.1149641659070113      -32.3307021512532131
     -50.5131437627835354      -63.1112482520120892      -32.3397292616934493
     -50.8933341190941988      -63.1056484013826093      -32.3531257458179908
     -51.2626857552952657      -63.0981835534926816      -32.3707920042265727
     -51.6208480027220844      -63.0889021875196647      -32.3925662006953701
     -51.9675273461736893      -63.0778775503639011      -32.4182340836476897
     -52.3024842030826846      -63.0652034024701393      -32.4475386739815548
     -52.6255259376839177      -63.0509909592331184      -32.4801891272991128
     -52.9364982677553684      -63.0353652334348098      -32.5158672931671049
     -53.2352768280049844      -63.0184632798627220      -32.5542333117924372
     -53.5217584818485861      -63.0004329577772211      -32.5949295780128097
     -53.7958599160283910      -62.9814312867013655      -32.6375834425881450
     -54.0575207155726289      -62.9616233240974950      -32.6818110504838089
     -54.3067058776781195      -62.9411804888751334      -32.7272218907849322
     -54.5434077262956833      -62.9202780179456767      -32.7734234986465296
     -54.7676473664574672      -62.8990924404328098      -32.8200264490120901
     -54.9794757661135591      -62.8777995153962337      -32.8666496219997981
     -55.1789745257085471      -62.8565717338978160      -32.9129250664371966
     -55.3662563761536290      -62.8355758532416004      -32.9585025367689468
     -55.5414654389350915      -62.8149705779465677      -33.0030536290400462
     -55.7047772809575221      -62.7949044785498955      -33.0462754591616985
     -55.8563987780273834      -62.7755141229192049      -33.0878937923052376
     -55.9965678098536088      -62.7569224711299114      -33.1276655966360920
     -56.1255528050492458      -62.7392375592538798      -33.1653810036740211
     -56.2436521521361428      -62.7225514034040543      -33.2008646284186995
     -56.3511934891742214      -62.7069393199249845      -33.2339763607905994
     -56.4485328836998690      -62.6924596797978353      -33.2646116632363942
     -56.5360539146432401      -62.6791537932340503      -33.2927012527269639
     -56.6141666641038626      -62.6670460645963061      -33.3182102924930774
     -56.6833066263849688      -62.6561444079501655      -33.3411371500943332
     -56.7439335408031198      -62.6456553702769554      -33.3629867995289828
     -56.7965301537603793      -62.6346905596846426      -33.3854393856014653
     -56.8416009156823847      -62.6234376711441030      -33.4081543386864084
     -56.8796706172223878      -62.6120701570308924      -33.4308207794360825
     -56.9112829692936302      -62.6007464760027119      -33.4531586099252536
     -56.9369991315033417      -62.5896129989342000      -33.4749127350994300
     -56.9573961933136488      -62.5788068067671546      -33.4958474994680913
     -56.9730656123029746      -62.5684587305338056      -33.5157406904416462
     -56.9846116139525094      -62.5586971046196751      -33.5343762348092511
     -56.9926495574382344      -62.5496530125717101      -33.5515341411534820
     -56.9978042719635170      -62.5414685416226490      -33.5669748696721015
     -57.0007083682196125      -62.5343113786791918      -33.5804119303809330
     -57.0020005296046861      -62.5284025776655241      -33.5914600029293808
     -57.0023237878677094      -62.5236046441699429      -33.6004012505283498
     -57.0020005296046861      -62.5187956556524824      -33.6093365571202796
     -57.0007083682196125      -62.5128426719771326      -33.6203608857536125
     -56.9978042719635170      -62.5055862542164107      -33.6337446065805707
     -56.9926495574382344      -62.4972257595082255      -33.6490907393226735
     -56.9846116139525947      -62.4879075740570471      -33.6661013469245276
     -56.9730656123037633      -62.4777530562168693      -33.6845257498131190
     -56.9573961933190276      -62.4668733339571460      -33.7041332323748719
     -56.9369991315322181      -62.4553777846925442      -33.7246975338590289
     -56.9112829694213502      -62.4433795280985393      -33.7459869235400305
     -56.8796706177065303      -62.4309994457791078      -33.7677570403784202
     -56.8416009172991892      -62.4183695046417242      -33.7897450486837201
     -56.7965301586150844      -62.4056358524777508      -33.8116642349446224
     -56.7439335541158414      -62.3929620333275139      -33.8331983959003182
     -56.6833066601315920      -62.3805284917107841      -33.8540030676665822
     -56.6141667445326533      -62.3674242954731568      -33.8757462868822543
     -56.5360540971119576      -62.3528322052254254      -33.8999202557807138
     -56.4485332797205004      -62.3367492061368509      -33.9265174918769006
     -56.3511943147896162      -62.3191908655054831      -33.9554984554512416
     -56.2436538111945197      -62.3001921315649625      -33.9867905324754531
     -56.1255560279349410      -62.2798079092097652      -34.0202874841846210
     -55.9965738776827280      -62.2581133678622578      -34.0558494080304897
     -55.8564098748452977      -62.2352037954095039      -34.0933031700257203
     -55.7047970326095836      -62.2111942615783988      -34.1324435055150062
     -55.5414997175104119      -62.1862190435734661      -34.1730348071112715
     -55.3663144736629320      -62.1604306018147099      -34.2148135174485546
     -55.1790708303554496      -62.1339981680760758      -34.2574911837681171
     -54.9796321096110958      -62.1071059275860122      -34.3007581767478555
     -54.7678962519931432      -62.0799507642969033      -34.3442880591452067
     -54.5437966951650637      -62.0527396271089486      -34.3877426300391633
     -54.3073033306227941      -62.0256864729478892      -34.4307776077452061
     -54.0584235768050405      -61.9990087331522304      -34.4730489054568849
     -53.7972036218667924      -61.9729229155460928      -34.5142192684809430
     -53.5237299063996588      -61.9476403050331115      -34.5539658008006541
     -53.2381309517267169      -61.9233624221333088      -34.5919882062569712
     -52.9405796991735116      -61.9002754787611806      -34.6280173672785452
     -52.6312963519094623      -61.8785442310740734      -34.6618245788395143
     -52.3105466418186325      -61.8583063640332966      -34.6932316407267010
     -51.9786324900223491      -61.8396667231615922      -34.7221192116861914
     -51.6358824751535579      -61.8226925306707145      -34.7484329325963373
     -51.2826416676503882      -61.8074111061885318      -34.7721879348189375
     -50.9192626281198315      -61.7938078110762774      -34.7934702188287588
     -50.5460997419940270      -61.7818258106776170      -34.8124361473902084
     -50.1635077503794449      -61.7713673681064890      -34.8293106749009596
     -49.7718438713092652      -61.7622944290182119      -34.8443838770010998
     -49.3714720707315493      -61.7544311175513272      -34.8580078327410092
     -48.9627682184917958      -61.7475651758564936      -34.8705924406974361
     -48.5461266461888599      -61.7414502511785486      -34.8826013408773576
     -48.1219718747767615      -61.7358082084137436      -34.8945475959652356
     -47.6907570585046656      -61.7304194048202248      -34.9068327202999740
     -47.2529501501623486      -61.7252466211090791      -34.9195287152667362
     -46.8090388773579065      -61.7202786725121584      -34.9326535788156178
     -46.3595307511221009      -61.7155054524164726      -34.9462166742744742
     -45.9049519106695243      -61.7109171745130496      -34.9602188618127343
     -45.4458459581696133      -61.7065046458653157      -34.9746532608946552
     -44.9827728951015970      -61.7022586584392485      -34.9895055923839351
     -44.5163079089358646      -61.6981702317923535      -35.0047550975813877
     -44.0470401971161110      -61.6942302982198001      -35.0203752413697771
     -43.5755715682184857      -61.6904295469493675      -35.0363346023671198
     -43.1025150575152622      -61.6867578166318609      -35.0525975940283274
     -42.6284932965584531      -61.6832042924224169      -35.0691257156094380
     -42.1541367777700202      -61.6797573645745203      -35.0858786670371643
     -41.6800806626903224      -61.6764045869118149      -35.1028154028088153
     -41.2069617317180246      -61.6731329775445332      -35.1198947265974368
     -40.7354164102562848      -61.6699292155010923      -35.1370754479732952
     -40.2660790258442844      -61.6667800783908504      -35.1543166472513136
     -39.7995799064445492      -61.6636726710750622      -35.1715778171026869
     -39.3365435934874696      -61.6605949131808089      -35.1888191513056086
     -38.8775869192147852      -61.6575356431077637      -35.2060016180881021
     -38.4233172124169116      -61.6544850924515302      -35.2230872513394786
     -37.9743303886576911      -61.6514348454270049      -35.2400391573655583
     -37.5312091902280898      -61.6483783059679240      -35.2568218234645343
     -37.0945213223282906      -61.6453104559406810      -35.2734010352076552
     -36.6648177677782243      -61.6422283407894369      -35.2897442245316029
     -36.2426310045380546      -61.6391305940640279      -35.3058202836092221
     -35.8284734268272658      -61.6360179557523153      -35.3215999627980395
     -35.4228356887726150      -61.6328926082942630      -35.3370556061557721
     -35.0261853148315225      -61.6297585937127366      -35.3521615229153383
     -34.6389653622975757      -61.6266211967001922      -35.3668938353035358
     -34.2615930554096479      -61.6234869555970306      -35.3812307517290847
     -33.8944584493112089      -61.6203634466098293      -35.3951526884259309
     -33.5379231641878874      -61.6172586739350052      -35.4086421257064856
     -33.1923192893504506      -61.6141811946887472      -35.4216838465420594
     -32.8579483342436163      -61.6111396345501703      -35.4342647861064890
     -32.5350803350287805      -61.6081430060919715      -35.4463743049232320
     -32.2239530704431800      -61.6052006952020506      -35.4580042358908401
     -31.9247713626644227      -61.6023215672245286      -35.4691483915893073
     -31.6377065197501182      -61.5995140603639442      -35.4798026095255139
     -31.3628958860839155      -61.5967861173900602      -35.4899646784438190
     -31.1004424970907927      -61.5941448817610961      -35.4996341068231516
     -30.8504148490464267      -61.5915967583170172      -35.5088120833652852
     -30.6128467754415290      -61.5891475240079416      -35.5175014526763277
     -30.3877374251140111      -61.5868021025616628      -35.5257064875045785
     -30.1750513421089295      -61.5845645488290145      -35.5334327759799891
     -29.9747186250159139      -61.5824381383260970      -35.5406871661100396
     -29.7866351693532678      -61.5804254622896536      -35.5474777007983533
     -29.6106630367765540      -61.5785283250707636      -35.5538134330278979
     -29.4466309182512269      -61.5767477766595235      -35.5597043311895362
     -29.2943346824919431      -61.5750841660034425      -35.5651612114243960
     -29.1535380074038066      -61.5735371988987481      -35.5701956877445369
     -29.0239730921429029      -61.5721060092101808      -35.5748201446038692
     -28.9053414503616786      -61.5707891456911511      -35.5790476745645137
     -28.7973147792813755      -61.5695845929605667      -35.5828920481407778
     -28.6995359028557715      -61.5684898059673813      -35.5863677020030664
     -28.6116197869333249      -61.5675017398632534      -35.5894897326985955
     -28.5331546234643483      -61.5666168763648685      -35.5922738936702103
     -28.4637029805303925      -61.5658312478487346      -35.5947365931735931
     -28.4028014020883646      -61.5651469787604171      -35.5968836426987707
     -28.3492714297112940      -61.5673619301855481      -35.5938962924282976
     -28.3023038175973554      -61.5736920054701287      -35.5836827867478576
     -28.2616743443139740      -61.5829044284892930      -35.5683737204079264
     -28.2270625429093229      -61.5940783895394759      -35.5495615669366529
     -28.1980814745068784      -61.6064914336273972      -35.5284983754735677
     -28.1742948019213060      -61.6195568981413189      -35.5062043019794231
     -28.1552278830518965      -61.6327854678205114      -35.4835340095365979
     -28.1403759373564526      -61.6457586062456571      -35.4612223269646734
     -28.1292109686377039      -61.6581071099079807      -35.4399209719318407
     -28.1211887326857095      -61.6694896078352670      -35.4202353832221846
     -28.1157573705052677      -61.6795644907530161      -35.4027730268834091
     -28.1123704169432500      -61.6879443764265147      -35.3882221513530624
     -28.1103435725991559      -61.6947781692069768      -35.3763385556388030
