  -65.045416130884661       -95.383388392967873        31.030424080258140     
  -63.521416130884660       -95.446933644379257        31.051096821422416     
  -61.997416130884659       -95.510478895790641        31.071769562586692     
  -60.473416130884658       -95.574024147202024        31.092442303750968     
  -54.367983499650599       -95.828598459227649        31.175261220077363     
  -54.360146257673954       -95.828925243684196        31.175367530625149     
  -54.348888497313169       -95.829395193236408        31.175520416092333     
  -54.333610157558105       -95.830034002262536        31.175728235455079     
  -54.313721993021140       -95.830867319081989        31.175999332705111     
  -54.288647155193757       -95.831920804180200        31.176342055792063     
  -54.257822739446290       -95.833220202245002        31.176764780057791     
  -54.220701293609096       -95.834791424975094        31.177275935173874     
  -54.176752284220896       -95.836660644553504        31.177884035546306     
  -54.125463516544421       -95.838854395324304        31.178597713381336     
  -54.066342504563956       -95.841671992459894        31.179514342757539     
  -53.998917787355509       -95.844639183069674        31.180479638056056     
  -53.922740188353934       -95.848009093473991        31.181575946740306     
  -53.837384014196850       -95.851807292127219        31.182811586011795     
  -53.742448189989624       -95.856059605522333        31.184194956217816     
  -53.637557328009649       -95.860792194622746        31.185734565056887     
  -53.522362727050925       -95.866031631240745        31.187439051320613     
  -53.396543299800548       -95.871804972375230        31.189317207279942     
  -53.259806425126811       -95.878139816598079        31.191377994191747     
  -53.111888717789370       -95.885064238205018        31.193630516514570     
  -52.952556725658866       -95.892606829405281        31.196084029082567     
  -52.781607548433584       -95.900796766212963        31.198747948914004     
  -52.598869371859145       -95.909663809761312        31.201631841759134     
  -52.404201918589088       -95.919238287998326        31.204745396485524     
  -52.197496810130602       -95.929550977711443        31.208098359279433     
  -51.978677839564973       -95.940632894614268        31.211700427642388     
  -51.747701172438504       -95.952515304571008        31.215561202783370     
  -51.504555456415929       -95.965229623548950        31.219690088094072     
  -51.249261834735769       -95.978807131001602        31.224096103817281     
  -50.981873857646285       -95.993278401878129        31.228787580006813     
  -50.702477347976874       -96.008673381015015        31.233772018869171     
  -50.411190167635574       -96.025021220985025        31.239055827628579     
  -50.108161861765758       -96.042349530943596        31.244643789832807     
  -49.793573257258970       -96.060684195677183        31.250538671526765     
  -49.467635993903428       -96.080049390278120        31.256740984792614     
  -49.130591907662208       -96.100466560108657        31.263248577690742     
  -48.782712388223395       -96.121954135444270        31.270056636205783     
  -48.424297669650898       -96.144527364939776        31.277157908263039     
  -48.055675966510741       -96.168196991385031        31.284542703257078     
  -47.677202639353169       -96.192969364066698        31.292199447544135     
  -47.289259220499808       -96.218845590148831        31.300114947259377     
  -46.892252382233352       -96.245820862036012        31.308274676936882     
  -46.486612895006189       -96.273884589720325        31.316663270670460     
  -46.072794433607420       -96.303019293290490        31.325264532858274     
  -45.651272435493432       -96.333201187238245        31.334061825353988     
  -45.222542808816961       -96.364400062318794        31.343038030381543     
  -44.787120668585310       -96.396580766259973        31.352176007166243     
  -44.345538976895568       -96.429701627637655        31.361458062010513     
  -43.898347167407891       -96.463714614249909        31.370865978972294     
  -43.446109724489794       -96.498565368087952        31.380381000328075     
  -42.989404720165716       -96.534193534413845        31.389983889454221     
  -42.528822335555184       -96.570533102544587        31.399654982184469     
  -42.064963331097339       -96.607512817752138        31.409374245719416     
  -41.598437516249703       -96.645056717534999        31.419121362397721     
  -41.129862166887932       -96.683084670422090        31.428875799959428     
  -40.659860454705047       -96.721513037804016        31.438616908683969     
  -40.189059819999869       -96.760255327173297        31.448324004702961     
  -39.718090375680866       -96.799222935098783        31.457976474120656     
  -39.247583240865367       -96.838325857145719        31.467553878441191     
  -38.778168934980251       -96.877473458642811        31.477036122687057     
  -38.310475678540875       -96.916575156966317        31.486403610551196     
  -37.845127792891581       -96.955541207962312        31.495637431870477     
  -37.382743979591332       -96.994283310989175        31.504719489505014     
  -36.923935738950306       -97.032715388241172        31.513632681764811     
  -36.469305646009360       -97.070754060726500        31.522360985730874     
  -36.019445797721495       -97.108319383563369        31.530889624882683     
  -35.574936112036859       -97.145335169879402        31.539205103624941     
  -35.136342808741190       -97.181729629933258        31.547295345371939     
  -34.704216768705770       -97.217435562793369        31.555149686878522     
  -34.279092045983930       -97.252390823884085        31.562758964383391     
  -33.861484336199332       -97.286538460518614        31.570115494441509     
  -33.451889507879990       -97.319826879160132        31.577213068258406     
  -33.050782235022986       -97.352210057193574        31.584046963776839     
  -32.658614545253627       -97.383647325207917        31.590613821504149     
  -32.275814647172254       -97.414103757153029        31.596911716915788     
  -31.902785541244000       -97.443549580350265        31.602939916997251     
  -31.539903981790616       -97.471960521511960        31.608698947505673     
  -31.187519296231745       -97.499317319356223        31.614190397529274     
  -30.845952363721494       -97.525605532095256        31.619416827424665     
  -30.515494751922265       -97.550815596708105        31.624381765667223     
  -30.196407750408206       -97.574942111186445        31.629089460888792     
  -29.888921674451808       -97.597983876752352        31.633544886979649     
  -29.593235191871035       -97.619943624357163        31.637753651884761     
  -29.309514669445896       -97.640827413880046        31.641721805956355     
  -29.037893734511236       -97.660644606478328        31.645455841020226     
  -28.778472888034337       -97.679407622074848        31.648962624038930     
  -28.531319154546704       -97.697131408296997        31.652249240950606     
  -28.296465893002907       -97.713833252195570        31.655322954551455     
  -28.073912726640387       -97.729532731953370        31.658191210013015     
  -27.863625505181304       -97.744251316219135        31.660861527920019     
  -27.665536384646263       -97.758012102456917        31.663341443744986     
  -27.479544018490436       -97.770839662945576        31.665638483838265     
  -27.305513853215604       -97.782759973123319        31.667760168531128     
  -27.143278497470543       -97.793800225855321        31.669713977505111     
  -26.992638179134431       -97.803988636008526        31.671507310930895     
  -26.853361305563222       -97.813354345614073        31.673147481890837     
  -26.725185112397433       -97.821927345065646        31.674641712587150     
  -26.607816398639443       -97.829738408365884        31.675997133647591     
  -26.500932347695620       -97.836819056953459        31.677220791259916     
  -26.404181425950977       -97.843201505354145        31.678319647086546     
  -26.317184358812067       -97.848918608104839        31.679300577421323     
  -26.239535185686982       -97.854003840737448        31.680170382418293     
  -26.170802387481295       -97.858491288047404        31.680935796982077     
  -26.110530080941313       -97.862140948294112        31.681514950821800     
  -26.058239289630684       -97.865560806407302        31.682099107964035     
  -26.013429254213918       -97.868506481972631        31.682604533327655     
  -25.975578823199449       -97.871005481009078        31.683034936429621     
  -25.944147886485005       -97.873088177679193        31.683394761436940     
  -25.918578860809934       -97.874787487825500        31.683689096983812     
  -25.898298220688226       -97.876138547429989        31.683923587976039     
  -25.882718070428204       -97.877178399619424        31.684104350526518     
  -25.871237752747341       -97.877945693648769        31.684237891094444     
  -25.863245489407479       -97.878480399067300        31.684331030815574     
  -25.858120049228322       -97.878823538004525        31.684390835922567     
  -25.855232438784888       -97.879016938213667        31.684424555056435     
  -25.853947611058622       -97.879103009178436        31.684439564161483     
  -19.757626187291930       -98.287497267616729        31.755655593196902     
  -18.233626187291929       -98.389590449159542        31.773458661753434     
  -16.709626187291931       -98.491683630702354        31.791261730309966     
  -15.185626187291929       -98.593776812245167        31.809064798866498     
