  -65.476571036911665        76.194591456242605       -57.444934449568585     
  -63.952571036911664        76.348039550594507       -57.347636444203779     
  -62.428571036911663        76.501487644946408       -57.250338438838973     
  -60.904571036911662        76.654935739298310       -57.153040433474168     
  -54.799162937191305        77.269675396872316       -56.763247762843633     
  -54.791346076804693        77.270462458768733       -56.762748704494662     
  -54.780117592213053        77.271593500396591       -56.762032170113933     
  -54.764878981373045        77.273129369406874       -56.761060365797036     
  -54.745042528791309        77.275130179288226       -56.759796436544619     
  -54.720032882367050        77.277655258469380       -56.758204643534718     
  -54.689288596034871        77.280763113758709       -56.756250546862375     
  -54.652263634117979        77.284511406892221       -56.753901192283784     
  -54.608428833406641        77.288956942825550       -56.751125300420803     
  -54.557273319092886        77.294155668284390       -56.747893456822815     
  -54.498305870806384        77.300162658637362       -56.744178286636995     
  -54.431056232531361        77.307026230993628       -56.739950403360510     
  -54.355076370088135        77.314792389468494       -56.735181776238740     
  -54.269941668315823        77.323509295353048       -56.729849103274034     
  -54.175252060120364        77.333223689883368       -56.723931395891626     
  -54.070633089670672        77.343980902014465       -56.717410132784423     
  -53.955736907754549        77.355824895328837       -56.710269436558761     
  -53.830243195154168        77.368798325970189       -56.702496254122799     
  -53.693860010620547        77.382942591901994       -56.694080529311606     
  -53.546324561550833        77.398297876443536       -56.685015373895425     
  -53.387403895052017        77.414903178211219       -56.675297236851499     
  -53.216895505548017        77.432796293137088       -56.664926054225717     
  -53.034627855359574        77.452013715344961       -56.653905365982823     
  -52.840460813409585        77.472590555262002       -56.642242486167916     
  -52.634286007743476        77.494560427370971       -56.629948707484033     
  -52.416027085355211        77.517955224253384       -56.617039502942895     
  -52.185639870901355        77.542804671188023       -56.603534674926834     
  -51.943112427092096        77.569135715907379       -56.589458533427845     
  -51.688465033681183        77.596972019745948       -56.574840343878947     
  -51.421750062744948        77.626333250395817       -56.559714885385063     
  -51.143051725879737        77.657233866873824       -56.544122979460795     
  -50.852485716119567        77.689681733550529       -56.528112360195372     
  -50.550198754663697        77.723676746916880       -56.511739162392814     
  -50.236367998478570        77.759208852938329       -56.495069404294775     
  -49.911200405971265        77.796256347744546       -56.478179849312092     
  -49.574932146956279        77.834785389057288       -56.461158289117122     
  -49.227827985687590        77.874749799580385       -56.444102483644613     
  -48.870180677910945        77.916091603587773       -56.427118014193823     
  -48.502310416049696        77.958742775655026       -56.410315643439468     
  -48.124564189215498        78.002626688025231       -56.393807657258890     
  -47.737315126013698        78.047660176078637       -56.377704484460331     
  -47.340961750860487        78.093755479258050       -56.362111471790605     
  -46.935927116323008        78.140821623454869       -56.347125794194554     
  -46.522657891827791        78.188766227277412       -56.332834331300688     
  -46.101623245560951        78.237495880506216       -56.319312048673616     
  -45.673313632369670        78.286918702520595       -56.306623635169707     
  -45.238239476353549        78.336946993722151       -56.294825399045223     
  -44.796929835795382        78.387493699659487       -56.283962801875305     
  -44.349931014312993        78.438471710445569       -56.274069979062752     
  -43.897805128694131        78.489794007888761       -56.265169955366268     
  -43.441128646262911        78.541373753733922       -56.257274913526153     
  -42.980490864716444        78.593124393853003       -56.250386615889447     
  -42.516492375748086        78.644959807135251       -56.244496977895238     
  -42.049743470871690        78.696794397830999       -56.239588741372771     
  -41.580862543045249        78.748543267270307       -56.235636317024550     
  -41.110474430339735        78.800122313172977       -56.232606690811046     
  -40.639208771218371        78.851448400938750       -56.230460468409845     
  -40.167698295973018        78.902439469420486       -56.229152944458903     
  -39.696577164483337        78.953014778107999       -56.228635159111903     
  -39.226479248500681        79.003095270769592       -56.228854654539425     
  -38.758036496276453        79.052604101318977       -56.229756201759422     
  -38.291877192647782        79.101467020998228       -56.231282438284147     
  -37.828624333230785        79.149612899021719       -56.233374613216462     
  -37.368893867089973        79.196974005877195       -56.235973170030611     
  -36.913293093373838        79.243486504369940       -56.239018482417848     
  -36.462418909106894        79.289090600691324       -56.242451346324358     
  -36.016856237781390        79.333730974751390       -56.246213668746009     
  -35.577176314500512        79.377356801994310       -56.250248856203029     
  -35.143935150034302        79.419922076095986       -56.254502408633122     
  -34.717671897377890        79.461385548510876       -56.258922223783522     
  -34.298907345386354        79.501710863736335       -56.263459026436124     
  -33.888142422338269        79.540866519711372       -56.268066649490514     
  -33.485856709686715        79.578825726814415       -56.272702224021060     
  -33.092507134487946        79.615566517356783       -56.277326525235026     
  -32.708526507188530        79.651071198147648       -56.281903870587840     
  -32.334322398094912        79.685326568978240       -56.286402549958609     
  -31.970275800517683        79.718323253589517       -56.290794577046029     
  -31.616740100403508        79.750055774892587       -56.295055911503411     
  -31.274040021469375        79.780522242041229       -56.299166349555954     
  -30.942470601238099        79.809723864688152       -56.303109242266522     
  -30.622296434344310        79.837665123131785       -56.306871626151064     
  -30.313750808561206        79.864353190383568       -56.310443780471736     
  -30.017035025151156        79.889797730909308       -56.313819010958667     
  -29.732317880650879        79.914010982703530       -56.316993596855575     
  -29.459735105614001        79.937007261548928       -56.319966301213192     
  -29.199388972680634        79.958802796077549       -56.322738091057310     
  -28.951348054299679        79.979415820286434       -56.325312020542434     
  -28.715646994266663        79.998866276211828       -56.327692827159161     
  -28.492286394490005        80.017175615981344       -56.329886592086652     
  -28.281232831410335        80.034366778278098       -56.331900522210873     
  -28.082418977829970        80.050464225554094       -56.333742776291722     
  -27.895743776981305        80.065493751452692       -56.335422128415281     
  -27.721072731704403        80.079482410254386       -56.336947726868317     
  -27.558238294975933        80.092458496989451       -56.338328908488499     
  -27.407040354426698        80.104451547127184       -56.339575049358110     
  -27.267246807458228        80.115492343992187       -56.340695444744611     
  -27.138594210197574        80.125612836886532       -56.341699150871108     
  -27.020788520729159        80.134846115156279       -56.342594890718225     
  -26.913505927841062        80.143226395908883       -56.343390993452850     
  -26.816393760414574        80.150789009610349       -56.344095355209404     
  -26.729071474787293        80.157570383408185       -56.344715419304571     
  -26.651131717236034        80.163608022152587       -56.345258173518083     
  -26.582141458727492        80.168940488603525       -56.345730162748076     
  -26.521643198625185        80.173607413992897       -56.346137535782503     
  -26.469156234770281        80.177662730222110       -56.346495292809195     
  -26.424177990638057        80.181152073121311       -56.346811634851548     
  -26.386185403784943        80.184109669831983       -56.347085864046939     
  -26.354636370958200        80.186572748057188       -56.347318467291977     
  -26.328971240761827        80.188581206438243       -56.347510957517471     
  -26.308614351871920        80.190177288229947       -56.347665719869163     
  -26.292975612389160        80.191405261971639       -56.347785864866623     
  -26.281452115810598        80.192311112598361       -56.347875090566845     
  -26.273429789016628        80.192942246176329       -56.347937555648251     
  -26.268285067600210        80.193347211168103       -56.347977765170029     
  -26.265386593813972        80.193575438831743       -56.348000470568557     
  -26.264096932375470        80.193677005033862       -56.348010585232636     
  -20.167774299353152        80.673787767627957       -56.395823331824694     
  -18.643774299353151        80.793809106103382       -56.407775885879431     
  -17.119774299353153        80.913830444578807       -56.419728439934168     
  -15.595774299353151        81.033851783054232       -56.431680993988905     
