  -50.881445675307333        127.08528363593447        77.522034888922676     
  -49.357445675307332        127.02808035381921        77.487140881482802     
  -47.833445675307331        126.97087707170394        77.452246874042928     
  -46.309445675307330        126.91367378958867        77.417352866603053     
  -40.202113323177386        126.68443530172084        77.277517367565665     
  -40.192697717704512        126.68408188732704        77.277301784752396     
  -40.179172802377352        126.68357448838310        77.276992271349201     
  -40.160817762813750        126.68288637021517        77.276572519202318     
  -40.136924835200020        126.68199148068102        77.276026636502110     
  -40.106801223358040        126.68086458097949        77.275339227574719     
  -40.069770976386330        126.67948138075715        77.274495475292071     
  -40.025176821669625        126.67781867634422        77.273481225379115     
  -39.972381948157505        126.67585449087868        77.272283071845038     
  -39.910771734935011        126.67356821502368        77.270888442712277     
  -39.839755420246391        126.67094072681932        77.269285672880926     
  -39.758767706287294        126.66794869051961        77.267460525899992     
  -39.667270295251903        126.66456907459467        77.265398948916769     
  -39.564753352276028        126.66078368476398        77.263089835872336     
  -39.450736891003551        126.65657574817322        77.260522940311802     
  -39.324772078244955        126.65193005358101        77.257688954747778     
  -39.186442453889953        126.64683310046611        77.254579591299162     
  -39.035365062609010        126.64127325680347        77.251187661175422     
  -38.871191494274747        126.63524092303386        77.247507148251103     
  -38.693608830284390        126.62872870028946        77.243533271028838     
  -38.502340492946928        126.62173156490120        77.239262528058603     
  -38.297146995845999        126.61424704692163        77.234692717167903     
  -38.077826594627304        126.60627539764906        77.229822908444334     
  -37.844215835549534        126.59781976168247        77.224653366239821     
  -37.596190000816605        126.58888635651309        77.219185403703491     
  -37.333663449098694        126.57948467784912        77.213421157435036     
  -37.056589855083097        126.56962769654449        77.207363231358428     
  -36.764962346271865        126.55933208873189        77.201014196614025     
  -36.458813535757869        126.54861854787960        77.194375927358820     
  -36.138215456588100        126.53751216922288        77.187448701439948     
  -35.803279403004431        126.52604292282290        77.180229988841717     
  -35.454155675166668        126.51424635060472        77.172712891193683     
  -35.091033239932855        126.50216450339278        77.164884081508035     
  -34.714139304023739        126.48984703701399        77.156721378391268     
  -34.323738750531419        126.47735195454463        77.148191986855423     
  -33.920133434901949        126.46474559742836        77.139251802937508     
  -33.503661327122828        126.45210195291305        77.129845912771515     
  -33.074695506701225        126.43950120624928        77.119910334421419     
  -32.633643017698724        126.42702776410657        77.109374844044027     
  -32.180943604830453        126.41476795677332        77.098166417961565     
  -31.717068379404857        126.40280726036374        77.086212554180221     
  -31.242518403095826        126.39122776177101        77.073444436087172     
  -30.757823195974034        126.38010634710190        77.059799973922921     
  -30.263539197038579        126.36951299154147        77.045226179775810     
  -29.760248194841829        126.35951010970376        77.029680564406632     
  -29.248555750275354        126.35015463725487        77.013132389327581     
  -28.729089574829285        126.34150070573924        76.995564040817726     
  -28.202497841742389        126.33359589778968        76.976968541268036     
  -27.669447445656402        126.32648048504232        76.957348846437469     
  -27.130622213761331        126.32018741372787        76.936717505864010     
  -26.586721079869754        126.31474218528692        76.915096133759036     
  -26.038456221985442        126.31016292130235        76.892514851148121     
  -25.486551171362670        126.30646039960533        76.869011567207565     
  -24.931738883914786        126.30363856902868        76.844631410073006     
  -24.374759798124508        126.30169492440042        76.819425942381073     
  -23.816359882921294        126.30062077317734        76.793452194919809     
  -23.257288673249086        126.30040161044384        76.766771668276917     
  -22.698297301639418        126.30101744737028        76.739449238010891     
  -22.140136513698526        126.30244341069870        76.711552339597162     
  -21.583554671447622        126.30465019585307        76.683150466956178     
  -21.029295765874078        126.30760428869922        76.654314678970962     
  -20.478097434206060        126.31126838301343        76.625117216207499     
  -19.930688999146078        126.31560171913836        76.595631061781646     
  -19.387789512822582        126.32056110571791        76.565929909612677     
  -18.850105854968493        126.32610084075219        76.536087462825179     
  -18.318330894841143        126.33217156685011        76.506176097960207     
  -17.793141637469951        126.33872102590870        76.476266688216953     
  -17.275197435459834        126.34569407934727        76.446428000844236     
  -16.765138194268737        126.35303482546027        76.416727376427772     
  -16.263582662019306        126.36068720777052        76.387230517181763     
  -15.771126803055296        126.36859457733354        76.358000668263841     
  -15.288342192149079        126.37670043836216        76.329098548824589     
  -14.815774526489429        126.38494760713552        76.300581353501386     
  -14.353942109714087        126.39328056939529        76.272503721061483     
  -13.903334452796877        126.40164741776547        76.244918432248042     
  -13.464410944612506        126.40999995399913        76.217876021792947     
  -13.037599630002793        126.41829435051216        76.191424792278553     
  -12.623296049554202        126.42649080194593        76.165610287643958     
  -12.221862177118647        126.43455420757216        76.140475458266565     
  -11.833625447147632        126.44245357286546        76.116060117278579     
  -11.458877855909927        126.45016276578251        76.092401280788749     
  -11.097875179226833        126.45766038820078        76.069533025872161     
  -10.750836314158153        126.46492752735587        76.047485134262658     
  -10.417942702487000        126.47194715202818        76.026282775431866     
  -10.099337824667508        126.47870459064235        76.005946882576424     
  -9.7951268046508488        126.48518776255945        75.986494415722234     
  -9.5053761233702456        126.49138716188199        75.967938506712883     
  -9.2301134348259080        126.49729546564868        75.950288403908047     
  -8.9693274852514691        126.50290745573731        75.933549624789947     
  -8.7229681353605422        126.50822008019225        75.917724205161988     
  -8.4909464934107657        126.51323199373699        75.902810646711075     
  -8.2731351488479223        126.51794334496530        75.888804026613059     
  -8.0693685064980532        126.52235575021029        75.875696221743667     
  -7.8794432241995835        126.52647224735692        75.863476112208701     
  -7.7031187575339457        126.53029699135446        75.852129619179436     
  -7.5401180011939495        126.53383514927910        75.841639849883677     
  -7.3901280284022830        126.53709283952564        75.831987255432765     
  -7.2528009256804111        126.54007714529597        75.823149819474523     
  -7.1277547213256165        126.54279617536642        75.815103261347701     
  -7.0145744142508217        126.54525875339752        75.807821004272199     
  -6.9128130873369296        126.54747433226736        75.801274267708934     
  -6.8219931052513827        126.54945299700547        75.795432203692329     
  -6.7416073955060307        126.55120546227512        75.790262023376357     
  -6.6711208092539351        126.55274309355407        75.785729133905988     
  -6.6099715572315407        126.55409031621603        75.781804724222980     
  -6.5575727202045506        126.55526345426796        75.778453159889580     
  -6.5133138261246648        126.55626781743378        75.775630358695537     
  -6.4765624899007923        126.55711119680107        75.773292036155397     
  -6.4466661135074226        126.55780355405079        75.771393650125049     
  -6.4229536408844368        126.55835671547058        75.769890352285444     
  -6.4047373629273681        126.55878407597783        75.768736949492450     
  -6.3913147677199094        126.55910031757378        75.767887877366050     
  -6.3819704310499272        126.55932114663227        75.767297188405635     
  -6.3759779421489773        126.55946305423763        75.766918556764807     
  -6.3726018594903007        126.55954310302855        75.766705301349688     
  -6.3710996913962905        126.55957874345404        75.766610428567361     
 -0.27472389613580983        126.70422129589764        75.381580193859065     
   1.2492761038641911        126.74037970497987        75.285328568729327     
   2.7732761038641902        126.77653811406211        75.189076943599588     
   4.2972761038641911        126.81269652314434        75.092825318469849     
