  -68.100335449552986       -19.738047177940743        63.675181508990377     
  -66.576335449552985       -19.714161409649279        63.598125728477811     
  -65.052335449552984       -19.690275641357815        63.521069947965245     
  -63.528335449552984       -19.666389873066350        63.444014167452679     
  -57.420389693974847       -19.570659573161777        63.135187049654469     
  -57.410464484575911       -19.570504014597507        63.134685215824426     
  -57.396207633318966       -19.570280761564955        63.133964998811749     
  -57.376859409158762       -19.569978150614048        63.132988772183282     
  -57.351673895377488       -19.569584882178720        63.131720083395962     
  -57.319921027580548       -19.569090098702596        63.130123905817719     
  -57.280888591524004       -19.568483467611841        63.128166906352916     
  -57.233884174857224       -19.567755268756201        63.125817727389268     
  -57.178237066930656       -19.566896485978834        63.123047281829862     
  -57.113300100909306       -19.565898902540113        63.119829060019356     
  -57.038451432552442       -19.564755182952645        63.116139391683397     
  -56.953096250197270       -19.563453965660678        63.111941610498526     
  -56.856668411352238       -19.561983718287827        63.107198482495505     
  -56.748632000128417       -19.560336612597983        63.101884690315188     
  -56.628482799980951       -19.558505600295003        63.095977370000448     
  -56.495749678508979       -19.556484547444697        63.089456493009997     
  -56.349995879924215       -19.554268391443959        63.082305286001798     
  -56.190820221605257       -19.551853324825181        63.074510683132189     
  -56.017858191821347       -19.549237010352652        63.066063798037099     
  -55.830782952670596       -19.546418763237956        63.056960170584084     
  -55.629306242801142       -19.543399754854129        63.047199912158746     
  -55.413179163164912       -19.540183434267274        63.036788313624989     
  -55.182192865654464       -19.536775969840484        63.025736186796031     
  -54.936179143563898       -19.533186764599691        63.014059993810712     
  -54.675010935009183       -19.529428970423350        63.001781369425913     
  -54.398602717409084       -19.525520422437609        62.988927199203339     
  -54.106910816130807       -19.521484837909405        62.975529499924946     
  -53.799933658652527       -19.517353120695756        62.961624267184227     
  -53.477711960573032       -19.513165182122236        62.947250199910982     
  -53.140328835448628       -19.508972700536681        62.932448119167802     
  -52.787909925688403       -19.504842269615796        62.917258579907447     
  -52.420623526193907       -19.500859796674025        62.901719459480923     
  -52.038680729870727       -19.497136672428972        62.885863861630291     
  -51.642335650557186       -19.493816399908159        62.869715662486058     
  -51.231885238593186       -19.491079737169905        62.853287698046614     
  -50.807668675525960       -19.489145764059103        62.836579545165080     
  -50.370066235808771       -19.488269303828261        62.819577032637476     
  -49.919497622034299       -19.488734397891552        62.802253230138597     
  -49.456419885909035       -19.490844233270032        62.784569731113720     
  -48.981325007664573       -19.494909537929320        62.766479706418643     
  -48.494737404706107       -19.501236253088944        62.747930039933763     
  -47.997211378256132       -19.510114345822892        62.728864513954164     
  -47.489328672393093       -19.521807727998468        62.709225870862674     
  -46.971696110770807       -19.536546180801647        62.688958207925076     
  -46.444943576450825       -19.554521091335740        62.668008128885290     
  -45.909722405736055       -19.575887289602118        62.646330430609652     
  -45.366703721858201       -19.600766202709444        62.623896075678992     
  -44.816576776958513       -19.629243187484271        62.600681833492587     
  -44.260047169272390       -19.661367629263882        62.576668599743314     
  -43.697835100737002       -19.697153704376959        62.551841149900163     
  -43.130673541701931       -19.736582041295364        62.526189707730836     
  -42.559306416175396       -19.779601262091703        62.499709930866857     
  -41.984486838482205       -19.826129720250805        62.472402389462388     
  -41.406975288623023       -19.876057730719356        62.444272448870073     
  -40.827537826605869       -19.929250168948471        62.415330259174311     
  -40.246944290289427       -19.985549520635374        62.385591196244953     
  -39.665966480306153       -20.044779040572209        62.355075824975025     
  -39.085376381458673       -20.106746106633150        62.323809876379563     
  -38.505944315987428       -20.171245268866276        62.291824229678198     
  -37.928436998844155       -20.238060332627214        62.259155071090149     
  -37.353615567657123       -20.306966108406783        62.225844222401797     
  -36.782233602501265       -20.377730115126006        62.191939239373411     
  -36.215035180222173       -20.450114325228657        62.157493496937334     
  -35.652752942008050       -20.523876882448917        62.122566189993179     
  -35.096106184048026       -20.598773771724908        62.087222134732890     
  -34.545798992697961       -20.674560509791537        62.051531661573549     
  -34.002518406003205       -20.750993692521487        62.015570190309397     
  -33.466932625342359       -20.827832585804014        61.979417984359586     
  -32.939689253236722       -20.904840818676156        61.943160416324382     
  -32.421413660803218       -20.981787097251640        61.906885342488579     
  -31.912707425692005       -21.058445679738355        61.870680279601373     
  -31.414146742722750       -21.134598148513330        61.834633629153025     
  -30.926280917915619       -21.210034962534841        61.798835313528087     
  -30.449630953111612       -21.284556267427313        61.763375603015504     
  -29.984688222450757       -21.357972848955093        61.728344250164703     
  -29.531913238159987       -21.430106790387352        61.693829044731771     
  -29.091734487568122       -21.500792194541386        61.659914974142666     
  -28.664547349226037       -21.569875636754919        61.626683241336742     
  -28.250713074476348       -21.637216625949026        61.594210750438748     
  -27.850557878557108       -21.702687698965963        61.562569125846977     
  -27.464372063459827       -21.766174673076687        61.531824604976677     
  -27.092409300460346       -21.827576430106099        61.502037076835357     
  -26.734885907712862       -21.886804973261501        61.473260293985234     
  -26.391980303317180       -21.943785069932208        61.445541250886173     
  -26.063832505258748       -21.998453941272423        61.418920054158377     
  -25.750543703070090       -22.050761004151394        61.393430169083643     
  -25.452175999672349       -22.100667321890292        61.369098092795049     
  -25.168752173965050       -22.148145259719108        61.345943781230524     
  -24.900255559813871       -22.193178060297797        61.323980961919538     
  -24.646630076956747       -22.235759226813517        61.303217021818149     
  -24.407780318275538       -22.275892005538832        61.283653241960479     
  -24.183571728458460       -22.313588871555901        61.265285131259411     
  -23.973830913422887       -22.348871089331976        61.248102977403910     
  -23.778346051311694       -22.381768272350335        61.232092323209571     
  -23.596867397593911       -22.412317952139304        61.217234384975647     
  -23.429107891206506       -22.440565213217052        61.203506553782660     
  -23.274743883692381       -22.466562239924492        61.190882547892393     
  -23.133415976015328       -22.490367861913921        61.179332470447619     
  -23.004729944067797       -22.512047216660950        61.168823084551590     
  -22.888257761424629       -22.531671448417789        61.159318094512230     
  -22.783538718260989       -22.549317424533555        61.150778393706339     
  -22.690080632842026       -22.565067456101467        61.143162258682814     
  -22.607361151884341       -22.579009043892629        61.136425565905206     
  -22.534829135469781       -22.591234657397990        61.130522070853175     
  -22.471906102225010       -22.601853207856845        61.125435977086568     
  -22.417987804482461       -22.610969844366199        61.121126950849522     
  -22.372445844421041       -22.618682923741165        61.117522741125519     
  -22.334629330724038       -22.625096483298165        61.114554571108691     
  -22.303866619511606       -22.630319690521201        61.112156543494734     
  -22.279467112295446       -22.634466288532717        61.110265071243674     
  -22.260723106099682       -22.637654042624316        61.108818345617827     
  -22.246911690787442       -22.640004193090999        61.107755852399492     
  -22.237296688524399       -22.641640919380233        61.107017946214690     
  -22.231130630205481       -22.642690820193650        61.106545491821429     
  -22.227656763573204       -22.643282413718111        61.106279580065241     
  -22.226111087668372       -22.643545661646897        61.106161324968234     
  -16.129724408177644       -23.681836522902568        60.639744790996168     
  -14.605724408177643       -23.941392774128719        60.523148053429516     
  -13.081724408177644       -24.200949025354866        60.406551315862863     
  -11.557724408177643       -24.460505276581017        60.289954578296211     
