     -23.7834619579009861      -74.6452543636805643      116.7194216719285720
     -23.7846925732928334      -74.6325832354743142      116.7275342229301458
     -23.7871817771216776      -74.6170107381573615      116.7375096167061059
     -23.7916523206917319      -74.5982359234426866      116.7495443794609997
     -23.7987534212725400      -74.5769509841461229      116.7631995083120273
     -23.8091335878315533      -74.5537629074940611      116.7780908384957286
     -23.8234329370769657      -74.5292776178345804      116.7938353496206219
     -23.8422777767969976      -74.5041517369365351      116.8100182319246585
     -23.8662760624926342      -74.4791321540027553      116.8261677824883407
     -23.8960128945211210      -74.4550954938539320      116.8417303869416912
     -23.9320453940865931      -74.4330970987387985      116.8560394230465249
     -23.9748960928939248      -74.4144420734094609      116.8682700408910335
     -24.0250432650214911      -74.4008011335026396      116.8773652447329852
     -24.0829047396784475      -74.3944212725930782      116.8819012272178384
     -24.1491882123221195      -74.3930389563560936      116.8833267885147791
     -24.2247792512169440      -74.3914772541909315      116.8849452491339633
     -24.3101817511742837      -74.3897143390145459      116.8867755407646882
     -24.4058723150666133      -74.3877411569095131      116.8888284368820649
     -24.5122997877181881      -74.3855494895498879      116.8911141706898036
     -24.6298840298207260      -74.3831320371407401      116.8936423969318525
     -24.7590147664029026      -74.3804825051432488      116.8964221529082153
     -24.9000505130048921      -74.3775956938531522      116.8994618192082129
     -25.0533175826525252      -74.3744675890470290      116.9027690793891736
     -25.2191091765306687      -74.3710954515080118      116.9063508771685491
     -25.3976845594258407      -74.3674779100107344      116.9102133803053931
     -25.5892683231040223      -74.3636150523849579      116.9143619447310130
     -25.7940497395871056      -74.3595085138216660      116.9188010796946173
     -26.0121822064724668      -74.3551615605033760      116.9235344131258927
     -26.2437827872470351      -74.3505791632610453      116.9285646512050931
     -26.4889318486212524      -74.3457680742050115      116.9338935536529362
     -26.7476728132446162      -74.3407369015174737      116.9395219074949210
     -27.0200120079341950      -74.3354961779205752      116.9454494877525974
     -27.3059186062969097      -74.3300584136875244      116.9516750025045440
     -27.6053246700426129      -74.3244381662062210      116.9581960767980888
     -27.9181252970051510      -74.3186520920551885      116.9650092238858292
     -28.2441788793101836      -74.3127189709787785      116.9721097892012978
     -28.5833074624373360      -74.3066597432292895      116.9794919345234092
     -28.9352972132230590      -74.3004975273130128      116.9871486127288733
     -29.2998990006540154      -74.2942576012286366      116.9950715087696267
     -29.6768290753234147      -74.2879674075305161      117.0032510441519378
     -30.0657698629797459      -74.2816565067878827      117.0116763284223822
     -30.4663708614915301      -74.2753565260939013      117.0203351333290840
     -30.8782496382806642      -74.2691011128989373      117.0292139079993916
     -31.3009929372619737      -74.2629258368638574      117.0382977468930079
     -31.7341578745078827      -74.2568680978436646      117.0475704039424443
     -32.1772732401767882      -74.2509669574369724      117.0570142244826144
     -32.6298408506364339      -74.2452630138176346      117.0666101950254614
     -33.0913369032710065      -74.2397981268283900      117.0763378717715568
     -33.5612134343962083      -74.2346152015415157      117.0861755313707278
     -34.0388998916527257      -74.2297578994112399      117.0961002907908437
     -34.5238047662754397      -74.2252703066532007      117.1060882330561981
     -35.0153172943217470      -74.2211964937827133      117.1161144299296666
     -35.5128092022509350      -74.2175801564261377      117.1261531550836850
     -36.0156365092811726      -74.2144641436530890      117.1361779741202156
     -36.5231413616083529      -74.2118900564033623      117.1461619899503717
     -37.0346539092263356      -74.2098977420242392      117.1560779580196225
     -37.5494942022179075      -74.2085248695533437      117.1658985505515602
     -38.0669741125899534      -74.2078064419401215      117.1755965295855333
     -38.5863992656715808      -74.2077743447370324      117.1851449718421492
     -39.1070709778649146      -74.2084569173621844      117.1945175088831519
     -39.6282881950723578      -74.2098784911238880      117.2036884795516301
     -40.1493494831111946      -74.2120590691420290      117.2126332435691580
     -40.6695556636779187      -74.2150140517466781      117.2213282389356124
     -41.1882124581000539      -74.2187543719148692      117.2297510592731555
     -41.7046324611293429      -74.2232866205345232      117.2378802813605745
     -42.2181369828051274      -74.2286133021587773      117.2456954491555905
     -42.7280578248103353      -74.2347330725126255      117.2531769921917686
     -43.2337389889142472      -74.2416409669971671      117.2603060997674902
     -43.7345383190449084      -74.2493287700205826      117.2670647917158675
     -44.2298290868258377      -74.2577853416147775      117.2734358961571814
     -44.7190015373239547      -74.2669970019698269      117.2794030881399294
     -45.2014644152615119      -74.2769478022557621      117.2849507053839773
     -45.6766465118685332      -74.2876198177914659      117.2900635317768518
     -46.1439975472317840      -74.2990406523420148      117.2946960452418352
     -46.6029864542197103      -74.3115770512057026      117.2985877705758071
     -47.0531093544784440      -74.3257029804974962      117.3014106106776921
     -47.4938911775322481      -74.3418289203699629      117.3028768907529127
     -47.9248803053820325      -74.3602983817173424      117.3027411188102462
     -48.3456457942327944      -74.3813858720675398      117.3008016911859670
     -48.7557752673555456      -74.4052952171813331      117.2969016107861648
     -49.1548731879541805      -74.4321590276389600      117.2909294019813728
     -49.5425602061285844      -74.4620386392743967      117.2828190043108094
     -49.9184743234726085      -74.4949253280540233      117.2725494912728976
     -50.2822742052334490      -74.5307428236517779      117.2601440462390912
     -50.6336442316196838      -74.5693511973945675      117.2456677764497073
     -50.9723001573211292      -74.6105522744578735      117.2292244541414306
     -51.2979944244443260      -74.6540965362642339      117.2109524936165883
     -51.6105213793692670      -74.6996912305230580      117.1910200866538929
     -51.9097185055259729      -74.7470092170410965      117.1696198563061841
     -52.1954652132497685      -74.7956976379242633      117.1469636115963340
     -52.4676818385507815      -74.8453859553703325      117.1232769865720940
     -52.7263288309958185      -74.8956936349701010      117.0987944435711086
     -52.9714060588213727      -74.9462372590018049      117.0737543813974213
     -53.2029521681718123      -74.9966374992506246      117.0483951179476350
     -53.4210439747134131      -75.0465254148779763      117.0229510125190160
     -53.6257958624775029      -75.0955480195703160      116.9976487379926908
     -53.8173591681774255      -75.1433731781566934      116.9727038804777948
     -53.9959215351945687      -75.1896939754695381      116.9483181534033918
     -54.1617062264804403      -75.2342323360460199      116.9246769243445954
     -54.3149713864869099      -75.2767419278988967      116.9019471276911872
     -54.4560092442251644      -75.3170103795328316      116.8802756060966033
     -54.5851452514369768      -75.3548608126852884      116.8597878586644185
     -54.7027371516076499      -75.3901527795799069      116.8405872852004705
     -54.8091739767835335      -75.4227825758428168      116.8227548120986938
     -54.9048749706200780      -75.4526829700976833      116.8063488750030672
     -54.9902884373231160      -75.4798224169058045      116.7914057562859114
     -55.0658905171611082      -75.5042038082929849      116.7779402434760101
     -55.1321838900971173      -75.5274001806181445      116.7649521718697940
     -55.1896964099697271      -75.5511673733982008      116.7513221092714701
     -55.2389796719083819      -75.5751551411546956      116.7372929098798267
     -55.2806075165826627      -75.5990439989803065      116.7230886083316648
     -55.3151744750588676      -75.6225463879374473      116.7089135698488036
     -55.3432941582927427      -75.6454006806644514      116.6949562705452621
     -55.3655975956058128      -75.6673654098361084      116.6813929360264694
     -55.3827315266555331      -75.6882130417123875      116.6683914772459758
     -55.3953566515818778      -75.7077223840847324      116.6561163176067453
     -55.4041458441211176      -75.7256681188150083      116.6447350928846163
     -55.4097823325752046      -75.7418045189509428      116.6344291348457602
     -55.4129578536077432      -75.7558368848316661      116.6254119404320164
     -55.4143707839005586      -75.7673674465603568      116.6179642387438236
     -55.4147242547548728      -75.7766945792874083      116.6119145646797506
     -55.4143707839005586      -75.7860114058941576      116.6058490306412949
     -55.4129578536077432      -75.7975007725261349      116.5983379342758184
     -55.4097823325752046      -75.8114405629006143      116.5891782764426239
     -55.4041458441211034      -75.8274126750655455      116.5786194974681251
     -55.3953566515818352      -75.8451023104204438      116.5668441642583986
     -55.3827315266551281      -75.8642439553622268      116.5540031591229848
     -55.3655975956030133      -75.8845929016332832      116.5402342785976657
     -55.3432941582777715      -75.9059090523629152      116.5256728539125248
     -55.3151744749926522      -75.9279465478440159      116.5104585944002622
     -55.2806075163316279      -75.9504462706647843      116.4947405641700584
     -55.2389796710700622      -75.9731297199463427      116.4786812729563223
     -55.1896964074525229      -75.9956933419637437      116.4624604720442136
     -55.1321838831943722      -76.0178026406713343      116.4462790963166157
     -55.0658904996632472      -76.0390934273753771      116.4303585447193399
     -54.9902883956202260      -76.0613018507458492      116.4135490872565555
     -54.9048748760087548      -76.0859808166875382      116.3948195899927640
     -54.8091737714440796      -76.1131179781538663      116.3741614086174962
     -54.7027367235205233      -76.1426673486757579      116.3515886409593492
     -54.5851443912047145      -76.1745481861157572      116.3271390047084424
     -54.4560075731404609      -76.2086443521096299      116.3008744268719710
     -54.3149682402880103      -76.2448041978594517      116.2728813099009955
     -54.1617004727396676      -76.2828410012733400      116.2432704167486008
     -53.9959112939222408      -76.3225339894454180      116.2121763508204850
     -53.8173413947375394      -76.3636300319957400      116.1797567082545299
     -53.6257657390792914      -76.4058459499192963      116.1461907912964762
     -53.4209940413540707      -76.4488714482043861      116.1116778976748520
     -53.2028711057299120      -76.4923726280532463      116.0764351525854892
     -52.9712770156947528      -76.5359960038277904      116.0406948371989131
     -52.7261271596216972      -76.5793731828728994      116.0047015565644983
     -52.4673720781568207      -76.6221259685403027      115.9687090227804731
     -52.1949971180307912      -76.6638717028498746      115.9329763552238006
     -51.9090218689449046      -76.7042287589181626      115.8977639838187059
     -51.6094993379912808      -76.7428225605485324      115.8633299917217272
     -51.2965148250088703      -76.7792914976643033      115.8299262584540656
     -50.9701844138902587      -76.8132927461528396      115.7977947960944363
     -50.6306531254382648      -76.8445074786309732      115.7671639540515400
     -50.2780953258088275      -76.8726457641983956      115.7382449669545821
     -49.9127188704961711      -76.8974518590467540      115.7112284517466207
     -49.5347691185566816      -76.9187100073910983      115.6862804760203147
     -49.1445330003037668      -76.9362508175553899      115.6635384231522465
     -48.7423422419599817      -76.9499579903676647      115.6431064342215649
     -48.3285746320416720      -76.9597750040636157      115.6250504372996062
     -47.9036529124847448      -76.9657114913509020      115.6093933500730913
     -47.4680416929462936      -76.9678490736510668      115.5961111357167823
     -47.0222431413620328      -76.9663457003572518      115.5851290918889589
     -46.5667921689638078      -76.9614390530612553      115.5763197119686794
     -46.1022508339219357      -76.9534480361459430      115.5695010082779390
     -45.6292000986341080      -76.9427717430754257      115.5644374130970249
     -45.1482385001221758      -76.9297213332007743      115.5609518354559242
     -44.6599871065779297      -76.9142908698571262      115.5590778981090523
     -44.1650846847058887      -76.8964450619963884      115.5588667650281849
     -43.6641853043533459      -76.8761664587104576      115.5603565104416361
     -43.1579565301381933      -76.8534553471265411      115.5635721368412305
     -42.6470775230468107      -76.8283294969603503      115.5685257465245144
     -42.1322370926918239      -76.8008236138774834      115.5752166747247287
     -41.6141317351286304      -76.7709885969065766      115.5836317253834977
     -41.0934636728864220      -76.7388906820632997      115.5937456181900131
     -40.5709389183045843      -76.7046104395429609      115.6055215727283212
     -40.0472653695685423      -76.6682417049494092      115.6189121178278185
     -39.5231509556111149      -76.6298902613303738      115.6338598104831448
     -38.9993018884177332      -76.5896725880355262      115.6502982835970812
     -38.4764215821881166      -76.5477145133892236      115.6681530796620478
     -37.9552095400553071      -76.5041501559596497      115.6873425092527015
     -37.4363596072368097      -76.4591208427208500      115.7077784121769071
     -36.9205581900841295      -76.4127740173746020      115.7293669872811250
     -36.4084825055388990      -76.3652621539678478      115.7520096902891567
     -35.9007988717544677      -76.3167415888628113      115.7756040402178570
     -35.3981610299509555      -76.2673714423536637      115.8000445666267666
     -34.9012085144925024      -76.2173124491187508      115.8252235974412088
     -34.4105650574557416      -76.1667259128978884      115.8510321889753811
     -33.9268370447828858      -76.1157726055133992      115.8773609017285651
     -33.4506120130688629      -76.0646117696645234      115.9041006423103539
     -32.9824571993169258      -76.0134001217516868      115.9311433941094549
     -32.5229181368520699      -75.9622909833701101      115.9583830150255039
     -32.0725173071343690      -75.9114334128967840      115.9857158912534203
     -31.6317528445219303      -75.8609713671352921      116.0130414796760761
     -31.2010972644358304      -75.8110429615035173      116.0402628466029853
     -30.7809962116777420      -75.7617798363896640      116.0672872525095158
     -30.3718673656075318      -75.7133065323998409      116.0940265891262158
     -29.9740994251227235      -75.6657400095558614      116.1203978230140876
     -29.5880511620504976      -75.6191892089008917      116.1463232877652985
     -29.2140505259161252      -75.5737547357805681      116.1717309511663387
     -28.8523938233532320      -75.5295285901710542      116.1965545506316033
     -28.5033449561011558      -75.4865940281486161      116.2207337364305175
     -28.1671347324891066      -75.4450254867440009      116.2442141313536297
     -27.8439602550663352      -75.4048885667579469      116.2669473127761819
     -27.5339843773248738      -75.3662401150909176      116.2888907970267809
     -27.2373352470816847      -75.3291283348038121      116.3100079324060943
     -26.9541059305159898      -75.2935929547551979      116.3302677673811161
     -26.6843541180687431      -75.2596654582246885      116.3496449108921951
     -26.4281019230561860      -75.2273693267188435      116.3681193347658223
     -26.1853357705481002      -75.1967203130246133      116.3856761570420986
     -25.9560063749854066      -75.1677267562632494      116.4023054422924019
     -25.7400288238811612      -75.1403898999524529      116.4180019697516713
     -25.5372827638129820      -75.1147042197935093      116.4327649843892090
     -25.3476126647954132      -75.0906577592139541      116.4465979513190206
     -25.1708281772676727      -75.0682324662939777      116.4595083225761556
     -25.0067045881791898      -75.0474045175251092      116.4715073022568248
     -24.8549833740591239      -75.0281446306930064      116.4826096198639931
     -24.7153728499470340      -75.0104183642703077      116.4928333123465620
     -24.5875489120487885      -74.9941864040652462      116.5021995187927786
     -24.4711558716731403      -74.9794048383005958      116.5107322907442722
     -24.3658073792503096      -74.9660254162664472      116.5184584101024825
     -24.2710874353194725      -74.9539957936900265      116.5254072175220443
     -24.1865514856350288      -74.9432597665851574      116.5316104507203789
     -24.1117275974014014      -74.9337574955083170      116.5371020913640336
     -24.0461185445954300      -74.9254137414765466      116.5419259284528977
     -23.9895588824567518      -74.9130102548785288      116.5494344376904934
     -23.9416582306687964      -74.8942296045327822      116.5611110529253125
     -23.9016922356162951      -74.8712490705654119      116.5755466905270765
     -23.8689559555349824      -74.8456698661956636      116.5917038428676165
     -23.8427508588325310      -74.8187276395376557      116.6087813099831720
     -23.8223784438492636      -74.7914081728050917      116.6261396935629904
     -23.8071370098490931      -74.7645182992042834      116.6432556120593205
     -23.7963199987017049      -74.7387347818497432      116.6596900694176071
     -23.7892150327591239      -74.7146437081498078      116.6750629390663505
     -23.7851029777463694      -74.6927800184812867      116.6890274058467014
     -23.7832561881885276      -74.6736792605023254      116.7012366270255797
     -23.7829345315222049      -74.6579617636237174      116.7112896871814200
     -23.7834619579009861      -74.6452543636805643      116.7194216719285720
