  -66.350468639831718        85.613601466144701      -0.19680808600895733     
  -64.826468639831717        85.663178791865121      -0.19692205410019828     
  -63.302468639831716        85.712756117585542      -0.19703602219143923     
  -61.778468639831715        85.762333443305963      -0.19714999028268018     
  -55.672984255576239        85.960951283200416      -0.19760657191087902     
  -55.665104014241372        85.961207635753837      -0.19760716121275793     
  -55.653784488347796        85.961576468372215      -0.19760800908317575     
  -55.638422325410147        85.962078150704542      -0.19760916234774348     
  -55.618425048349714        85.962733144429720      -0.19761066804334346     
  -55.593212645531160        85.963562088337198      -0.19761257361284501     
  -55.562219126348225        85.964585898464676      -0.19761492713231407     
  -55.524894038221618        85.965825881409444      -0.19761777756245977     
  -55.480703940977570        85.967303858783836      -0.19762117501034779     
  -55.429133834691648        85.969042300661613      -0.19762517097682472     
  -55.369688537208361        85.967581312051806      -0.19762181149529040     
  -55.301894007683984        85.969269584142907      -0.19762569000098940     
  -55.225298612648153        85.971139003583886      -0.19762998144097907     
  -55.139474331162091        85.973190109543225      -0.19763468294132572     
  -55.044017893982605        85.975423170950634      -0.19763978693833423     
  -54.938551855981785        85.977838921129162      -0.19764527951774619     
  -54.822725600802883        85.980439491189045      -0.19765113694350256     
  -54.696216271830416        85.983229431321959      -0.19765731888400659     
  -54.558729628129804        85.986216816278997      -0.19766375656401960     
  -54.410000823268682        85.989414395225765      -0.19767033329464248     
  -54.249795105110934        85.992840735544348      -0.19767685391510847     
  -54.077908433485241        85.996521269247836      -0.19768299844697185     
  -53.894168012812273        86.000489143899387      -0.19768825381016125     
  -53.698432747795529        86.004786028884993      -0.19769181622375709     
  -53.490593613609839        86.009462633256504      -0.19769245375275829     
  -53.270573940793298        86.014578894253077      -0.19768831609380005     
  -53.038329607182391        86.020203611901692      -0.19767667464560990     
  -52.793849144266012        86.026413663273729      -0.19765357211005904     
  -52.537153778667729        86.033293250098851      -0.19761335536692398     
  -52.268297381725475        86.040932519968948      -0.19754805433821845     
  -51.987366319228883        86.049425386112802      -0.19744655861642937     
  -51.694479237896751        86.058867333854295      -0.19729352851618523     
  -51.389786793920287        86.069353321301620      -0.19706795178674305     
  -51.073471271296299        86.080974767883490      -0.19674142980262530     
  -50.745746107338178        86.093816505924735      -0.19627692172639674     
  -50.406855355235741        86.107954606264201      -0.19562831459118138     
  -50.057072989856181        86.123453206913311      -0.19474086381858036     
  -49.696702131844312        86.140362007943651      -0.19355257120759481     
  -49.326074205348121        86.158714706799501      -0.19199634456468626     
  -48.945547946231855        86.178526474854081      -0.19000262036039450     
  -48.555508407262657        86.199793389026325      -0.18750211256250723     
  -48.156365860115855        86.222491443153146      -0.18442840488456991     
  -47.748554646692241        86.246576224085331      -0.18072026609972994     
  -47.332532011277365        86.271983718796221      -0.17632357407996260     
  -46.908776852993796        86.298630541789592      -0.17119238731166742     
  -46.477788505172214        86.326440502052620      -0.16528900028242005     
  -46.040085425765376        86.355378642287619      -0.15858379778109621     
  -45.596203869653465        86.385408922358735      -0.15105512990543898     
  -45.146696506434061        86.416486774638017      -0.14268920095711141     
  -44.692130995807076        86.448559654512081      -0.13347993142470443     
  -44.233088544844136        86.481566974012026      -0.12342873433482587     
  -43.770162406457757        86.515440767379388      -0.11254423534271936     
  -43.303956392543625        86.550106059009593      -0.10084189307824407     
  -42.835083305614837        86.585481625169308       -8.8343557345049784E-002
  -42.364163408519332        86.621480582022699       -7.5076937702657567E-002
  -41.891822802427150        86.658011274206658       -6.1075017279666459E-002
  -41.418691869529077        86.694978095428226       -4.6375396979981075E-002
  -40.945403605603680        86.732282440982246       -3.1019603250176227E-002
  -40.472592042938807        86.769823686890390       -1.5052444342633635E-002
  -40.000890537499011        86.807500116875588        1.4784115071395294E-003
  -39.530930173016252        86.845209967036880        1.8522776897804835E-002
  -39.063338023297057        86.882852272068348        3.6028293408646384E-002
  -38.598735559500597        86.920327916195205        5.3940790963541395E-002
  -38.137736906487135        86.957540328295025        7.2204653004298597E-002
  -37.680947267451351        86.994396473278655        9.0763186584255542E-002
  -37.228961192625533        87.030807344231533       0.10955899211575798     
  -36.782361038304195        87.066688848163309       0.12853433124991631     
  -36.341715268683487        87.101962059715362       0.14763148992848793     
  -35.907576966745637        87.136553967803266       0.16679313045590075     
  -35.480482195642601        87.170397490420498       0.18596263804496543     
  -35.060948573760570        87.203432045950535       0.20508444391138411     
  -34.649473733692453        87.235603390950558       0.22410434665093137     
  -34.246533958570616        87.266863915596502       0.24296979554075185     
  -33.852582793563201        87.297172483136919       0.26163018150795087     
  -33.468049733120836        87.326494332626467       0.28003710324331232     
  -33.093339034153225        87.354801130975687       0.29814464935855706     
  -32.728828461217759        87.382070283898429       0.31590962188058308     
  -32.374868276097608        87.408285062059107       0.33329172939409279     
  -32.031780154740723        87.433433948449021       0.35025374264834536     
  -31.699856270122094        87.457510445027026       0.36676160017825349     
  -31.379358476435979        87.480512909192157       0.38278449410606896     
  -31.070517475635619        87.502443750461623       0.39829490787190369     
  -30.773532186623338        87.523309346970777       0.41326862447780316     
  -30.488569166696813        87.543119690664980       0.42768471449118006     
  -30.215762078322772        87.561887720069564       0.44152548820215903     
  -29.955211321132705        87.579629172162555       0.45477642891938735     
  -29.706983747943134        87.596362359899743       0.46742611290905450     
  -29.471112432033198        87.612107622578392       0.47946610811498086     
  -29.247596564109795        87.626887061759632       0.49089086233704465     
  -29.036401463068920        87.640724452068667       0.50169758465166847     
  -28.837458661227490        87.653644977685033       0.51188612103743580     
  -28.650666076785207        87.665674917482889       0.52145881847642139     
  -28.475888296088065        87.676841492261062       0.53042038857845286     
  -28.312956952310373        87.687172761882522       0.53877777554695372     
  -28.161671197994000        87.696697559898340       0.54654003053580180     
  -28.021798259177281        87.705445344983971       0.55371819235881792     
  -27.893074080714502        87.713446095355380       0.56032517490484923     
  -27.775204062249088        87.720730261783743       0.56637566279265950     
  -27.667863878707031        87.727328734957212       0.57188601448477383     
  -27.570700382639480        87.733272824139291       0.57687417233638627     
  -27.483332585788578        87.738594247464817       0.58135957874199762     
  -27.405352716909142        87.743325132458835       0.58536309727954294     
  -27.336327351816234        87.747498013259843       0.58890693753824608     
  -27.275799235967511        87.754649692979100       0.59205888317522615     
  -27.223286040673553        87.757713861114610       0.59475391735518601     
  -27.178285489755972        87.760360980819954       0.59706375571092918     
  -27.140274183950858        87.762612292453895       0.59901510227548060     
  -27.108709692543862        87.764492444095765       0.60063567666093820     
  -27.083032044003293        87.766029083551174       0.60195413201513304     
  -27.062665262346187        87.767252457647942       0.60299997095179525     
  -27.047018944833052        87.768195024089366       0.60380345964282189     
  -27.035489876490637        87.768891080824446       0.60439554033535425     
  -27.027463676878831        87.769376417526146       0.60480774259132686     
  -27.022316474449902        87.769687993352306       0.60507209355931268     
  -27.019416603795101        87.769863644696898       0.60522102758719976     
  -27.018126321036284        87.769941826134286       0.60528729547759075     
  -20.921803532599188        88.139333167004878       0.91838955742120643     
  -19.397803532599188        88.231676112584225       0.99666097836812795     
  -17.873803532599190        88.324019058163572        1.0749323993150492     
  -16.349803532599189        88.416362003742918        1.1532038202619708     
