     -21.9049245424437231      129.8636729480593885       -0.5467074340635416
     -21.9058948302550789      129.8635986019351662       -0.5610135130907430
     -21.9080148027318877      129.8634922570925312       -0.5786108358864237
     -21.9119660267654979      129.8633415778163851       -0.5998502373662866
     -21.9183757781209003      129.8631398268487942       -0.6239617186554240
     -21.9278693192981855      129.8628801200242435       -0.6502714965978118
     -21.9410639154885985      129.8625560296439119       -0.6781071025333413
     -21.9585644960233601      129.8621620339791036       -0.7067390463397480
     -21.9809599536542883      129.8616939194778297       -0.7353362550694923
     -22.0088194801646360      129.8611491973288707       -0.7629216407196850
     -22.0426884606549010      129.8605275814489062       -0.7883169420451299
     -22.0830833015813397      129.8598315890837682       -0.8100626729054666
     -22.1304840565598901      129.8590673771413151       -0.8262875071288192
     -22.1853223464288725      129.8582460682871158       -0.8344706434866502
     -22.2628346740460259      129.8546011747445448       -1.1658451275059465
     -22.3348791934776152      129.8534913335477086       -1.1756405542514075
     -22.4162737018599429      129.8522297028908099       -1.1867064238550409
     -22.5074719697585657      129.8508063883207910       -1.1991036141268636
     -22.6089012025786396      129.8492113980157399       -1.2128889652797730
     -22.7209608541675117      129.8474346371342278       -1.2281149853120101
     -22.8440215094981980      129.8454659078866769       -1.2448295424847686
     -22.9784238395290892      129.8432949162179000       -1.2630755449071329
     -23.1244776311815841      129.8409112868343129       -1.2828906076357780
     -23.2824608964505266      129.8383046031955246       -1.3043067082778945
     -23.4526190605747082      129.8354644467602839       -1.3273498321732808
     -23.6351642309698775      129.8323804308256513       -1.3520396089898763
     -23.8302745512939751      129.8290422540764268       -1.3783889435119530
     -24.0380936419819982      129.8254397651820113       -1.4064036437565031
     -24.2587301330487506      129.8215630728256826       -1.4360820507264633
     -24.4922572933517699      129.8174026633293181       -1.4674146734619942
     -24.7387127736156849      129.8129494623689482       -1.5003838288803273
     -24.9980984418039114      129.8081949395237871       -1.5349632912119389
     -25.2703803133110938      129.8031312953671659       -1.5711179617425424
     -25.5554885798658553      129.7977516217869720       -1.6088035650183012
     -25.8533177320029601      129.7920499664977569       -1.6479663777522489
     -26.1637268041254849      129.7860215240035302       -1.6885430006259714
     -26.4865397361559900      129.7796628848289515       -1.7304601800624946
     -26.8215458178396737      129.7729720683007031       -1.7736346841490556
     -27.1685002709118422      129.7659487355830663       -1.8179732454711199
     -27.5271249470767962      129.7585944203038935       -1.8633725764064031
     -27.8971091059110350      129.7509125284122149       -1.9097194603372460
     -28.2781103523339645      129.7429086227886330       -1.9568909324691184
     -28.6697556480225941      129.7345904718155793       -2.0047545486792830
     -29.0716424430740474      129.7259681305925199       -2.0531687509051557
     -29.4833399333450927      129.7170541201267326       -2.1019833340181977
     -29.9043903735928644      129.7078633329657293       -2.1510400109192558
     -30.3343105047673518      129.6984132106463505       -2.2001730901766328
     -30.7725928614859612      129.6887235899371547       -2.2492102824611950
     -31.2187072795015759      129.6788167887834220       -2.2979736459933933
     -31.6721024636695958      129.6687174170969570       -2.3462806407848018
     -32.1322076789820912      129.6584523223196470       -2.3939452905319900
     -32.5984344472575458      129.6480503668781523       -2.4407794386592068
     -33.0701783423734668      129.6375422468725276       -2.4865940918706331
     -33.5468207815951018      129.6269602344555665       -2.5312008368304326
     -34.0277308985927007      129.6163379364446087       -2.5744133175941473
     -34.5122673938861482      129.6057099769143690       -2.6160487562767534
     -34.9997804528335976      129.5951116265299561       -2.6559295001076175
     -35.4896136224151846      129.5845784857963281       -2.6938845786476979
     -35.9811057408525201      129.5741460588600944       -2.7297512485766156
     -36.4735928099250799      129.5638494426748650       -2.7633765107422161
     -36.9664098999856208      129.5537228572425761       -2.7946185735875240
     -37.4588930872386783      129.5437993572651294       -2.8233482440467594
     -37.9503823823198090      129.5341103648055423       -2.8494501138669515
     -38.4402246534991221      129.5246853843850090       -2.8728234314101542
     -38.9277755612553946      129.5155516513997611       -2.8933828019250423
     -39.4124012883714627      129.5067338703849202       -2.9110587691393071
     -39.8934801799619407      129.4982540186613846       -2.9257982704051231
     -40.3704042853050495      129.4901310876416005       -2.9375649551481620
     -40.8425808120800298      129.4823810701643367       -2.9463393665852657
     -41.3094335110999111      129.4750166963628999       -2.9521189686036080
     -41.7704040090395736      129.4680476045917317       -2.9549180261765522
     -42.2249531323285936      129.4614801056589783       -2.9547673118993334
     -42.6725622710139305      129.4553175003545107       -2.9517136497155270
     -43.1127337673897912      129.4495624170548638       -2.9457090315237537
     -43.5449874898161866      129.4442326541918078       -2.9359302274154602
     -43.9688719192644868      129.4393483902154287       -2.9213185519795166
     -44.3839657276312778      129.4349231641469942       -2.9009762964101831
     -44.7898689331140289      129.4309637453606001       -2.8741726284316793
     -45.1861979209169533      129.4274700260702957       -2.8403456845890962
     -45.5725814925119721      129.4244353469810562       -2.7991024430607725
     -45.9486575115440203      129.4218462892470711       -2.7502164222540793
     -46.3140712059666129      129.4196837116965071       -2.6936232926399959
     -46.6684762200207217      129.4179229011851930       -2.6294143254872462
     -47.0115389634750471      129.4165345259912954       -2.5578276283239658
     -47.3429456206564581      129.4154854950888591       -2.4792370975531224
     -47.6624101338855581      129.4147395566338616       -2.3941391936520393
     -47.9696817878887387      129.4142587760507865       -2.3031378707872383
     -48.2645527028408523      129.4140044088482568       -2.2069279477125163
     -48.5468594580868142      129.4139378023390350       -2.1062775366431303
     -48.8164811271517749      129.4140217345222084       -2.0020104895425339
     -49.0733376331147966      129.4142211822993147       -1.8949892091649130
     -49.3173884448123871      129.4145038238050915       -1.7860980128445518
     -49.5486315029167059      129.4148408017859140       -1.6762272399319789
     -49.7671022899425139      129.4152071125267867       -1.5662582701308825
     -49.9728729941415537      129.4155817043650245       -1.4570496183271961
     -50.1660517331226004      129.4159474417378703       -1.3494242520358846
     -50.3467818127936511      129.4162911370419238       -1.2441582533877962
     -50.5152409931895932      129.4166033190514327       -1.1419709153844719
     -50.6716407453973616      129.4168778844469045       -1.0435163404200425
     -50.8162254847116728      129.4171116692766645       -0.9493765789146090
     -50.9492717682728724      129.4173039806897805       -0.8600563174330684
     -51.0710874485735289      129.4174561511316313       -0.7759790981372179
     -51.1820107726643343      129.4175710635589667       -0.6974850245207588
     -51.2824094222868752      129.4176526942031273       -0.6248298851312281
     -51.3726794912645843      129.4177056941069566       -0.5581856050714464
     -51.4532443979304972      129.4177350212501665       -0.4976419161726450
     -51.5245537317854669      129.4177456310660830       -0.4432091209678006
     -51.5870820320703984      129.4183102159744578       -0.0941745180884961
     -51.6413275175062338      129.4181906600127832       -0.0683725273359580
     -51.6878107194503045      129.4180877917602288       -0.0421919573273329
     -51.7270730967733243      129.4179989789782894       -0.0160004308923128
     -51.7596755700239228      129.4179220867223137        0.0098697843834707
     -51.7861970099481610      129.4178554060560771        0.0351150867810762
     -51.8072326776080203      129.4177975861079233        0.0594541018820318
     -51.8233926202699351      129.4177475715048615        0.0826207330075758
     -51.8353000273704652      129.4177045475468617        0.1043556750892689
     -51.8435895509847953      129.4176678963674760        0.1243946935265821
     -51.8489055953244744      129.4176371695171497        0.1424503611616832
     -51.8519005798765278      129.4176120878886422        0.1581799814585372
     -51.8532331808669937      129.4175925905233839        0.1711247928888284
     -51.8535665557902874      129.4175775458125202        0.1816088584725941
     -51.8532331808669937      129.4175631664018056        0.1920929249899898
     -51.8519005798765278      129.4175463334198071        0.2050377401591517
     -51.8489055953244744      129.4175272689716110        0.2207673688997833
     -51.8435895509847953      129.4175073215530460        0.2388230516614255
     -51.8353000273704438      129.4174877320655241        0.2588620940410380
     -51.8233926202696509      129.4174697556356648        0.2805970712713513
     -51.8072326776060166      129.4174547517153542        0.3037637515265065
     -51.7861970099373963      129.4174442627542874        0.3281028330451398
     -51.7596755699763236      129.4174400909351164        0.3533482231558489
     -51.7270730965928607      129.4174443768161495        0.3792185523292358
     -51.6878107188476719      129.4174596814009135        0.4054102248037317
     -51.6413275156966876      129.4174890721531881        0.4315909801905384
     -51.5870820271081811      129.4175362130574740        0.4573932042135324
     -51.5245537056570981      129.4159920471086309        0.8064248461368031
     -51.4532443356574163      129.4158286690609714        0.8608573926016985
     -51.3726793499833150      129.4156294234001905        0.9214007497284946
     -51.2824091156515678      129.4153893838316662        0.9880445935242810
     -51.1820101333842601      129.4151038446479731        1.0606991634910479
     -51.0710861639232476      129.4147686381582787        1.1391924933427147
     -50.9492692726506320      129.4143805075864293        1.2232687314891937
     -50.8162207859999100      129.4139375273816484        1.3125876738456419
     -50.6716321521712487      129.4134395589695146        1.4067256147743390
     -50.5152256973161187      129.4128887206860554        1.5051776017558951
     -50.3467552662853421      129.4122898254950940        1.6073611557450791
     -50.1660067389180995      129.4116508382734594        1.7126214940843500
     -49.9727984074633937      129.4109832910468185        1.8202382629725256
     -49.7669811996835492      129.4103026167319115        1.9294337556908476
     -49.5484387306127374      129.4096283657370350        2.0393825601659721
     -49.3170871612414814      129.4089841604667868        2.1492225437571468
     -49.0728748476572534      129.4083977215353229        2.2580670561350646
     -48.8157817493710056      129.4079007657225873        2.3650181888324591
     -48.5458185583794304      129.4075286226979529        2.4691808945975096
     -48.2630254982506131      129.4073194915229124        2.5696777348987574
     -47.9674707300002652      129.4073139797602323        2.6656640022753857
     -47.6592482408818796      129.4075544014081061        2.7563429046141805
     -47.3384752336393007      129.4080835361996833        2.8409804601644750
     -47.0052929481119861      129.4089438096544029        2.9189199406381809
     -46.6598731528260373      129.4101763698486423        2.9895962538872913
     -46.3024245004772794      129.4118194842399419        3.0525502963834130
     -45.9331990890271626      129.4139077464867569        3.1074430845495331
     -45.5524978311500561      129.4164708880404930        3.1540694236090361
     -45.1606729616470375      129.4195325285620868        3.1923707165287949
     -44.7581270810610903      129.4231096904596825        3.2224463855449734
     -44.3453092756564473      129.4272114862993988        3.2445633098402409
     -43.9227094572804901      129.4318392306217902        3.2591628815505236
     -43.4908519723035880      129.4369859245924488        3.2668653210713146
     -43.0502880653049260      129.4426365463348532        3.2684710532806154
     -42.6015843912475916      129.4487683051878548        3.2649566389489117
     -42.1453218703464358      129.4553609213012635        3.2570783669410961
     -41.6821039472928518      129.4624101508021852        3.2448322502681228
     -41.2125502269085615      129.4699105262345711        3.2281341973248669
     -40.7372938303108469      129.4778525783015937        3.2069306636170491
     -40.2569796362091736      129.4862228123263606        3.1811987985556063
     -39.7722624043778126      129.4950037808667105        3.1509462926080176
     -39.2838048348929334      129.5041742635373794        3.1162109199531409
     -38.7922756223050982      129.5137093982383476        3.0770597765605219
     -38.2983475156048812      129.5235810655416628        3.0335882317637757
     -37.8026954364849530      129.5337580521371308        2.9859185985328747
     -37.3059946334962476      129.5442065969076850        2.9341985582321306
     -36.8089189326011308      129.5548906116683554        2.8785993486228869
     -36.3121391251841743      129.5657722988241574        2.8193137665360095
     -35.8163223841497143      129.5768124166190205        2.7565541080487037
     -35.3221316063351694      129.5879708601599702        2.6905502011285924
     -34.8302238339225454      129.5992070076008815        2.6215473820287118
     -34.3412485853813010      129.6104802635056785        2.5498043887095481
     -33.8558462468184302      129.6217504420260127        2.4755911884901205
     -33.3746464869144290      129.6329782278520781        2.3991867704397367
     -32.8982667182748614      129.6441255380379971        2.3208769241040148
     -32.4273106019960267      129.6551559323446838        2.2409520318429199
     -31.9623665836948589      129.6660348976316470        2.1597048948918851
     -31.5040064877446575      129.6767301351516437        2.0774286175926666
     -31.0527841351938747      129.6872117532645063        1.9944145684592924
     -30.6092340288733133      129.6974525088642736        1.9109504388883796
     -30.1738700622350002      129.7074278965994267        1.8273184126393704
     -29.7471842927779910      129.7171162842762158        1.7437934633580430
     -29.3296457528834438      129.7264989309781242        1.6606417893158827
     -28.9216992562183712      129.7355599767175249        1.5781193899328456
     -28.5237642199294008      129.7442864518895931        1.4964707733756344
     -28.1362336405843720      129.7526681080800017        1.4159278157725075
     -27.7594732124071690      129.7606974564325810        1.3367087968514395
     -27.3938204332566606      129.7683694645338619        1.2590176054198172
     -27.0395838175608993      129.7756815505426005        1.1830431180907288
     -26.6970421248789194      129.7826333326822237        1.1089587392690543
     -26.3664436495512042      129.7892264061778178        1.0369220974304503
     -26.0480055964241046      129.7954642806844276        0.9670748886788361
     -25.7419134779624947      129.8013520390609301        0.8995428526238460
     -25.4483206053954412      129.8068961894572908        0.8344358721975881
     -25.1673476540148542      129.8121045468294312        0.7718481824735463
     -24.8990822769884481      129.8169859273971554        0.7118586734764659
     -24.6435788144673431      129.8215499914361715        0.6545312753475221
     -24.4008580905715569      129.8258071567286152        0.5999154111798992
     -24.1709072756312224      129.8297683669396747        0.5480465029533174
     -23.9536798418597030      129.8334449312884828        0.4989465189933944
     -23.7490956269681419      129.8368484230425395        0.4526245525397090
     -23.5570409982146494      129.8399906025304915        0.4090774236709195
     -23.3773690742398372      129.8428832712873771        0.3682902895451669
     -23.2099000402156790      129.8455381833299214        0.3302372520221239
     -23.0544215589721340      129.8479669824211271        0.2948819555003013
     -22.9106892764516346      129.8501811548240710        0.2621781693823417
     -22.7784274207816431      129.8521920012904900        0.2320703509914370
     -22.6573294899437840      129.8540105899575110        0.2044941860141585
     -22.5470590300737470      129.8556477338580351        0.1793771049918362
     -22.4472505014372601      129.8571139851987937        0.1566387754413258
     -22.3575102288710568      129.8584196378708100        0.1361915703021927
     -22.2774174340242688      129.8595747371884386        0.1179410143880575
     -22.2065253465548480      129.8605890957898055        0.1017862112902673
     -22.1587011774826799      129.8610879599096961       -0.2351769140201722
     -22.1048047314957330      129.8618179187395469       -0.2481975411934524
     -22.0590295435864441      129.8624153921036850       -0.2685678765766553
     -22.0207221716741550      129.8628928422311049       -0.2938153028912204
     -21.9892385233703394      129.8632618230981848       -0.3221184391163519
     -21.9639348163734844      129.8635337702058052       -0.3520693666652310
     -21.9441633411740042      129.8637203165041001       -0.3825428716214759
     -21.9292705140008302      129.8638333953263384       -0.4126162468128723
     -21.9185960752682050      129.8638852503682131       -0.4415139840331427
     -21.9114727996363641      129.8638884203124917       -0.4685631893070601
     -21.9072262308795018      129.8638557509856071       -0.4931488665483966
     -21.9051738307473869      129.8638005018644606       -0.5146554246016344
     -21.9046225247123196      129.8637366579497154       -0.5323716174531370
     -21.9049245424437231      129.8636729480593885       -0.5467074340635416
