     -14.2966634046434127      153.1924259890321594       -0.9836628268328376
     -14.2981996910311295      153.1923494225841580       -1.0004390760857884
     -14.3011777707422620      153.1922756190516850       -1.0210493674749144
     -14.3064080373052835      153.1922172809598806       -1.0458870405344796
     -14.3146060517431337      153.1921937932338267       -1.0740304983561457
     -14.3264876862690702      153.1922241865260617       -1.1046712349684575
     -14.3427594697637417      153.1923278325299407       -1.1370025346107382
     -14.3641118804906291      153.1925249566508569       -1.1701510690680037
     -14.3912137705851109      153.1928370959655012       -1.2031246512813856
     -14.4247068373640488      153.1932875750464120       -1.2347601330772056
     -14.4651992792347937      153.1939020534319411       -1.2636587079284491
     -14.5132575090511313      153.1947092138573510       -1.2880919914536550
     -14.5693938783960633      153.1957417198074438       -1.3058487527614204
     -14.6340459061287813      153.1970377332644944       -1.3139560393298979
     -14.7324135930714206      153.1956161956979940       -1.6734523725112640
     -14.8172892560304508      153.1973218699401116       -1.6824236934986558
     -14.9131820022092381      153.1992550458192284       -1.6925590039081642
     -15.0206270992462247      153.2014287711049860       -1.7039141314417903
     -15.1401286237950270      153.2038558698832276       -1.7165411747874799
     -15.2721580619130979      153.2065489350491987       -1.7304882193947813
     -15.4171529878116047      153.2095203174778533       -1.7457990409716959
     -15.5755158245830909      153.2127821112747199       -1.7625127974523029
     -15.7476126902143285      153.2163461345857343       -1.7806637104915455
     -15.9337723317924809      153.2202239055227437       -1.8002807378480288
     -16.1342851504885800      153.2244266128585934       -1.8213872383718637
     -16.3494023197455007      153.2289650812561774       -1.8440006317411093
     -16.5793349991111185      153.2338497309195304       -1.8681320555819183
     -16.8242536462956167      153.2390905316875092       -1.8937860231471475
     -17.0842874302602468      153.2446969517318109       -1.9209600852828306
     -17.3595237584946531      153.2506779014131268       -1.9496444996619562
     -17.6500079589316634      153.2570416737557082       -1.9798219021188082
     -17.9557430608101924      153.2637958808521716       -2.0114669826943983
     -18.2766896695898744      153.2709473866384826       -2.0445461788686918
     -18.6127659640182372      153.2785022374499988       -2.0790173921654618
     -18.9638478194431102      153.2864655995483076       -2.1148297341717597
     -19.3297690012532613      153.2948427961718210       -2.1519233235837891
     -19.7103214709362078      153.3036407292632077       -2.1902291324561856
     -20.1052559904710648      153.3128663440782589       -2.2296688404907132
     -20.5142827950997990      153.3225263939648642       -2.2701547617126949
     -20.9370723954887055      153.3326274259534898       -2.3115898359136682
     -21.3732565229644216      153.3431757597149954       -2.3538676879459772
     -21.8224292181709565      153.3541774593575724       -2.3968727606586846
     -22.2841480623992254      153.3656382976222119       -2.4404805267655205
     -22.7579355496044222      153.3775637121312911       -2.4845577843125053
     -23.2432805957651851      153.3899587534613715       -2.5289630396637692
     -23.7396401802119890      153.4028280249259524       -2.5735469811023393
     -24.2464410365371634      153.4161756118137703       -2.6181530546802980
     -24.7630812158002804      153.4300049943383897       -2.6626181934885160
     -25.2889318439298094      153.4443189533532745       -2.7067736981950614
     -25.8233390841662782      153.4591193366017592       -2.7504462320504857
     -26.3656263365775096      153.4744059345476899       -2.7934589095948903
     -26.9150962553885407      153.4901768340757258       -2.8356325137841139
     -27.4710328174954235      153.5064288413996962       -2.8767868083847259
     -28.0327035338621329      153.5231573840076180       -2.9167419227046913
     -28.5993617041145853      153.5403564087750397       -2.9553198037707125
     -29.1702487025076991      153.5580182817451771       -2.9923457203181227
     -29.7445962838576072      153.5761336912776471       -3.0276498012264539
     -30.3216288978984068      153.5946915563854702       -3.0610685896235852
     -30.9005660005315406      153.6136789421597655       -3.0924465927562959
     -31.4806243505912100      153.6330809842314409       -3.1216378069239066
     -32.0610202807503839      153.6528808308134160       -3.1485071964473788
     -32.6409720238978736      153.6730612460872862       -3.1729321264322810
     -33.2197036831566592      153.6936067894569646       -3.1948034993238261
     -33.7964495043828705      153.7145005147388304       -3.2140262960758763
     -34.3704562702342571      153.7357233872869244       -3.2305199919274070
     -34.9409853484561026      153.7572542570970882       -3.2442188832046983
     -35.5073145824144376      153.7790698531721887       -3.2550723090217994
     -36.0687400305604697      153.8011448002872328       -3.2630447632125077
     -36.6245775710387633      153.8234516593285832       -3.2681158907767713
     -37.1741643993392827      153.8459609925785117       -3.2702803615218934
     -37.7168604621609589      153.8686414557643332       -3.2695476111196196
     -38.2520498922962062      153.8914599195568940       -3.2659414358979504
     -38.7791425654430810      153.9143815661539918       -3.2594994200158860
     -39.2975743292960686      153.9373716824245832       -3.2501464571902834
     -39.8068001290236992      153.9604120081368990       -3.2369185873733914
     -40.3063122205284685      153.9834892572842477       -3.2185778147881767
     -40.7956421834157226      154.0065855546412763       -3.1940642544712041
     -41.2743448157336417      154.0296774416969470       -3.1625037358849299
     -41.7419888233296348      154.0527352804411123       -3.1232114890467852
     -42.1981493496797739      154.0757228529222687       -3.0756934821939432
     -42.6424015966009833      154.0985971556709444       -3.0196454602075500
     -43.0743173657930924      154.1213085030105105       -2.9549496725262698
     -43.4934664547946568      154.1438010596278616       -2.8816691163332626
     -43.8994238341233469      154.1660138703574319       -2.8000389937926071
     -44.2917815048268793      154.1878823392369213       -2.7104551229596661
     -44.6701620952737386      154.2093399886426823       -2.6134593058367659
     -45.0342317801364871      154.2303203256652466       -2.5097220116318160
     -45.3837129097545642      154.2507604182405601       -2.4000227706443327
     -45.7183862227731481      154.2706057886235556       -2.2852291637453601
     -46.0380878472331503      154.2898056480035223       -2.1662757852140047
     -46.3427064378811053      154.3083124604913507       -2.0441439000914627
     -46.6321807986923389      154.3260828916301364       -1.9198418982837064
     -46.9064979472911503      154.3430786054787802       -1.7943866944320306
     -47.1656914884014071      154.3592668909903409       -1.6687862513386003
     -47.4098402067196787      154.3746211094408238       -1.5440233956567559
     -47.6390668149465384      154.3891209642477236       -1.4210410770434203
     -47.8535368081220085      154.4027526025903967       -1.3007291986214000
     -48.0534573853319458      154.4155085647163048       -1.1839131192861598
     -48.2390764067811944      154.4273876016115707       -1.0713438985744725
     -48.4106813595658494      154.4383943848220042       -0.9636903236902975
     -48.5685983099666601      154.4485391336982900       -0.8615327268848341
     -48.7131908240983975      154.4578371853343697       -0.7653585706051670
     -48.8448588424356132      154.4663085311776740       -0.6755597484394337
     -48.9640374971248633      154.4739773419453002       -0.5924315225694500
     -49.0711958640692600      154.4808714993624221       -0.5161729937620276
     -49.1668356444977519      154.4870221496236979       -0.4468889783494833
     -49.2514897730847565      154.4924632896413641       -0.3845931485210521
     -49.3257209470953768      154.4975821205133855        0.0027850189949110
     -49.3901201074122582      154.5016162499308621        0.0334628817535569
     -49.4453047890587385      154.5050754138689229        0.0645923115078326
     -49.4919174715377679      154.5079959789896122        0.0957358897700221
     -49.5306238219889110      154.5104170290344712        0.1264982325870596
     -49.5621108882929207      154.5123800912560910        0.1565180557713504
     -49.5870852355066773      154.5139288594959908        0.1854605333901528
     -49.6062710306376644      154.5151089203032768        0.2130090443754064
     -49.6204080809417434      154.5159674888515724        0.2388550883297494
     -49.6302498310738542      154.5165531627608857        0.2626843514007188
     -49.6365613245437345      154.5169157056239442        0.2841549904432659
     -49.6401171350273529      154.5171058816994503        0.3028594887892039
     -49.6416992731645834      154.5171753822158678        0.3182523603440230
     -49.6420950745334366      154.5171743297790670        0.3307190129189510
     -49.6416992731645834      154.5171220167448496        0.3431855557788290
     -49.6401171350273529      154.5169866252646500        0.3585779887954782
     -49.6365613245437345      154.5167163833931738        0.3772815016913242
     -49.6302498310738542      154.5162619354143487        0.3987503920971521
     -49.6204080809416936      154.5155742619736259        0.4225769297740943
     -49.6062710306371315      154.5146050632472168        0.4484190616882931
     -49.5870852355030323      154.5133070875301939        0.4759622688370038
     -49.5621108882733736      154.5116344406650342        0.5048978515364433
     -49.5306238219024237      154.5095428918641289        0.5349089964741635
     -49.4919174712099306      154.5069901809534088        0.5656606937279447
     -49.4453047879639200      154.5039363275726885        0.5967914845933029
     -49.3901201041249109      154.5003439407862231        0.6279058212469663
     -49.3257209380807495      154.4961785265743970        0.6585661330217406
     -49.2514897273823209      154.4894015073462583        1.0459188361197622
     -49.1668355355750037      154.4836937462532944        1.1081907951566989
     -49.0711956169575743      154.4772465628814757        1.1774478268281505
     -48.9640369608098425      154.4700260146685764        1.2536760996727292
     -48.8448577243456583      154.4620013961425116        1.3367706374034403
     -48.7131885773374478      154.4531456635133111        1.4265321691130868
     -48.5685939454548290      154.4434358852144271        1.5226652352627605
     -48.4106731424592098      154.4328537061348072        1.6247776889000727
     -48.2390613795842356      154.4213858093857823        1.7323817116288172
     -48.0534306382824354      154.4090243557870394        1.8448964399139700
     -47.8534903900593847      154.3957673781236792        1.9616522695910967
     -47.6389881443866017      154.3816191049061501        2.0818968752777995
     -47.4097098027079795      154.3665901871421227        2.2048029471569475
     -47.1654797933072132      154.3506978017310303        2.3294776107695601
     -46.9061609581461667      154.3339656067017529        2.4549734565093608
     -46.6316541583622524      154.3164235267053925        2.5803010649183893
     -46.3418975592025788      154.2981073519264044        2.7044428720525238
     -46.0368655464109935      154.2790581397139249        2.8263681763484381
     -45.7165672120291333      154.2593214154400982        2.9450490445006570
     -45.3810443238742920      154.2389461768488559        3.0594768282125617
     -45.0303686517880450      154.2179837137090885        3.1686789546745340
     -44.6646382770751060      154.1964878366661651        3.2717356312106323
     -44.2839726114971057      154.1745194051477483        3.3677960794019914
     -43.8885144858835190      154.1521417634612021        3.4560938652010158
     -43.4784419582955550      154.1294185966660848        3.5359624716059215
     -43.0539797419197896      154.1064132938807063        3.6068513785693863
     -42.6154109949966227      154.0831882853451020        3.6683424106427425
     -42.1630870547716370      154.0598042704430952        3.7201661559038222
     -41.6974322003621154      154.0363192532998937        3.7622179019490241
     -41.2189423907384054      154.0127874139360813        3.7945722570307958
     -40.7281789552015994      153.9892579417414424        3.8174955883602806
     -40.2257592100986159      153.9657739865449742        3.8314555803931465
     -39.7123458571978745      153.9423718476499232        3.8371274594483795
     -39.1886344337499182      153.9190803779843577        3.8353965338635780
     -38.6553339298810172      153.8959204588166756        3.8273538341076740
     -38.1131655679895331      153.8729164061874428        3.8138439801884987
     -37.5628784511015468      153.8501107029929926        3.7948499784288101
     -37.0052390936365825      153.8275444801242884        3.7702689177582021
     -36.4410273255400980      153.8052549283823680        3.7400379886351880
     -35.8710340644911057      153.7832752191983730        3.7041344449778770
     -35.2960589076028270      153.7616344673628532        3.6625751707199328
     -34.7169076484101211      153.7403577504798022        3.6154158436252639
     -34.1343897949801018      153.7194661853792752        3.5627497026729706
     -33.5493161429372009      153.6989770591972899        3.5047059361122814
     -32.9624964416316573      153.6789040108975257        3.4414477158438430
     -32.3747371797686654      153.6592572575223983        3.3731699105993620
     -31.7868395060147257      153.6400438818013470        3.3000965162221605
     -31.1995973614200643      153.6212702151622409        3.2224779008891833
     -30.6137973700890313      153.6029438121760506        3.1405880698766659
     -30.0302188996232431      153.5850703638272989        3.0547220759496030
     -29.4496323216890197      153.5676535385488251        2.9651934615019631
     -28.8727971500864875      153.5506952119563664        2.8723316130959438
     -28.3004602432025720      153.5341956982715317        2.7764790517997997
     -27.7333540701799919      153.5181539786980238        2.6779886899841063
     -27.1721950396965255      153.5025679224534372        2.5772210845388761
     -26.6176818899416787      153.4874344966725914        2.4745417153907643
     -26.0704941381985407      153.4727499619738751        2.3703183167544868
     -25.5312905883777645      153.4585100510849429        2.2649182867795350
     -25.0007079189426307      153.4447099891017672        2.1587061972286730
     -24.4793594583792355      153.4313437240707856        2.0520414167244656
     -23.9678337382061031      153.4184047380871334        1.9452759001362270
     -23.4666931240334620      153.4058866904984768        1.8387521314276676
     -22.9764725893101698      153.3937835036813908        1.7328012293560062
     -22.4976784518796684      153.3820894202112015        1.6277412217780483
     -22.0307870708718632      153.3707990361625377        1.5238754635258647
     -21.5762438318276999      153.3599073202287855        1.4214912429810536
     -21.1344622468795755      153.3494096152158193        1.3208586088687018
     -20.7058230939955976      153.3393016220617255        1.2222294151813062
     -20.2906735963005112      153.3295793687838113        1.1258365787753428
     -19.8893266441170695      153.3202391668275482        1.0318935414206283
     -19.5020600633120544      153.3112775572764690        0.9405939256141461
     -19.1291159343242114      153.3026912493097882        0.8521113713585302
     -18.7706999660783680      153.2944770678466000        0.7665995394385233
     -18.4269808745168504      153.2866329325010497        0.6841922698040478
     -18.0980898656053846      153.2791581469758171        0.6050038676808892
     -17.7841203175487017      153.2720513732618031        0.5291294972400645
     -17.4851274413864353      153.2653104391607144        0.4566456854320599
     -17.2011280145673702      153.2589323494060807        0.3876109077507680
     -16.9321002035021060      153.2529133011645399        0.3220662378962183
     -16.6779834806502656      153.2472487033719801        0.2600360453055497
     -16.4386786644796814      153.2419331998054588        0.2015287294235755
     -16.2140480766813617      153.2369606949821161        0.1465374831376308
     -16.0039157605545554      153.2323243809058511        0.0950410630715648
     -15.8080678000364205      153.2280167648632130        0.0470045518689235
     -15.6262527504191642      153.2240296978509662        0.0023801042968113
     -15.4581821807761806      153.2203544030558930       -0.0388923293381954
     -15.3035313272724967      153.2169815038975571       -0.0768843072548840
     -15.1619398557883986      153.2139010512468928       -0.1116782308623583
     -15.0330127316755711      153.2111025495431704       -0.1433667115243689
     -14.9163211940388827      153.2085749816489795       -0.1720519693844247
     -14.8114038316946566      153.2063068323943469       -0.1978452627817227
     -14.7177677578096677      153.2042861108728005       -0.2208663455362583
     -14.6348898800169795      153.2025003716435094       -0.2412429483945540
     -14.5861621869059608      153.2004435717693980       -0.6107482320773187
     -14.5232049109910211      153.1990485619083984       -0.6275313158736924
     -14.4699929409244898      153.1978239884342372       -0.6527224832477693
     -14.4256897605238574      153.1967598375777015       -0.6834353485076979
     -14.3894879752037248      153.1958448928989185       -0.7175483675973843
     -14.3605920856531348      153.1950675946640104       -0.7534257200730970
     -14.3382098717658053      153.1944163633692995       -0.7897637902180499
     -14.3215478703549959      153.1938796897725581       -0.8254969903023637
     -14.3098088900526079      153.1934461307258744       -0.8597327996705491
     -14.3021904259080070      153.1931042897797965       -0.8916993930699858
     -14.2978831009048548      153.1928428451884372       -0.9206931199033563
     -14.2960680386796550      153.1926507056388402       -0.9460098230392685
     -14.2959113410387282      153.1925174281843454       -0.9668332561925037
     -14.2966634046434127      153.1924259890321594       -0.9836628268328376
