     -27.7447095619997235       76.8337895756155405        1.1333295640207612
     -27.7437146750691142       76.8340229257168090        1.1194849023977580
     -27.7433794458475340       76.8342811997278687        1.1023298468620091
     -27.7443103257243706       76.8345496920462523        1.0814359357678185
     -27.7472125488828425       76.8347948207696163        1.0574564780785252
     -27.7527764639468160       76.8349850594100445        1.0309528581416292
     -27.7616845629514692       76.8350895722309701        1.0024863204545573
     -27.7746151657691946       76.8350775276127962        0.9726744795595865
     -27.7922448609834305       76.8349177011244677        0.9422345367939347
     -27.8152509628908895       76.8345781368434046        0.9120263639218463
     -27.8443149875426315       76.8340256853071253        0.8831059214795611
     -27.8801284552784985       76.8332251850657428        0.8568026735353488
     -27.9234033849113210       76.8321378701178475        0.8348457530785031
     -27.9748926755897251       76.8307180883876129        0.8195933220278332
     -27.9796344975246747       76.8346012393055133        0.2293238555542012
     -28.0468952367256783       76.8325965368686923        0.2048459384096039
     -28.1228840011693713       76.8303162499498313        0.1771934915249954
     -28.2080242967596426       76.8277418415100755        0.1462139385724731
     -28.3027149997949188       76.8248544044654693        0.1117644527103212
     -28.4073293513235647       76.8216346096632066        0.0737125933234390
     -28.5222140386980811       76.8180626691303416        0.0319369708962713
     -28.6476883671323321       76.8141183243325685       -0.0136720558334216
     -28.7840435234385659       76.8097808064152616       -0.0632116475036223
     -28.9315419348783252       76.8050288168657715       -0.1167657150123904
     -29.0904167254711332       76.7998405246736269       -0.1744041139765984
     -29.2608712716282611       76.7941935780014830       -0.2361818049259144
     -29.4430788584503524       76.7880651424486871       -0.3021379833669959
     -29.6371824389694183       76.7814320615633221       -0.3722951863291988
     -29.8432944902443360       76.7742709303091573       -0.4466583830048291
     -30.0614969480828798       76.7665581434668098       -0.5252140585010229
     -30.2918411550292639       76.7582700232475901       -0.6079293058979773
     -30.5343479204413981       76.7493830924385492       -0.6947509589994662
     -30.7890076999284261       76.7398744378876358       -0.7856047764669646
     -31.0557808299379801       76.7297217608870739       -0.8803946849999026
     -31.3345978289010176       76.7189036162685341       -0.9790021043198581
     -31.6253597703691298       76.7074000514543002       -1.0812853786023184
     -31.9279386790593556       76.6951929043972029       -1.1870793273841365
     -32.2421779497023877       76.6822659082119173       -1.2961949361929028
     -32.5678928368983591       76.6686055003078764       -1.4084192219492322
     -32.9048709375751685       76.6542012963626007       -1.5235152795854698
     -33.2528726509678805       76.6390460881695219       -1.6412225223375299
     -33.6116317143872223       76.6231366048600364       -1.7612571561358192
     -33.9808556749433848       76.6064737548716295       -1.8833128799122136
     -34.3602263780625066       76.5890631292582782       -2.0070618391504418
     -34.7494005104577397       76.5709160865338703       -2.1321558541548078
     -35.1480100006547289       76.5520493432202187       -2.2582278749793199
     -35.5556626982372350       76.5324858808408663       -2.3848937414199711
     -35.9719433423412980       76.5122548012596013       -2.5117541611883798
     -36.3964144820263726       76.4913916870407462       -2.6383968694826780
     -36.8286172430677965       76.4699387805047195       -2.7643989795090338
     -37.2680720859995276       76.4479447630544797       -2.8893295219842838
     -37.7142796808861291       76.4254650287519155       -3.0127521878261718
     -38.1667216935949511       76.4025610711888277       -3.1342282028427983
     -38.6248617662579790       76.3793006347584793       -3.2533193714180544
     -39.0881463716995725       76.3557568342413902       -3.3695911920807835
     -39.5560059019421715       76.3320080526501954       -3.4826160873731724
     -40.0278556286909009       76.3081368816830263       -3.5919766432673477
     -40.5030969108480079       76.2842297228266375       -3.6972688934930740
     -40.9811182955921254       76.2603756078897987       -3.7981055488682256
     -41.4612968589609352       76.2366655143395917       -3.8941191935791042
     -41.9429994791608181       76.2131911364541423       -3.9849653623679258
     -42.4255840381908982       76.1900439939655456       -4.0703254952908035
     -42.9083976879552722       76.1673142631198488       -4.1499097376828553
     -43.3907750811548212       76.1450898321940031       -4.2234600412694112
     -43.8720394753927323       76.1234550892626487       -4.2907533719167974
     -44.3515043935973949       76.1024898703388857       -4.3516046605953456
     -44.8284755050815633       76.0822684057739309       -4.4058694152630462
     -45.3022527131682438       76.0628583981218611       -4.4534459558935700
     -45.7721324190583587       76.0443197276122476       -4.4942772038184069
     -46.2374098904471467       76.0267039091684893       -4.5283520592253286
     -46.6973816822322689       76.0100532815767167       -4.5557062865798033
     -47.1513479400170965       75.9944008426958817       -4.5764229528093070
     -47.5986144485213529       75.9797696284992554       -4.5906323599969943
     -48.0384973733252849       75.9661820227905480       -4.5983603920245741
     -48.4703390327623822       75.9537155851849803       -4.5985957057534836
     -48.8934807877712601       75.9424589706063671       -4.5900308574917945
     -49.3072637046467079       75.9324777122197645       -4.5716060893096895
     -49.7110597726291061       75.9238120610759495       -4.5425141636595860
     -50.1042916116831236       75.9164766411816316       -4.5021968611981844
     -50.4864489399620666       75.9104601201110682       -4.4503370346064992
     -50.8571030419773535       75.9057272328250292       -4.3868468478336133
     -51.2159161223891033       75.9022199397540618       -4.3118525935498706
     -51.5626422693383688       75.8998609383681924       -4.2256771406024649
     -51.8971183855716731       75.8985569426310605       -4.1288208974012912
     -52.2192468848246705       75.8982020237682917       -4.0219422745085964
     -52.5289750767722907       75.8986821830110614       -3.9058383193550670
     -52.8262752714879440       75.8998785310610202       -3.7814255659377265
     -53.1111246672138932       75.9016707072717196       -3.6497214010916994
     -53.3835020527672413       75.9039403574750935       -3.5118256231246461
     -53.6433947356624259       75.9065734153531508       -3.3689010910364159
     -53.8908042096670954       75.9094622215099264       -3.2221537139236665
     -54.1257505079295669       75.9125079556500282       -3.0728123436540273
     -54.3482755625995466       75.9156221930320783       -2.9221089855335869
     -54.5584457889233008       75.9187277480939571       -2.7712597412009234
     -54.7563540482951510       75.9217593606934003       -2.6214468497089429
     -54.9421210926034647       75.9246641197616015       -2.4738021074487917
     -55.1158965620542105       75.9274011887208218       -2.3293918866820191
     -55.2778596059020941       75.9299411421722681       -2.1892039497280988
     -55.4282191795571819       75.9322649155612339       -2.0541361931373507
     -55.5672140709894293       75.9343627366635872       -1.9249874173557167
     -55.6951126922588671       75.9362328767375772       -1.8024501537944644
     -55.8122126697256817       75.9378802303697853       -1.6871055441041027
     -55.9188402644399645       75.9393148876753088       -1.5794202292979145
     -56.0153496475297317       75.9405507606052623       -1.4797451658709770
     -56.1021220510383714       75.9416043134821024       -1.3883162528594000
     -56.1795648105736021       75.9424934168693113       -1.3052566249448621
     -56.2481103135904519       75.9432363803403661       -1.2305804440627641
     -56.3082148750133058       75.9500925726372742       -0.6382286226829441
     -56.3603574799406530       75.9499296924551288       -0.6134505246604307
     -56.4050385885701857       75.9498195760800883       -0.5883094811386255
     -56.4427787262951028       75.9497531583558327       -0.5631583973137670
     -56.4741171103444657       75.9497225608841404       -0.5383162389027630
     -56.4996101998589779       75.9497209047707855       -0.5140744556256351
     -56.5198301989106184       75.9497421328628803       -0.4907031633638585
     -56.5353635166235406       75.9497808394977199       -0.4684578166881092
     -56.5468091886267459       75.9498321044771103       -0.4475873566468094
     -56.5547772641418192       75.9498913247241489       -0.4283454647546672
     -56.5598871630816191       75.9499540293877402       -0.4110080985159207
     -56.5627660076032655       75.9500156453194819       -0.3959042910668660
     -56.5640469326193269       75.9500711436657667       -0.3834745268665198
     -56.5643673798228050       75.9501192346220932       -0.3734076184150590
     -56.5640469326193269       75.9501701312058231       -0.3633407237574230
     -56.5627660076032655       75.9502368540855173       -0.3509110147423096
     -56.5598871630816191       75.9503237528267761       -0.3358073315958075
     -56.5547772641418192       75.9504315248743040       -0.3184701869301929
     -56.5468091886268098       75.9505615078607264       -0.2992286429419772
     -56.5353635166241304       75.9507154590047264       -0.2783586877556269
     -56.5198301989147396       75.9508954867783075       -0.2561140358828600
     -56.4996101998810829       75.9511040633710479       -0.2327436647154478
     -56.4741171104422364       75.9513440823676120       -0.2085030696216941
     -56.4427787266657575       75.9516189446500931       -0.1836624129621810
     -56.4050385898079369       75.9519326630304192       -0.1585131979347463
     -56.3603574836573031       75.9522899792144415       -0.1333744520899222
     -56.3082148852053876       75.9526964878808144       -0.1085991521194262
     -56.2481103902656798       75.9516650633525501        0.4837914522889164
     -56.1795649933182375       75.9516564058114767        0.5584713379254094
     -56.1021224656400079       75.9515840464701029        0.6415357154934397
     -56.0153505473814590       75.9514295360896199        0.7329706193753533
     -55.9188421404823615       75.9511737916167675        0.8326531275906701
     -55.8122164397093670       75.9507980249428840        0.9403475735694096
     -55.6951200160659781       75.9502848644229971        1.0557032632031422
     -55.5672278602448841       75.9496196146840674        1.1782538699508351
     -55.4282443982595154       75.9487916361955229        1.3074186597706183
     -55.2779044955130487       75.9477957943703785        1.4425056717434368
     -55.1159744705234260       75.9466339154556067        1.5827169505615879
     -54.9422531431732537       75.9453160835708303        1.7271558918781329
     -54.7565729515549862       75.9438617662593316        1.8748367282703560
     -54.5588011815111713       75.9423009258312049        2.0246961515830022
     -54.3488413497052392       75.9406747406725486        2.1756070175571698
     -54.1266347971015875       75.9390359258039354        2.3263940469201949
     -53.8921625556422015       75.9374483332152295        2.4758513910799791
     -53.6454475797850208       75.9359862477567020        2.6227619179067747
     -53.3865574545875248       75.9347334694249270        2.7659180390478895
     -53.1156077229451427       75.9337816045456151        2.9041438533008588
     -52.8327660540268269       75.9332273752902580        3.0363183737745816
     -52.5382576238230783       75.9331700675854080        3.1613996584553163
     -52.2323716554364310       75.9337086438847564        3.2784496209961773
     -51.9154575885048359       75.9349379427954005        3.3866589273354597
     -51.5879041862844545       75.9369456466318553        3.4853703022644886
     -51.2501185445992320       75.9398099755169653        3.5740992292510541
     -50.9025040151194901       75.9435965705640967        3.6525515733496459
     -50.5454411240701873       75.9483567500725343        3.7206378386714305
     -50.1792764224548620       75.9541262754451623        3.7784840183235220
     -49.8043211142226880       75.9609233560975383        3.8264392340960613
     -49.4208579407603921       75.9687486039117630        3.8650805811458562
     -49.0291530628249816       75.9775840674940497        3.8952151660193475
     -48.6294698737093043       75.9873931913232781        3.9178793788558925
     -48.2220860179361210       75.9981213540984015        3.9343352396562525
     -47.8073219674351151       76.0096954241066669        3.9460616086076103
     -47.3855391315466363       76.0220533817958284        3.9542101429280927
     -46.9571101335329573       76.0351837310615792        3.9588644866506471
     -46.5224318330961353       76.0490775977654749        3.9599738264500686
     -46.0819272790107561       76.0637201534485854        3.9575049977725523
     -45.6360448375850325       76.0790909088210441        3.9514431379464376
     -45.1852575791180087       76.0951634742462204        3.9417920908012873
     -44.7300626526471490       76.1119057896301854        3.9285746420609398
     -44.2709806290618317       76.1292801158545416        3.9118325690019606
     -43.8085546431726911       76.1472433558621162        3.8916265499436360
     -43.3433493804540646       76.1657475798445347        3.8680359400295701
     -42.8759497617426177       76.1847404112589288        3.8411584067312385
     -42.4069594177106737       76.2041654521122354        3.8111094438609854
     -41.9369985641044707       76.2239628066728869        3.7780217854733924
     -41.4666989768873790       76.2440698664371865        3.7420447231389833
     -40.9966989497194874       76.2644220320911472        3.7033428832364925
     -40.5276411427543621       76.2849536134035588        3.6620945706828545
     -40.0601705268022457       76.3055983900113262        3.6184899870858991
     -39.5949323685851127       76.3262905054098155        3.5727294045879257
     -39.1325700331689106       76.3469649193440745        3.5250212835232633
     -38.6737228748044330       76.3675583147758488        3.4755804014709293
     -38.2190239605581610       76.3880093919033669        3.4246259677885296
     -37.7690979200607515       76.4082597163000941        3.3723798007912160
     -37.3245586613859501       76.4282538497248538        3.3190645308994196
     -36.8860072316628234       76.4479400646260956        3.2649019081408435
     -36.4540296007430058       76.4672703598686496        3.2101111743935484
     -36.0291945780664236       76.4862009293445482        3.1549075661447468
     -35.6120517405252954       76.5046921846049912        3.0995009212324645
     -35.2031294472890579       76.5227088436127900        3.0440944215006862
     -34.8029331377120030       76.5402201282707892        2.9888834744697443
     -34.4119437957822782       76.5571993123639629        2.9340547438757372
     -34.0306162649335135       76.5736241967548636        2.8797854206649900
     -33.6593774124530256       76.5894763134924119        2.8262425776233702
     -33.2986245981560316       76.6047414913596327        2.7735826898828257
     -32.9487241890511910       76.6194091757272417        2.7219512181072183
     -32.6100102583544142       76.6334719428980407        2.6714823057062866
     -32.2827835001240615       76.6469255664644180        2.6222985954936089
     -31.9673102282764425       76.6597684316825223        2.5745111162733001
     -31.6638216027061254       76.6720016488458214        2.5282192796483569
     -31.3725129966007330       76.6836289157270414        2.4835109456536255
     -31.0935434740403664       76.6946558135980467        2.4404625404111289
     -30.8270354585285631       76.7050897928020703        2.3991392592201337
     -30.5730745384175613       76.7149401207942674        2.3595953218784729
     -30.3317093769991999       76.7242173437859662        2.3218742588826369
     -30.1029517681595919       76.7329331252366416        2.2860092481380629
     -29.8867768172465560       76.7411002785978127        2.2520234881708725
     -29.6831231807544818       76.7487325561271803        2.2199305889953505
     -29.4918933815844113       76.7558444058527698        2.1897349718430470
     -29.3129543028960349       76.7624508935505645        2.1614322748500658
     -29.1461377865826883       76.7685676619740320        2.1350097693038634
     -28.9912413145076862       76.7742109233677894        2.1104467832549276
     -28.8480287646366627       76.7793973133277206        2.0877151230705566
     -28.7162312443131142       76.7841438359977957        2.0667794953921121
     -28.5955479966373005       76.7884678428929135        2.0475979243888021
     -28.4856473768839429       76.7923870174247725        2.0301221607690048
     -28.3861678965115658       76.7959193643472986        2.0142980803397141
     -28.2967193320383963       76.7990832079562722        2.0000660705077919
     -28.2168838955411410       76.8018971939307278        1.9873614033053471
     -28.1462174630891404       76.8043802715544643        1.9761145934714015
     -28.0300155027016693       76.8206779452535642        1.3976198809588807
     -27.9765768498162295       76.8224195643921632        1.3924289699142034
     -27.9299365901807199       76.8240952696507122        1.3790952987792997
     -27.8898011278517721       76.8256674136247710        1.3600768144384530
     -27.8557981278851230       76.8271121815602811        1.3372062023811853
     -27.8274998525202193       76.8284154120660077        1.3119199447361265
     -27.8044367020895500       76.8295701279675143        1.2853841755655608
     -27.7861061481633094       76.8305748756873612        1.2585717781746064
     -27.7719794153697244       76.8314324678336646        1.2323154796802405
     -27.7615072104502971       76.8321489073960606        1.2073506056956709
     -27.7541254924092051       76.8327323222572574        1.1843579641491728
     -27.7492625342555179       76.8331916876687444        1.1640200194386117
     -27.7463493680459834       76.8335349561522207        1.1471123397857239
     -27.7447095619997235       76.8337895756155405        1.1333295640207612
