  -63.355702381014069        1.5229713259814996        119.69681880615305     
  -61.831702381014068        1.5234140892707353        119.73161746342521     
  -60.307702381014067        1.5238568525599709        119.76641612069737     
  -58.783702381014066        1.5242996158492066        119.80121477796953     
  -52.678070194137490        1.5260734674173988        119.94062934614604     
  -52.670067157398911        1.5260757925163950        119.94081208560313     
  -52.658571256442535        1.5260791373070353        119.94107496698007     
  -52.642969753942928        1.5260836859260583        119.94143246236933     
  -52.622660967710566        1.5260896229766352        119.94189908050136     
  -52.597055888694854        1.5260971341879126        119.94248941856837     
  -52.565579764356535        1.5261064072020685        119.94321822393162     
  -52.527673643177017        1.5261176324748387        119.94410046452526     
  -52.482795876178415        1.5261310042787857        119.94515140667760     
  -52.430423571444898        1.5261467218031357        119.94638669905696     
  -52.370053997757793        1.5261649900937428        119.94782244083743     
  -52.301205933610063        1.5261859435986000        119.94946916087008     
  -52.223420958003906        1.5262097060399185        119.95133649938512     
  -52.136264679589978        1.5262364508288890        119.95343791104760     
  -52.039327900881716        1.5262663560880338        119.95578704817319     
  -51.932227714453930        1.5262996078974469        119.95839787364814     
  -51.814608528222038        1.5263364049292873        119.96128478655892     
  -51.686143017095105        1.5263769651074419        119.96446275795381     
  -51.546532998500524        1.5264215352030683        119.96794747321769     
  -51.395510228699969        1.5264704043096693        119.97175545047239     
  -51.232837116500328        1.5265239223890312        119.97590408586476     
  -51.058307358373447        1.5265825287057140        119.98041181284100     
  -50.871746488887744        1.5266467913952178        119.98529822057324     
  -50.673012345277080        1.5267174623498390        119.99058413086300     
  -50.461995444704655        1.5267955526235781        119.99629161690353     
  -50.238619268299921        1.5268824331736743        120.00244379659770     
  -50.002840465323459        1.5269799753951501        120.00906483738777     
  -49.754648970193813        1.5270907399942157        120.01617994721641     
  -49.494068026773412        1.5272182266671637        120.02381517190659     
  -49.221154113350323        1.5273672011510997        120.03199678307503     
  -48.935996798077383        1.5275441370706457        120.04075117244467     
  -48.638718508085681        1.5277578008514723        120.05010469657903     
  -48.329474194299110        1.5280200198129659        120.06008288115645     
  -48.008450922670029        1.5283465923873742        120.07070992544003     
  -47.675867391568765        1.5287579464890997        120.08200865373117     
  -47.331973326510656        1.5292793379698355        120.09399949640695     
  -46.977048806166550        1.5299405821988137        120.10670008502453     
  -46.611403510738583        1.5307752868839961        120.12012516610500     
  -46.235375848440960        1.5318196543120193        120.13428543153472     
  -45.849332048914206        1.5331110590492962        120.14918774876510     
  -45.453665150773077        1.5346865604461699        120.16483448321185     
  -45.048793927990943        1.5365815059245087        120.18122311909738     
  -44.635161767485442        1.5388283050270861        120.19834640583251     
  -44.213235451758869        1.5414554031117371        120.21619153412678     
  -43.783503933181542        1.5444867515001559        120.23474079257856     
  -43.346477015244446        1.5479418252900710        120.25397299874363     
  -42.902684019353607        1.5518357435034988        120.27386714620789     
  -42.452672371361501        1.5561792628351474        120.29439795050641     
  -41.997006164051214        1.5609788374788538        120.31553574401407     
  -41.536264664442655        1.5662367038739440        120.33724610058412     
  -41.071040788958356        1.5719510131029717        120.35949036172681     
  -40.601939546244701        1.5781159972324690        120.38222549594165     
  -40.129576440659115        1.5847221872867743        120.40540468847854     
  -39.654575864990754        1.5917566668922298        120.42897736933453     
  -39.177569446203677        1.5992033729234998        120.45288988703030     
  -38.699194404159634        1.6070434253856287        120.47708567450843     
  -38.220091852270549        1.6152554941961872        120.50150598146588     
  -37.740905137723253        1.6238161825000272        120.52609015591878     
  -37.262278110031801        1.6327003825092503        120.55077638746035     
  -36.784853454364445        1.6418815087442884        120.57550209257282     
  -36.309270942259516        1.6513316916993277        120.60020461383588     
  -35.836165772476519        1.6610219718715726        120.62482167733663     
  -35.366166825134343        1.6709224997414944        120.64929200245808     
  -34.899895024083953        1.6810027365688562        120.67355578962550     
  -34.437961613293112        1.6912316559721430        120.69755521253515     
  -33.980966557100608        1.7015779448444308        120.72123489591608     
  -33.529496855451491        1.7120102000829680        120.74454226335229     
  -33.084125002691458        1.7224971233490782        120.76742797723740     
  -32.645407356377049        1.7330077069629717        120.78984612375179     
  -32.213882678793581        1.7435114170639532        120.81175462000563     
  -31.790070573187755        1.7539783628563235        120.83311519360899     
  -31.374470128112719        1.7643794630986980        120.85389375536047     
  -30.967558445836183        1.7746865944826795        120.87406019637514     
  -30.569789394138848        1.7848727391187706        120.89358869991572     
  -30.181592271724337        1.7949121248333206        120.91245744963601     
  -29.803370647143709        1.8047803650269620        120.93064873086095     
  -29.435501221113647        1.8144545760681625        120.94814877393772     
  -29.078332733596802        1.8239134710527494        120.96494746202573     
  -28.732185045716534        1.8331374393184230        120.98103843542573     
  -28.397348170241088        1.8421085961174835        120.99641855261002     
  -28.074081492694500        1.8508108208261964        121.01108787019973     
  -27.762613045310299        1.8592297747282946        121.02504942684509     
  -27.463138820196580        1.8673528979025888        121.03830876367506     
  -27.175822255998188        1.8751693983949071        121.05087391161187     
  -26.900793768856172        1.8826702240746906        121.06275509625388     
  -26.638150355766371        1.8898480209909461        121.07396432764052     
  -26.387955339057015        1.8966970868933331        121.08451529736958     
  -26.150238196663206        1.9032133163988223        121.09442322989243     
  -25.924994451783395        1.9093941364382856        121.10370450764349     
  -25.712185682922584        1.9152384403320426        121.11237648886662     
  -25.511739638388082        1.9207465198394171        121.12045741955613     
  -25.323550435351230        1.9259199921360757        121.12796629097153     
  -25.147478838532273        1.9307617242802468        121.13492260976007     
  -24.983352643728892        1.9352757618388714        121.14134628707760     
  -24.830967152722124        1.9394672610368360        121.14725755027142     
  -24.690085739064340        1.9433424250646458        121.15267688729493     
  -24.560440499446763        1.9469084443313096        121.15762499010910     
  -24.441732985218135        1.9501734401861266        121.16212266409319     
  -24.333635021719665        1.9531464134919312        121.16619079329722     
  -24.235789608884946        1.9558371971564070        121.16985032194935     
  -24.147811899938286        1.9582564120668422        121.17312224571855     
  -24.069290255405114        1.9604154258074891        121.17602761153329     
  -23.999787369446793        1.9623263134218323        121.17858752464068     
  -23.938841465340609        1.9640018200139127        121.18082319322129     
  -23.885967557264205        1.9654555638167857        121.18276916748390     
  -23.840658773037870        1.9667015895860218        121.18445086426412     
  -23.802387735832042        1.9677542742044507        121.18588151436883     
  -23.770608001417205        1.9686285494431894        121.18707658022196     
  -23.744755545623082        1.9693398566032543        121.18805348548274     
  -23.724250298332713        1.9699041001474256        121.18883135044928     
  -23.708497719765973        1.9703376004273152        121.18943073652210     
  -23.696890414697325        1.9706570456494705        121.18987340282192     
  -23.688809780156237        1.9708794432444066        121.19018207783753     
  -23.683627682074125        1.9710220708095494        121.19038024873251     
  -23.680708156272324        1.9711024267951169        121.19049197065787     
  -23.679409129129350        1.9711381811004296        121.19054169810961     
  -17.583084153223943        2.1389328770409493        121.42391226904945     
  -16.059084153223942        2.1808793148742396        121.48225180172167     
  -14.535084153223943        2.2228257527075299        121.54059133439389     
  -13.011084153223942        2.2647721905408202        121.59893086706612     
