     -19.3955854073106870        8.2150315650420946      138.2757065346925458
     -19.3968157830592354        8.2300480937918898      138.2748209536666764
     -19.3993045021340045        8.2485060780753656      138.2737360294677273
     -19.4037741750308079        8.2707643959347941      138.2724332469087472
     -19.4108738924372979        8.2960051410916407      138.2709637338748792
     -19.4212520367178492        8.3235115517414791      138.2693728930985344
     -19.4355485993682215        8.3525683973297511      138.2677064213541769
     -19.4543897653074644        8.3824007579032536      138.2660140876015191
     -19.4783833702765783        8.4121272650665428      138.2643526791520117
     -19.5081143987243095        8.4407134756577626      138.2627889566286967
     -19.5441398606472063        8.4669139785882148      138.2614032837742855
     -19.5869821823715995        8.4891883562399855      138.2602948007867951
     -19.6371195401384782        8.5055640421065437      138.2595897177142774
     -19.6949696758290074        8.5133867858233518      138.2594562012191375
     -19.7612401391029273        8.5153388121718514      138.2597349109519769
     -19.8368163151687114        8.5175486743537228      138.2600541708525839
     -19.9222019879981573        8.5200450891753015      138.2604154492659632
     -20.0178736520072356        8.5228416424485829      138.2608210437672369
     -20.1242800455492414        8.5259509211725888      138.2612732221362819
     -20.2418409245258104        8.5293844237536565      138.2617742368089466
     -20.3709459105199109        8.5331524667735881      138.2623263422227922
     -20.5119534171136593        8.5372640891815994      138.2629318120035578
     -20.6651896563687814        8.5417269553534254      138.2635929616523924
     -20.8309477281270468        8.5465472580826489      138.2643121764656939
     -21.0094867951198090        8.5517296223258477      138.2650919407557524
     -21.2010313457891542        8.5572770108730971      138.2659348697559949
     -21.4057705473604329        8.5631906326405307      138.2668437373799861
     -21.6238576923257781        8.5694698537923735      138.2678214839222051
     -21.8554097354837360        8.5761121166299343      138.2688712632644297
     -22.1005069306724700        8.5831128641412455      138.2699964854228369
     -22.3591925839830665        8.5904654644295242      138.2712008451235022
     -22.6314729043336769        8.5981611312766688      138.2724883150362132
     -22.9173169411630333        8.6061888529273567      138.2738631959813915
     -23.2166566260203346        8.6145353272850365      138.2753301590865078
     -23.5293869248536289        8.6231849012246933      138.2768942257246749
     -23.8553660925238944        8.6321195211915960      138.2785607821081442
     -24.1944160304529703        8.6413186961787911      138.2803356268484265
     -24.5463227612381196        8.6507594656871056      138.2822249135287223
     -24.9108370037191875        8.6604163848248881      138.2842351635815703
     -25.2876748549523285        8.6702615238374143      138.2863732860432435
     -25.6765185882359184        8.6802644771602075      138.2886465065800508
     -26.0770175436594727        8.6903923951036468      138.2910623960202656
     -26.4887891354742884        8.7006100267699242      138.2936287981932537
     -26.9114199527721603        8.7108797846352051      138.2963538061915187
     -27.3444669626892782        8.7211618252763650      138.2992456831670154
     -27.7874588099384034        8.7314141503581926      138.3023127786709665
     -28.2398971726584911        8.7415927378945160      138.3055635023175114
     -28.7012581178632296        8.7516517297370768      138.3090062120766675
     -29.1709935618287766        8.7615436922483632      138.3126491561832552
     -29.6485328461363622        8.7712199166582288      138.3165003366390522
     -30.1332843716107810        8.7806307624892028      138.3205674322634309
     -30.6246373004603498        8.7897260334622160      138.3248576536393273
     -31.1219633054295457        8.7984553929121780      138.3293776947417371
     -31.6246183713667719        8.8067688038218890      138.3341336141919271
     -32.1319446361766978        8.8146169890597683      138.3391306579399895
     -32.6432722645523867        8.8219519134651634      138.3443731417881111
     -33.1579213526996455        8.8287272700972625      138.3498642191136696
     -33.6752038450596771        8.8348989860023508      138.3556058861273357
     -34.1944254710063049        8.8404257225307088      138.3615989508549831
     -34.7148876803881308        8.8452693593021401      138.3678429181939293
     -35.2358895859611962        8.8493954541615079      138.3743357963287224
     -35.7567299537205017        8.8527736807662212      138.3810740823312813
     -36.2767098378582560        8.8553780875505197      138.3880527042086044
     -36.7951352268706700        8.8571870226770422      138.3952649995147794
     -37.3113190127964103        8.8581829389962525      138.4027027763478372
     -37.8245828367637245        8.8583521658132991      138.4103562712961661
     -38.3342588602673473        8.8576846723726064      138.4182142861614864
     -38.8396914754037894        8.8561738035408037      138.4262641412112202
     -39.3402389438580116        8.8538160151580794      138.4344918394010051
     -39.8352749854105141        8.8506105854524630      138.4428820697714571
     -40.3241903191053197        8.8465593215696767      138.4514183896831412
     -40.8063941873685394        8.8416662374194050      138.4600833204143555
     -41.2813158935531916        8.8359371969814511      138.4688584678801249
     -41.7484056708384301        8.8293234866323651      138.4777282603860442
     -42.2071329835379885        8.8213758973062131      138.4867020004095650
     -42.6569945034065086        8.8115187839671663      138.4957966011774033
     -43.0975157157970230        8.7992515537401754      138.5050237569101625
     -43.5282455616600856        8.7841525369185298      138.5143897454315436
     -43.9487536568354713        8.7658816105744410      138.5238953528009915
     -44.3586281842590822        8.7441819923505708      138.5335357974782369
     -44.7574741659754096        8.7188811775473134      138.5433007444388238
     -45.1449128120110359        8.6898909300809191      138.5531743419685142
     -45.5205826815339094        8.6572061152164519      138.5631354540575444
     -45.8841430049604142        8.6209020208862590      138.5731576311808340
     -46.2352787208856739        8.5811299672000168      138.5832102342758105
     -46.5737061132716761        8.5381110353854464      138.5932592902347267
     -46.8991781261283833        8.4921281250352756      138.6032683019826663
     -47.2114895697894426        8.4435165453768448      138.6131991506428278
     -47.5104783516138625        8.3926537144727504      138.6230127935323821
     -47.7960242719570658        8.3399490727580137      138.6326701421361065
     -48.0680480101018190        8.2858344632458145      138.6421328591622739
     -48.3265103085593282        8.2307549900167452      138.6513638795628651
     -48.5714112740637347        8.1751604196568266      138.6603280299215157
     -48.8027897431239737        8.1194971703324264      138.6689926133643951
     -49.0207226768224302        8.0642009342280510      138.6773277985283528
     -49.2253245595846565        8.0096899903854251      138.6853068964469458
     -49.4167467845369544        7.9563592610474263      138.6929066703740148
     -49.5951770090375277        7.9045751379808484      138.7001075346301207
     -49.7608384685720679        7.8546711034388244      138.7068936588898964
     -49.9139892392914604        7.8069441592769788      138.7132530157109329
     -50.0549214416689097        7.7616520630567205      138.7191773754672965
     -50.1839603812311168        7.7190113563376217      138.7246622349767335
     -50.3014636189800086        7.6791961610869066      138.7297067179680994
     -50.4078199694833486        7.6423377063806184      138.7343134446751947
     -50.5034484253523885        7.6085245375552661      138.7384883738413919
     -50.5887970077257378        7.5778033510108429      138.7422406230769241
     -50.6643415434255004        7.5501803901690554      138.7455822729344561
     -50.7305843703073478        7.5237965406922944      138.7486272313252584
     -50.7880529732166863        7.4965748791996649      138.7515004682030622
     -50.8372985533657769        7.4689410954146993      138.7541913535499134
     -50.8788945345098966        7.4412849651598885      138.7566922074794036
     -50.9134350097470474        7.4139589089243563      138.7589982882915933
     -50.9415331329726371        7.3872850573925186      138.7611073160369415
     -50.9638194593303950        7.3615620534730724      138.7630190115160644
     -50.9809402391700033        7.3370723966620197      138.7647346096095475
     -50.9935556701659820        7.3140914147386171      138.7662562912477426
     -51.0023381123747939        7.2928996598112974      138.7675864411829423
     -51.0079702711071405        7.2738022276633618      138.7687265499723139
     -51.0111433525749192        7.2571626948667687      138.7696753598618784
     -51.0125551973372211        7.2434674448677487      138.7704254332512050
     -51.0129083966200625        7.2323745346620703      138.7710126511159103
     -51.0125551973372211        7.2212806800482658      138.7715817481747536
     -51.0111433525749192        7.2075816551733869      138.7722593912242530
     -51.0079702711071405        7.1909336396732817      138.7730454394439334
     -51.0023381123747868        7.1718211550624558      138.7738967294608017
     -50.9935556701659465        7.1506059389042029      138.7747767175934257
     -50.9809402391695983        7.1275912791130729      138.7756522059512179
     -50.9638194593276097        7.1030559599450331      138.7764916586645256
     -50.9415331329576730        7.0772735908199058      138.7772642856619711
     -50.9134350096808816        7.0505250123664416      138.7779394922797849
     -50.8788945342590537        7.0231072785682542      138.7784865115840205
     -50.8372985525280896        6.9953410119510977      138.7788741249372038
     -50.7880529707014148        6.9675772167432521      138.7790704134052930
     -50.7305843634098608        6.9402043558039148      138.7790424971150856
     -50.6643415259409622        6.9136469185831162      138.7787566969343516
     -50.5887969660545593        6.8858262452559957      138.7783046206348558
     -50.5034483308128799        6.8548814576882053      138.7777662360298052
     -50.4078197642993544        6.8208175201887267      138.7771288777880443
     -50.3014631912161292        6.7836799492959869      138.7763786211933166
     -50.1839595216464929        6.7435562311167150      138.7755003310681161
     -50.0549197718382786        6.7005766846737895      138.7744777523288349
     -49.9139860954452743        6.6549147097338279      138.7732936432950055
     -49.7608327191172464        6.6067863665392750      138.7719299514168370
     -49.5951667753616121        6.5564492458372081      138.7703680326915787
     -49.4167290242195634        6.5042006004876098      138.7685889208409264
     -49.2252944583155312        6.4503747222943542      138.7665736101042455
     -49.0206727799451443        6.3953395660140000      138.7643033659498712
     -48.8027087395586037        6.3394926388152522      138.7617600586103492
     -48.5712823240655851        6.2832561903480979      138.7589264790856021
     -48.3263087817277679        6.2270717591459572      138.7557866171512728
     -48.0677384700755894        6.1713941587677654      138.7523260397501872
     -47.7955565070806330        6.1166849954323990      138.7485322173710074
     -47.5097822023997054        6.0634058349177415      138.7443947053890554
     -47.2104682367322965        6.0120111723370213      138.7399053326372780
     -46.8976995417919937        5.9629413848461645      138.7350585175304332
     -46.5715918057560998        5.9166158595965017      138.7298513221969358
     -46.2322896214080714        5.8734265540433990      138.7242834335704345
     -45.8799668949149435        5.8337320167746070      138.7183574270477209
     -45.5148309934088928        5.7978510504918885      138.7120789486416754
     -45.1371267510833789        5.7660557126172920      138.7054569085704543
     -44.7471405537186087        5.7385637172471213      138.6985035183674313
     -44.3452035726523306        5.7155302917850133      138.6912339160577972
     -43.9316930195726627        5.6970398798937154      138.6836667517889339
     -43.5070310425021702        5.6830981740730024      138.6758242680406283
     -43.0716816419027637        5.6736250729851045      138.6677324116148213
     -42.6261463671787553        5.6684490051223353      138.6594207922524333
     -42.1709595074791253        5.6673029017317766      138.6509226523338327
     -41.7066825038038331        5.6698220110259800      138.6422746637601620
     -41.2338957170176243        5.6755452395126529      138.6335166580529972
     -40.7531971114413025        5.6841168968643627      138.6246833646393952
     -40.2652072001890673        5.6955614252059954      138.6157931415692417
     -39.7705642009328031        5.7099373349196298      138.6068618956566922
     -39.2699216559479680        5.7272810209860889      138.5979052755943144
     -38.7639466327544397        5.7476068493742716      138.5889385219768712
     -38.2533178264760068        5.7709074613062548      138.5799764456774597
     -37.7387236176185041        5.7971542910320588      138.5710332220711791
     -37.2208601048452508        5.8262983145402742      138.5621224446008739
     -36.7004291494950223        5.8582710014190811      138.5532569659713147
     -36.1781364360457971        5.8929854737441962      138.5444489517053626
     -35.6546895725316233        5.9303378387118606      138.5357097888220039
     -35.1307962325002521        5.9702086831879599      138.5270500882521674
     -34.6071624090693177        6.0124646948568676      138.5184796893852592
     -34.0844913336674651        6.0569602444891624      138.5100076408795076
     -33.5634823592215099        6.1035387467024576      138.5016422986795135
     -33.0448292163980781        6.1520339803589765      138.4933912821084903
     -32.5292182255426425        6.2022714655048068      138.4852616584708755
     -32.0173265495883541        6.2540698675811104      138.4772599853867234
     -31.5098204798220856        6.3072424140872521      138.4693922300924953
     -31.0073537600350129        6.3615983190661565      138.4616637989917649
     -30.5105659514272496        6.4169441996648882      138.4540796442514647
     -30.0200808356020943        6.4730854670097511      138.4466443580404587
     -29.5365048690181489        6.5298276774288109      138.4393622337161105
     -29.0604256750312899        6.5869778330292075      138.4322373165711326
     -28.5924105957140497        6.6443456163897485      138.4252733539099438
     -28.1330052812535598        6.7017445611886695      138.4184738878850567
     -27.6827323452958574        6.7589931378390338      138.4118422258238184
     -27.2420900603240597        6.8159157580907923      138.4053815169468464
     -26.8115510896020695        6.8723436894372121      138.3990947089954773
     -26.3915612288515611        6.9281159105433643      138.3929846039967515
     -25.9825383138726913        6.9830798718285392      138.3870537849045945
     -25.5848712019871023        7.0370921454554107      138.3813046755677760
     -25.1989188231584542        7.0900189527329411      138.3757395181058030
     -24.8250092872370232        7.1417365767666787      138.3703603714834856
     -24.4634390552183802        7.1921316633784977      138.3651691059270377
     -24.1144721846672816        7.2411014135441834      138.3601673470427045
     -23.7783396336549266        7.2885536816158050      138.3553565119432278
     -23.4552386502028050        7.3344069766899578      138.3507377347499130
     -23.1453322316012944        7.3785903853504022      138.3463118656473227
     -22.8487486613845689        7.4210434223920245      138.3420794915752765
     -22.5655811376595317        7.4617158131237842      138.3380408672782949
     -22.2958874797475985        7.5005672256343123      138.3341959206944978
     -22.0396899230142154        7.5375669587656819      138.3305442590564098
     -21.7969750093685839        7.5726935921789176      138.3270851217329493
     -21.5676935684176598        7.6059346115253312      138.3238173569122296
     -21.3517607986774252        7.6372860157045155      138.3207394382014570
     -21.1490564532077414        7.6667519048367261      138.3178494481426242
     -20.9594251057349084        7.6943440628097974      138.3151450496088728
     -20.7826765099264072        7.7200815460905607      138.3126234710223343
     -20.6185860542210939        7.7439902843332860      138.3102815207777780
     -20.4668953154218514        7.7661026934050028      138.3081155802703108
     -20.3273127080455644        7.7864573045210737      138.3061215977274117
     -20.1995142275937098        7.8050984111391921      138.3042950850166619
     -20.0831442859470286        7.8220757341386449      138.3026311157212831
     -19.9778166354020676        7.8374441054035291      138.3011243311693477
     -19.8831153797177116        7.8512631684037180      138.2997689484344619
     -19.7985960695881857        7.8635970939047795      138.2985587689603051
     -19.7237868791760604        7.8745143085811078      138.2974871899662048
     -19.6581906915000140        7.8841014552200539      138.2965464127547648
     -19.6016421034829094        7.8985495059237723      138.2953821118491362
     -19.5537508187076519        7.9206047347860702      138.2938330259403301
     -19.5137926309582284        7.9476780244714309      138.2920398813213012
     -19.4810627404614571        7.9778645656686784      138.2901053235904385
     -19.4548627550959097        8.0096941023861916      138.2881082351748603
     -19.4344943116663735        8.0419935655354049      138.2861114809774961
     -19.4192558477482216        8.0738028066617833      138.2841665641011559
     -19.4084409438808727        8.1043164743906821      138.2823167762944365
     -19.4013373617898637        8.1328371559345207      138.2805997192862151
     -19.3972261075913934        8.1587283850671923      138.2790498698430213
     -19.3953796776680427        8.1813531886170949      138.2777020353026955
     -19.3950580836379949        8.1999742414019625      138.2765971137725103
     -19.3955854073106870        8.2150315650420946      138.2757065346925458
