  -65.045416130884661       -30.960808587473014        95.406007837715137     
  -63.521416130884660       -30.981434950184791        95.469568158402296     
  -61.997416130884659       -31.002061312896569        95.533128479089456     
  -60.473416130884658       -31.022687675608346        95.596688799776615     
  -54.367983499650599       -31.105320791070387        95.851323482174990     
  -54.360146257673954       -31.105426863114790        95.851650344126000     
  -54.348888497313169       -31.105579405589737        95.852120405123117     
  -54.333610157558105       -31.105786758718118        95.852759365637993     
  -54.313721993021140       -31.106057247772675        95.853592880072142     
  -54.288647155193757       -31.106399201975197        95.854646614996028     
  -54.257822739446290       -31.106820977879647        95.855946321202111     
  -54.220701293609096       -31.107330986252791        95.857517916531577     
  -54.176752284220896       -31.107937722418686        95.859387579367535     
  -54.125463516544421       -31.108649799271916        95.861581850328861     
  -54.066342504563956       -31.109569054367451        95.864414542517736     
  -53.998917787355502       -31.110533036379255        95.867385060181434     
  -53.922740188353934       -31.111627918226226        95.870758944744253     
  -53.837384014196850       -31.112862026368603        95.874561851776249     
  -53.742448189989609       -31.114243772621876        95.878819697405945     
  -53.637557328009649       -31.115781678673883        95.883558731836928     
  -53.522362727050925       -31.117484400772039        95.888805612015759     
  -53.396543299800548       -31.119360754159263        95.894587471391560     
  -53.259806425126811       -31.121419732408956        95.900931970758933     
  -53.111888717789391       -31.123670488252142        95.907867225734449     
  -52.952556725658859       -31.126122351234550        95.915421840985275     
  -52.781607548433584       -31.128784855614789        95.923624966535215     
  -52.598869371859145       -31.131667750871042        95.932506287379567     
  -52.404201918589088       -31.134781010720765        95.942095990708410     
  -52.197496810130602       -31.138134816341740        95.952424629727503     
  -51.978677839564973       -31.141739518422241        95.963522890522810     
  -51.747701172438504       -31.145605682348442        95.975421573378370     
  -51.504555456415929       -31.149744112045124        95.988151453728847     
  -51.249261834735790       -31.154165832413867        96.001742944323723     
  -50.981873857646313       -31.158882005304754        96.016225459621523     
  -50.702477347976959       -31.163904086471639        96.031627400769636     
  -50.411190167635745       -31.169243948620853        96.047975874283054     
  -50.108161861766092       -31.174913870167572        96.065295781410910     
  -49.793573257259666       -31.180926750240861        96.083609448734151     
  -49.467635993904771       -31.187296311444694        96.102936509838571     
  -49.130591907664765       -31.194036834842809        96.123292847776469     
  -48.782712388227985       -31.201162993302450        96.144690373603993     
  -48.424297669658898       -31.208689574741406        96.167137030731013     
  -48.055675966524035       -31.216630706121027        96.190635729509282     
  -47.677202639374343       -31.224999471603766        96.215184769363461     
  -47.289259220532166       -31.233807202098323        96.240777309745368     
  -46.892252382280908       -31.243062846806314        96.267400996829267     
  -46.486612895073669       -31.252772653494542        96.295038358728334     
  -46.072794433700025       -31.262939508152382        96.323665913622548     
  -45.651272435616882       -31.273562963977202        96.353254866014353     
  -45.222542808977288       -31.284639171195245        96.383770894665702     
  -44.787120668788681       -31.296161336725003        96.415175492030642     
  -44.345538977148117       -31.308119277322223        96.447424534230549     
  -43.898347167715428       -31.320499496211951        96.480468452899515     
  -43.446109724857656       -31.333285219486978        96.514252252113749     
  -42.989404720598472       -31.346456538671976        96.548715811550508     
  -42.528822336056542       -31.359990569423882        96.583794192197303     
  -42.064963331669816       -31.373861645894099        96.619418003882373     
  -41.598437516894677       -31.388041568017734        96.655513887903780     
  -41.129862167605332       -31.402499861193039        96.692004993634043     
  -40.659860455493593       -31.417204086479643        96.728811570343453     
  -40.189059820856706       -31.432120156911342        96.765851543845685     
  -39.718090376602184       -31.447212689681528        96.803041177895807     
  -39.247583241845753       -31.462445337827216        96.840295709555548     
  -38.778168936013763       -31.477781106940444        96.877530070600173     
  -38.310475679620033       -31.493182630361549        96.914659529699591     
  -37.845127794008903       -31.508612479436284        96.951600437857920     
  -37.382743980737914       -31.524033416186068        96.988270791517309     
  -36.923935740117898       -31.539408703499614        97.024590969362066     
  -36.469305647188534       -31.554702317211298        97.060484165509067     
  -36.019445798903959       -31.569879242432499        97.095877082135132     
  -35.574936113213589       -31.584905635766674        97.130700211115538     
  -35.136342809904477       -31.599749089073857        97.164888431665815     
  -34.704216769847875       -31.614378746549708        97.198381161586894     
  -34.279092047098146       -31.628765509732471        97.231122785776066     
  -33.861484337279876       -31.642882132570680        97.263062754334030     
  -33.451889508921390       -31.656703324269447        97.294155714380238     
  -33.050782236021796       -31.670205863957207        97.324361688425114     
  -32.658614546205584       -31.683368573179653        97.353645825255654     
  -32.275814648075908       -31.696172486689029        97.381978758271131     
  -31.902785542097146       -31.708600702670825        97.409335985233724     
  -31.539903982592847       -31.720638531804159        97.435698188014527     
  -31.187519296983332       -31.732273368988157        97.461050723710485     
  -30.845952364422459       -31.743494654787987        97.485383415137548     
  -30.515494752574316       -31.754293912946299        97.508690597330357     
  -30.196407751012824       -31.764664529232917        97.530970391508944     
  -29.888921675010774       -31.774601772275567        97.552224742661409     
  -29.593235192386942       -31.784102706718848        97.572459145091557     
  -29.309514669921114       -31.793165995264985        97.591682044121114     
  -29.037893734948160       -31.801791883312813        97.609904813580897     
  -28.778472888435804       -31.809982110203823        97.627141521009094     
  -28.531319154915494       -31.817739723527961        97.643408406579653     
  -28.296465893341349       -31.825069002639271        97.658723706357321     
  -28.073912726951114       -31.831975425908510        97.673107616781493     
  -27.863625505466839       -31.838465521838135        97.686581907914174     
  -27.665536384909000       -31.844546764313737        97.699169676423296     
  -27.479544018732476       -31.850227501576512        97.710895207084718     
  -27.305513853438971       -31.855516911652302        97.721783916809287     
  -27.143278497677194       -31.860424921242789        97.731862184165792     
  -26.992638179326157       -31.864962122333186        97.741157168545513     
  -26.853361305741672       -31.869139722605837        97.749696729065306     
  -26.725185112564109       -31.872969502207940        97.757509358642366     
  -26.607816398795674       -31.876463776262248        97.764624131231017     
  -26.500932347842618       -31.879635367837658        97.771070676762861     
  -26.404181426089888       -31.882497576069945        97.776879137119138     
  -26.317184358943916       -31.885064145638363        97.782080122670621     
  -26.239535185812699       -31.887349248110112        97.786704702279692     
  -26.170802387601722       -31.889367466217955        97.790784400160973     
  -26.110530080941313       -31.891039204415812        97.794062391462930     
  -26.058239289630684       -31.892576753524224        97.797172473748063     
  -26.013429254213918       -31.893899280471008        97.799852656915206     
  -25.975578823199449       -31.895019951826207        97.802127374200509     
  -25.944147886485005       -31.895953025667968        97.804023811033460     
  -25.918578860809934       -31.896713732651570        97.805571587914230     
  -25.898298220688226       -31.897318158364310        97.806802448441672     
  -25.882718070428204       -31.897783128170545        97.807749956095890     
  -25.871237752747341       -31.898126095696284        97.808449203181766     
  -25.863245489407479       -31.898365036038371        97.808936535106810     
  -25.858120049228322       -31.898518344697234        97.809249292898329     
  -25.855232438784888       -31.898604743135639        97.809425576563854     
  -25.853947611058622       -31.898643191758328        97.809504031567684     
  -19.757626187291930       -32.081076336235732        98.181761658699500     
  -18.233626187291929       -32.126682217693961        98.274821158734582     
  -16.709626187291931       -32.172288099152190        98.367880658769664     
  -15.185626187291929       -32.217893980610420        98.460940158804746     
