  -68.100335449553000       -66.586048994818256       -5.8697830410014564     
  -66.576335449553000       -66.515782112042189       -5.1512325288135203     
  -65.052335449552999       -66.445515229266121       -4.4326820166255843     
  -63.528335449552998       -66.375248346490054       -3.7141315044376482     
  -57.422995778757368       -66.093750192319519      -0.83552589582116377     
  -57.415235837557212       -66.093392405653731      -0.83186716240651781     
  -57.404089215822346       -66.092878493014226      -0.82661170075808077     
  -57.388961895838641       -66.092181095970872      -0.81947950860922647     
  -57.369270643583981       -66.091273372823267      -0.81019571056928352     
  -57.344444597092121       -66.090129079637151      -0.79849131981118615     
  -57.313926823029682       -66.088722652052340      -0.78410398589481700     
  -57.277175836994758       -66.087029288252438      -0.76677872636273336     
  -57.233667083103263       -66.085025033601397      -0.74626863980528657     
  -57.182894368496640       -66.082686867553775      -0.72233559822794746     
  -57.124371248793253       -66.079992761895710      -0.69475091497043162     
  -57.057632452042007       -66.076912598450193      -0.66329546198758815     
  -56.982235081682411       -66.073415150931595      -0.62776071275578760     
  -56.897759758310912       -66.069475104573385      -0.58794974367540664     
  -56.803811821230575       -66.065067595677931      -0.54367749153409928     
  -56.700022402886439       -66.060168348095644      -0.49477132399343648     
  -56.586049428249893       -66.054753827252171      -0.44107160439309961     
  -56.461578533606996       -66.048801452367428      -0.38243226419377113     
  -56.326323900054987       -66.042289825426749      -0.31872140269523208     
  -56.180028996481596       -66.035198941989876      -0.24982194209552178     
  -56.022467227500300       -66.027510281088325      -0.17563237653794653     
  -55.853442468679987       -66.019207117175213       -9.6067673701225514E-002
  -55.672789485194087       -66.010274805290166       -1.1060397873885191E-002
  -55.480374224682329       -66.000700906651076        7.9437849410863987E-002
  -55.276093965750981       -65.990475253886729       0.17545454853620951     
  -55.059877300670578       -65.979590027179881       0.27699378462521912     
  -54.831683924869402       -65.968040056103703       0.38403296362772943     
  -54.591504209861768       -65.955823007294327       0.49651846483019541     
  -54.339358527933655       -65.942939187146010       0.61435988748057457     
  -54.075296267426104       -65.929391440536321       0.73742245059051248     
  -53.799394455105890       -65.915185776602456       0.86551695548696772     
  -53.511755923121918       -65.900331648903631       0.99838649896424514     
  -53.212506903111738       -65.884841788190485        1.1356888353013432     
  -52.901794145644409       -65.868733607343728        1.2769756637074734     
  -52.579782661939525       -65.852030965371526        1.4216779904121570     
  -52.246654606291344       -65.834765079470444        1.5691018719141379     
  -51.902609297067606       -65.816976509867928        1.7184351706755963     
  -51.547864499118035       -65.798716502227023        1.8687659328729136     
  -51.182658757696167       -65.780046603601974        2.0191102957926281     
  -50.807254225204780       -65.761038891706889        2.1684459427783689     
  -50.421939597509336       -65.741774151625108        2.3157466793520021     
  -50.027032721704764       -65.722339583967454        2.4600148802254682     
  -49.622882668992617       -65.702826743130657        2.6003101162435041     
  -49.209871246830211       -65.683327670231463        2.7357727320919634     
  -48.788413086895162       -65.663932864096154        2.8656364358456887     
  -48.358954368420001       -65.644731989770719        2.9892286304493894     
  -47.921971217779891       -65.625818113596409        3.1059693370181809     
  -47.477968217312423       -65.607279285512234        3.2153701925501910     
  -47.027476764073938       -65.589196187524578        3.3170333321561243     
  -46.571053356035328       -65.571640615204331        3.4106496441692422     
  -46.109277719834104       -65.554674506914225        3.4959962384616681     
  -45.642750812910116       -65.538349155732021        3.5729329679440895     
  -45.172092677898831       -65.522704863351692        3.6413980341684931     
  -44.697940165563807       -65.507770808947882        3.7014026535861455     
  -44.220944546642819       -65.493565087409692        3.7530248839312979     
  -43.741768994196939       -65.480095291890009        3.7964026941395721     
  -43.261085983045355       -65.467360099109811        3.8317264673300002     
  -42.779574607284424       -65.455350143814059        3.8592309977621104     
  -42.297918045889446       -65.444048658516436        3.8791882722999174     
  -41.816801260701503       -65.433432345407127        3.8919029994910028     
  -41.336908908190097       -65.423472212049759        3.8977091550569325     
  -40.858923137165412       -65.414134583783763        3.8969664770112824     
  -40.383521511242691       -65.405382425595022        3.8900569077575762     
  -39.911374815837590       -65.397176101575582        3.8773809614830075     
  -39.443145021244959       -65.389474611643010        3.8593541109749316     
  -38.979483138915825       -65.382236171886873        3.8364031571215991     
  -38.521027248579330       -65.375419421746471        3.8089626873107383     
  -38.068400443844901       -65.368983763360077        3.7774715628572038     
  -37.622208951613366       -65.362890441767249        3.7423695583479408     
  -37.183040201951329       -65.357102646540923        3.7040940773352418     
  -36.751461066704813       -65.351586426374155        3.6630770754062971     
  -36.328016086784579       -65.346310571899991        3.6197421026986447     
  -35.913225852665249       -65.341247295778601        3.5745015982267945     
  -35.507585414659935       -65.336372018042667        3.5277542935159292     
  -35.111562782252449       -65.331663723075778        3.4798826014359179     
  -34.725597499359957       -65.327104880532744        3.4312500723820909     
  -34.350099325259009       -65.322681184322292        3.3821992609133389     
  -33.985447068567282       -65.318381795533512        3.3330500522512314     
  -33.631987520391363       -65.314198604360115        3.2840983762717917     
  -33.290034527276958       -65.310126736867176        3.2356154016272729     
  -32.959868200262648       -65.306163811652198        3.1878470494841036     
  -32.641734252267639       -65.302308967565153        3.1410138712254727     
  -32.335843457572487       -65.298562535953309        3.0953112862972425     
  -32.042371213936178       -65.294925966032338        3.0509101237692149     
  -31.761457223405070       -65.291401819499711        3.0079574189142217     
  -31.493205287447338       -65.287993842375784        2.9665774220779455     
  -31.237683220803646       -65.284706320676435        2.9268727442501579     
  -30.994922864887631       -65.281543688705952        2.8889256466469431     
  -30.764920191557756       -65.278510554534904        2.8527994367281746     
  -30.547635509462200       -65.275611492557061        2.8185399022246274     
  -30.342993769765123       -65.272850631144010        2.7861767711732375     
  -30.150884958041779       -65.270231521546052        2.7557252344721510     
  -29.971164567975475       -65.267757110644013        2.7271874501501374     
  -29.803654152389964       -65.265429706180242        2.7005539498471878     
  -29.648141954309132       -65.263250813259944        2.6758049248754681     
  -29.504383604140216       -65.261221077659584        2.6529113917847496     
  -29.372102883471079       -65.259340282636586        2.6318362292305806     
  -29.250992555688182       -65.257607357500987        2.6125350835750254     
  -29.140715261321905       -65.256020406472643        2.5949571468689392     
  -29.040904478041000       -65.254576738679987        2.5790458137702430     
  -28.951165545616163       -65.253272878128271        2.5647392283301502     
  -28.871076752574918       -65.252104593689310        2.5519707374898029     
  -28.800190484013676       -65.251066947038666        2.5406692688042058     
  -28.738034430792066       -65.250154399575763        2.5307596532552492     
  -28.684112846493505       -65.249384504707294        2.5221639794267845     
  -28.637907898038709       -65.248757730585538        2.5148000149184568     
  -28.598881054694107       -65.248252022264325        2.5085812147615787     
  -28.566474514832699       -65.247848594424994        2.5034181336784238     
  -28.540112698470001       -65.247531459150878        2.4992186417093785     
  -28.519203787891303       -65.247286968959870        2.4958881462774025     
  -28.503141312567372       -65.247103382929836        2.4933298219457747     
  -28.491305774320388       -65.246970463277520        2.4914448481829625     
  -28.483066308525519       -65.246879109166855        2.4901326549459659     
  -28.477782376997538       -65.246821033847723        2.4892911756483711     
  -28.474805488101840       -65.246788490474273        2.4888171069727694     
  -28.473480939537559       -65.246774051137692        2.4886061749323147     
  -22.377149579162140       -65.180315951526424        1.5177760764300041     
  -20.853149579162139       -65.163702329690537        1.2750817439443747     
  -19.329149579162141       -65.147088707854650        1.0323874114587457     
  -17.805149579162141       -65.130475086018762       0.78969307897311614     
