     -25.8536261872919297     -102.8763930956463071        0.8214094279200748
     -25.8538172959873300     -102.8762695163098186        0.8352279264429958
     -25.8549430691547286     -102.8760571511664068        0.8522731707296529
     -25.8576405710714781     -102.8757101547560069        0.8729178510631608
     -25.8625527735921672     -102.8751910413771498        0.8964531030532180
     -25.8703157076047638     -102.8744622317200452        0.9222625154138685
     -25.8815576194106818     -102.8734869589255538        0.9497304865961251
     -25.8968978107956573     -102.8722299394733284        0.9781858630558544
     -25.9169453758433086     -102.8706579688161327        1.0068588747034946
     -25.9422979639397795     -102.8687405363641005        1.0348382063702271
     -25.9735406729062603     -102.8664505344129054        1.0610177373619705
     -26.0112452064545856     -102.8637651591868831        1.0840192881618838
     -26.0559695351786402     -102.8606671843862443        1.1020666220325970
     -26.1082585811829198     -102.8571470079396590        1.1127562618216131
     -26.1685903991095543     -102.8531451269326311        1.1185864273600805
     -26.2373912632474706     -102.8485684506715785        1.1252196061605999
     -26.3151174412819486     -102.8433811767007029        1.1327124646858615
     -26.4022009787858956     -102.8375481895185857        1.1411060473258205
     -26.4990483961702417     -102.8310349290806016        1.1504386404910900
     -26.6060395828447867     -102.8238073973978857        1.1607455571932479
     -26.7235267680823689     -102.8158321726930495        1.1720589001005053
     -26.8518335746749734     -102.8070764590968480        1.1844072998435964
     -26.9912541538776338     -102.7975081391059007        1.1978156253923014
     -27.1420524012768531     -102.7870958057883684        1.2123046643576476
     -27.3044612621826950     -102.7758088254631303        1.2278907730037467
     -27.4786821267899448     -102.7636174155026794        1.2445854961541662
     -27.6648843172097934     -102.7504927392893563        1.2623951585568685
     -27.8632046805923856     -102.7364071072842080        1.2813204315730387
     -28.0737472727320778     -102.7213341699357869        1.3013558778595384
     -28.2965831099686973     -102.7052489903265950        1.3224894785442083
     -28.5317499963176502     -102.6881282071070700        1.3447021611164112
     -28.7792524687308209     -102.6699503126073125        1.3679673448980469
     -29.0390618701455772     -102.6506960777280284        1.3922505057552299
     -29.3111164476340775     -102.6303486071914080        1.4175087606196493
     -29.5953215603508291     -102.6088935459723217        1.4436904896227236
     -29.8915500374350103     -102.5863196513175808        1.4707350108270754
     -30.1996425577642995     -102.5626190564031219        1.4985723103802921
     -30.5194080669596239     -102.5377873177662735        1.5271228409454058
     -30.8506243933026241     -102.5118240735524182        1.5562974123780893
     -31.1930388603716402     -102.4847333428210305        1.5859971722594022
     -31.5463689062930364     -102.4565235142063244        1.6161136869818722
     -31.9103029518871715     -102.4272081356737800        1.6465291502161301
     -32.2845011378052931     -102.3968058654001680        1.6771167018909918
     -32.6685962087129766     -102.3653407330420464        1.7077408818358679
     -33.0621945235314811     -102.3328426652082328        1.7382582228811367
     -33.4648769122955656     -102.2993471680545525        1.7685179677321596
     -33.8761999132385583     -102.2648959875060797        1.7983629342812353
     -34.2956969212363845     -102.2295366895102688        1.8276304415769600
     -34.7228795678715372     -102.1933229464657984        1.8561532977938058
     -35.1572389280282636     -102.1563142848054611        1.8837608637701044
     -35.5982468585227778     -102.1185759761662126        1.9102802060598307
     -36.0453573614140481     -102.0801788474777965        1.9355373271786975
     -36.4980079482021651     -102.0411988445143692        1.9593584599653657
     -36.9556211189866417     -102.0017167736347261        1.9815714229009238
     -37.4176057736954775     -101.9618176636793834        2.0020070135874408
     -37.8833587701742971     -101.9215903616390477        2.0205004388362351
     -38.3522663963154358     -101.8811267675756653        2.0368927557885810
     -38.8237059815276808     -101.8405212670471229        2.0510323201280380
     -39.2970474362708799     -101.7998698897742855        2.0627762167678263
     -39.7716549015377794     -101.7592696117461770        2.0719916655840427
     -40.2468883554966865     -101.7188174706478918        2.0785573797032697
     -40.7221051892715522     -101.6786098160659861        2.0823648778493364
     -41.1966607126394990     -101.6387414962862010        2.0833199538512530
     -41.6699086530244216     -101.5993052123903055        2.0813445683502616
     -42.1412027111878444     -101.5603905976199712        2.0763787774432259
     -42.6098982930179346     -101.5220835868846194        2.0683825071929900
     -43.0753542975619510     -101.4844655057594451        2.0573371255755286
     -43.5369349611266756     -101.4476126340118043        2.0432467991684380
     -43.9940117220046858     -101.4115953598405895        2.0261395937102140
     -44.4459651112905902     -101.3764779834290550        2.0060683239930079
     -44.8921865922120276     -101.3423180072190490        1.9831111225538205
     -45.3320803594476232     -101.3091661722112349        1.9573717570656812
     -45.7650649636473474     -101.2770660024297626        1.9289796926512317
     -46.1905711370462200     -101.2460551932142891        1.8980396019976415
     -46.6080188926428178     -101.2161729185046113        1.8643209045251952
     -47.0168319060898128     -101.1874536970363607        1.8275052947287356
     -47.4164557479589845     -101.1599230988655336        1.7873674208316250
     -47.8063700571423240     -101.1335967914866387        1.7437738922055654
     -48.1860962554591268     -101.1084814448040277        1.6966786250477097
     -48.5552037675477735     -101.0845742402637057        1.6461162350232112
     -48.9133154419880682     -101.0618642459691472        1.5921937934187966
     -49.2601108762329858     -101.0403328038023147        1.5350814076357915
     -49.5953265901770308     -101.0199544473478568        1.4750024344629018
     -49.9187525410200195     -101.0006987419942561        1.4122242351519683
     -50.2302255395676482     -100.9825308721213446        1.3470501603023159
     -50.5296215443702437     -100.9654133389701656        1.2798130573399273
     -50.8168482242927979     -100.9493073538267396        1.2108701185458561
     -51.0918373998989210     -100.9341732865362360        1.1405990885879940
     -51.3545436307683332     -100.9199715724147666        1.0693946521904705
     -51.6049464224352548     -100.9066632491308013        0.9976638228926011
     -51.8430518478695674     -100.8942099379888191        0.9258206549381557
     -52.0688936277771717     -100.8825740150871866        0.8542805967614117
     -52.2825338237511161     -100.8717191741089891        0.7834547234930788
     -52.4840631905870154     -100.8616105577490174        0.7137440332896446
     -52.6736012697081293     -100.8522147382492733        0.6455339692368350
     -52.8512962795776389     -100.8434996798741992        0.5791892970895992
     -53.0173248508329777     -100.8354348671429221        0.5150494431528921
     -53.1718916165755147     -100.8279912334085253        0.4534243702077045
     -53.3152286905477695     -100.8211410335355538        0.3945910520529500
     -53.4475950549831040     -100.8148576835334325        0.3387905864750971
     -53.5692758723092908     -100.8091155151724223        0.2862259680048062
     -53.6805817452793264     -100.8038896731236065        0.2370605260382566
     -53.7818479280791664     -100.7991559983702388        0.1914170171898222
     -53.8734334927993501     -100.7948908353641997        0.1493773480776086
     -53.9557204605714986     -100.7910708500185279        0.1109828932997214
     -54.0291129005334696     -100.7876728641870017        0.0762353629270879
     -54.0940359979021963     -100.7846737096602965        0.0450981655406401
     -54.1507800414132134     -100.7820575296653516        0.0158696250729170
     -54.1996390903560155     -100.7798071046101569       -0.0133478435769281
     -54.2411405993268829     -100.7778941645379689       -0.0422226070334925
     -54.2758286328299562     -100.7762909874079753       -0.0704569748441958
     -54.3042623787057082     -100.7749702713646798       -0.0977883299897097
     -54.3270153329395740     -100.7739049842541590       -0.1239826758891203
     -54.3446744154664785     -100.7730682326190390       -0.1488284185480766
     -54.3578390892751173     -100.7724331472334143       -0.1721296651950974
     -54.3671205789918019     -100.7719727849354854       -0.1936980721644340
     -54.3731413456198993     -100.7716600457060423       -0.2133416403327419
     -54.3765351185704233     -100.7714676006144714       -0.2308473396377622
     -54.3779481422057529     -100.7713678200332765       -0.2459507049673966
     -54.3780429795449152     -100.7713326796004338       -0.2582783472556264
     -54.3774161308846615     -100.7713351866538005       -0.2681955137438463
     -54.3761602959106014     -100.7713653971986929       -0.2780527543990121
     -54.3737408830679527     -100.7714410063445456       -0.2901408547444289
     -54.3695031945749463     -100.7715901925408275       -0.3047058551416639
     -54.3628670433955250     -100.7718398639608068       -0.3212559631292331
     -54.3532477154664520     -100.7722170580936307       -0.3394094309815638
     -54.3400630831252158     -100.7727488597790568       -0.3588373804692780
     -54.3227381186606948     -100.7734623785579799       -0.3792337079464454
     -54.3007081419344715     -100.7743847604962752       -0.4002980127755574
     -54.2734214507458930     -100.7755432211163509       -0.4217246905667725
     -54.2403416266635787     -100.7769650910910286       -0.4431950719588399
     -54.2009496647735460     -100.7786778691859553       -0.4643710044686752
     -54.1547460155925720     -100.7807092793676276       -0.4848889094366856
     -54.1012526037383950     -100.7830873257743320       -0.5043535947271317
     -54.0400140753919942     -100.7858403340970312       -0.5223396415601362
     -53.9703836362021363     -100.7889949448737781       -0.5406549033957400
     -53.8917551917478690     -100.7925770298634802       -0.5609155527769891
     -53.8037044097003445     -100.7966136667323411       -0.5830770641403987
     -53.7058349703508426     -100.8011322637167950       -0.6070612700070047
     -53.5977797669597038     -100.8061606674448001       -0.6327552098202157
     -53.4792019982343803     -100.8117272722327868       -0.6600104699645611
     -53.3497961488135957     -100.8178611267922520       -0.6886430734991236
     -53.2092888534200554     -100.8245919860498390       -0.7184339717388227
     -53.0574396431052051     -100.8319502607820795       -0.7491301826065196
     -52.8940415901128773     -100.8399671273378999       -0.7804466149319554
     -52.7189218464813791     -100.8486745628380277       -0.8120686058520971
     -52.5319420873614149     -100.8581053248771440       -0.8436551909652211
     -52.3329988729579867     -100.8682928824450755       -0.8748431177418580
     -52.1220239387523563     -100.8792711539535247       -0.9052516026564393
     -51.8989844488792045     -100.8910742912574108       -0.9344878279452478
     -51.6638832417928811     -100.9037365472065488       -0.9621531663835456
     -51.4167590885218573     -100.9172919754815609       -0.9878501160531372
     -51.1576869951805833     -100.9317737516827975       -1.0111899271139537
     -50.8867786346761264     -100.9472135477005423       -1.0318009148759797
     -50.6041830150969929     -100.9636413225668576       -1.0493374685474208
     -50.3100874632728576     -100.9810846054375446       -1.0634897809491690
     -50.0047189078929506     -100.9995672575761034       -1.0739943545839714
     -49.6883413888644370     -101.0191094200083199       -1.0806445741038937
     -49.3612473596872903     -101.0397274747539171       -1.0832994749352338
     -49.0237489779449120     -101.0614333709933703       -1.0818904494703212
     -48.6761691797506444     -101.0842353780545864       -1.0764256784883210
     -48.3188338922061646     -101.1081381314021144       -1.0669922061241568
     -47.9520672014140814     -101.1331422401047035       -1.0537560605688001
     -47.5761902406341335     -101.1592450277286019       -1.0369610480392151
     -47.1915230244418638     -101.1864396020563674       -1.0169267229993495
     -46.7983882153917250     -101.2147149447003898       -0.9940458599540806
     -46.3971156090563994     -101.2440556398895382       -0.9687814832642708
     -45.9880477894236250     -101.2744410168540696       -0.9416635691202495
     -45.5715501518199133     -101.3058450889261906       -0.9132856973502562
     -45.1480265850096814     -101.3382360830784990       -0.8841240454833442
     -44.7179312899652146     -101.3715779884590091       -0.8542900572240502
     -44.2817431620775608     -101.4058285909361814       -0.8238411722060486
     -43.8399608422185310     -101.4409398640016065       -0.7928315537563233
     -43.3931014855971497     -101.4768576816074841       -0.7613124205270180
     -42.9416996004952480     -101.5135223066543659       -0.7293324108562472
     -42.4863058883985261     -101.5508684512339102       -0.6969379861807432
     -42.0274860216681745     -101.5888257627905915       -0.6641738873621675
     -41.5658193765369788     -101.6273191450063962       -0.6310836402251276
     -41.1018976399568743     -101.6662693136954090       -0.5977101091731223
     -40.6363233592269637     -101.7055933098511389       -0.5640960892364495
     -40.1697083338057226     -101.7452051429602307       -0.5302849271195200
     -39.7026718621494510     -101.7850164562925954       -0.4963211475466657
     -39.2358378309462097     -101.8249373227594106       -0.4622508635767135
     -38.7698319326207397     -101.8648770874058300       -0.4281216983759066
     -38.3052798173895468     -101.9047450601058955       -0.3939825290540171
     -37.8428054319313603     -101.9444513074166707       -0.3598832088345704
     -37.3830292029605431     -101.9839072616182989       -0.3258742756165716
     -36.9265663425109096     -102.0230265209621052       -0.2920066536114004
     -36.4740249875126352     -102.0617253359519054       -0.2583313514565282
     -36.0260044929241872     -102.0999233716966899       -0.2248991637784790
     -35.5830935666058323     -102.1375440503580592       -0.1917603789003953
     -35.1458685678290337     -102.1745152134857335       -0.1589644990361679
     -34.7148916879411757     -102.2107693428459498       -0.1265599750303485
     -34.2907092645782612     -102.2462440362988900       -0.0945939604200654
     -33.8738500697375642     -102.2808821867469362       -0.0631120864215786
     -33.4648236408366770     -102.3146321331903295       -0.0321582603959821
     -33.0641187418063325     -102.3474479286245327       -0.0017744890441604
     -32.6722017810073666     -102.3792890803554769        0.0279992643093349
     -32.2895155918286534     -102.4101209828492358        0.0571251483169035
     -31.9164778525983799     -102.4399143004265085        0.0855674425428354
     -31.5534798283503335     -102.4686453212313353        0.1132925778148756
     -31.2008850113338170     -102.4962954943141114        0.1402691640863653
     -30.8590279249800687     -102.5228511858817200        0.1664680260638549
     -30.5282131339815770     -102.5483037838226039        0.1918622469324736
     -30.2087141676998137     -102.5726489390853118        0.2164272174836148
     -29.9007727358911239     -102.5958865850624733        0.2401406919458033
     -29.6045980065898604     -102.6180206899325356        0.2629828477560710
     -29.3203659143328892     -102.6390586055209724        0.2849363468099398
     -29.0482187052780461     -102.6590110208357913        0.3059863988056512
     -28.7882645609174119     -102.6778917344022233        0.3261208231581911
     -28.5405772668991951     -102.6957170820443253        0.3453301066799603
     -28.3051960567285690     -102.7125057272716759        0.3636074571272787
     -28.0821255878463134     -102.7282786132341101        0.3809488504432228
     -27.8713359588709473     -102.7430585499404856        0.3973530680536587
     -27.6727628315954952     -102.7568699291286691        0.4128217268231944
     -27.4863076600372054     -102.7697385625097866        0.4273593089249985
     -27.3118380531047400     -102.7816916044784961        0.4409731831403816
     -27.1491882161686533     -102.7927573654215507        0.4536736071231022
     -26.9981594750408185     -102.8029651017136104        0.4654737102976297
     -26.8585208994066420     -102.8123449166096748        0.4763894585199413
     -26.7300100100953877     -102.8209276792855462        0.4864396009526530
     -26.6123335675672585     -102.8287449589260376        0.4956456002323401
     -26.5051684412756785     -102.8358289888774948        0.5040315473909462
     -26.4081625519630698     -102.8422126151320128        0.5116240630200642
     -26.3209358860258078     -102.8479292427886520        0.5184521867762167
     -26.2430815839764122     -102.8530128198961222        0.5245472577700977
     -26.1741670963857551     -102.8574978296609004        0.5299427882346956
     -26.1137352800485267     -102.8614192281523430        0.5346873953694822
     -26.0612527125207869     -102.8647864510291754        0.5444352591284215
     -26.0161941186760579     -102.8676222211853286        0.5616757219916779
     -25.9780602267666580     -102.8699717547163459        0.5839958468667861
     -25.9463268265757847     -102.8718785627148264        0.6096096120368945
     -25.9204484305274683     -102.8733858204099079        0.6371287538305734
     -25.8998610022381577     -102.8745369737022060        0.6654367939151242
     -25.8839842638297775     -102.8753759913936960        0.6936118120813498
     -25.8722238122277446     -102.8759474506912994        0.7208732125213742
     -25.8639731694775286     -102.8762965608640911        0.7465388227372707
     -25.8586158617158475     -102.8764692057939669        0.7699818571450524
     -25.8555276468396151     -102.8765121055383673        0.7905745841693379
     -25.8540790944459573     -102.8764732616395747        0.8075967123128577
     -25.8536261872919297     -102.8763930956463071        0.8214094279200748
