  -67.232367379822804       -23.810149535097132       -72.072486473581250     
  -65.708367379822803       -23.812272343445187       -72.078912139890136     
  -64.184367379822802       -23.814395151793242       -72.085337806199021     
  -62.660367379822802       -23.816517960141297       -72.091763472507907     
  -56.554777264141819       -23.825022551786560       -72.117506572706205     
  -56.546809188626774       -23.825033650669251       -72.117540168634278     
  -56.535363516623839       -23.825049756627021       -72.117588920802902     
  -56.519830198912672       -23.825071922342222       -72.117656015644883     
  -56.499610199870027       -23.825101307283909       -72.117744962834152     
  -56.474117110393344       -23.825139213156739       -72.117859702593776     
  -56.442778726480434       -23.825187123409574       -72.118004725305255     
  -56.405038589189061       -23.825246746333793       -72.118185202019845     
  -56.360357481798978       -23.825320061246369       -72.118407124399837     
  -56.308214880109347       -23.825409367214469       -72.118677452564370     
  -56.248110351928062       -23.825663145570338       -72.119445636609910     
  -56.179564901945909       -23.825816345112624       -72.119909381278035     
  -56.102122258339193       -23.825993646315322       -72.120446101916428     
  -56.015350097455595       -23.826197691587840       -72.121063821895234     
  -55.918841202461167       -23.826431385222129       -72.121771381922741     
  -55.812214554717521       -23.826697921172354       -72.122578544424243     
  -55.695116354162423       -23.827000810001582       -72.123496109149613     
  -55.567220965617167       -23.827343893036950       -72.124536011324025     
  -55.428231788908363       -23.827731346042523       -72.125711420049754     
  -55.277882050707603       -23.828167667361935       -72.127036836611353     
  -55.115935516288900       -23.828657643423252       -72.128528191551041     
  -54.942187117888587       -23.829206252997427       -72.130202850963258     
  -54.756463499925758       -23.829818519050765       -72.132079594824418     
  -54.558623485219137       -23.830499367963021       -72.134178795283134     
  -54.348558456157456       -23.831253384192500       -72.136522516826190     
  -54.126192652528545       -23.832084456143928       -72.139134603356325     
  -53.891483382686786       -23.832995202181621       -72.142040515746217     
  -53.644421157800799       -23.833986284709702       -72.145267374508038     
  -53.385029753856664       -23.835055600122732       -72.148844336051113     
  -53.113366195485135       -23.836197101445933       -72.152802782947433     
  -52.829520663650939       -23.837399103358212       -72.157176162239878     
  -52.533616352217415       -23.838642297363233       -72.162000557417400     
  -52.225809274162216       -23.839897144748097       -72.167315521922362     
  -51.906287995305902       -23.841120541706669       -72.173164256790798     
  -51.575273244277149       -23.842253507039548       -72.179593990653473     
  -51.233017365166774       -23.843220510299222       -72.186656307995989     
  -50.879803587076424       -23.843929992571507       -72.194405767835349     
  -50.515945135561886       -23.844276893008708       -72.202898958897435     
  -50.141784192287453       -23.844146540087994       -72.212193020471872     
  -49.757690727037151       -23.843419038756668       -72.222342954944040     
  -49.364061262585942       -23.841974351983023       -72.233400444923660     
  -48.961317580698029       -23.839696608979931       -72.245411313899410     
  -48.549905393976523       -23.836478205189053       -72.258414191139821     
  -48.130293000596261       -23.832223108390959       -72.272439158905016     
  -47.702969963728982       -23.826848482047172       -72.287506656300337     
  -47.268445833877102       -23.820284969424140       -72.303628336649652     
  -46.827248843274973       -23.812476458441605       -72.320807152239539     
  -46.379924526126004       -23.803379818123684       -72.339037133973818     
  -45.927034332142455       -23.792964461445031       -72.358302752733110     
  -45.469154153956737       -23.781212271609260       -72.378579689359910     
  -45.006872886408061       -23.768117086157272       -72.399834673277098     
  -44.540790880727300       -23.753684355382692       -72.422026317136115     
  -44.071518461316529       -23.737930401459661       -72.445105219280805     
  -43.599674328557853       -23.720881845878619       -72.469015051501628     
  -43.125884056066411       -23.702574753064461       -72.493693226672079     
  -42.650778438800799       -23.683053718181448       -72.519071793213627     
  -42.174991961509306       -23.662370791588156       -72.545078170049436     
  -41.699161118824762       -23.640584413166842       -72.571636162180198     
  -41.223922859223471       -23.617758427060142       -72.598666846436302     
  -40.749912855601153       -23.593961511968779       -72.626089394658806     
  -40.277763907819015       -23.569266775195324       -72.653821909526656     
  -39.808104198738754       -23.543751260169245       -72.681782036192004     
  -39.341555696168101       -23.517495510570349       -72.709887797989680     
  -38.878732424844401       -23.490583019010735       -72.738058104277229     
  -38.420238886486835       -23.463099767247680       -72.766213556243841     
  -37.966668362002721       -23.435133623852209       -72.794276804251993     
  -37.518601373145323       -23.406773876900083       -72.822173304692271     
  -37.076604027428537       -23.378110587957465       -72.849831480531748     
  -36.641226548898288       -23.349234147029698       -72.877183454815210     
  -36.213001678428455       -23.320234584109986       -72.904164953128742     
  -35.792443298319604       -23.291201178948619       -72.930716053202175     
  -35.380044909430403       -23.262221745219193       -72.956780817020459     
  -34.976278359402436       -23.233382308557612       -72.982308043754699     
  -34.581592438588345       -23.204766407215480       -73.007250745717315     
  -34.196411697288056       -23.176454730180506       -73.031566695478375     
  -33.821135225295158       -23.148524506509890       -73.055218128631182     
  -33.456135534422998       -23.121049079078723       -73.078171797230254     
  -33.101757554690593       -23.094097623022432       -73.100399240391070     
  -32.758317598098728       -23.067734588039759       -73.121875937686809     
  -32.426102513194103       -23.042019546379017       -73.142581509015599     
  -32.105368855191280       -23.017006946753067       -73.162499394928261     
  -31.796342149133142       -22.992745970812940       -73.181616649788211     
  -31.499216287222119       -22.969280604349155       -73.199924225608939     
  -31.214152945549863       -22.946649475816738       -73.217416340839335     
  -30.941281115563033       -22.924885857204245       -73.234090207013324     
  -30.680696752836194       -22.904017836434864       -73.249946168720271     
  -30.432462483381947       -22.884068343959306       -73.264987265156321     
  -30.196607408973563       -22.865055247122818       -73.279218913649586     
  -29.973127019063046       -22.846991550331865       -73.292648860071040     
  -29.761983194944378       -22.829885606993766       -73.305287116126252     
  -29.563104294882958       -22.813741256805791       -73.317145614853544     
  -29.376385339589735       -22.798558040073100       -73.328238061569962     
  -29.201688291472042       -22.784331430447146       -73.338579831504276     
  -29.038842427113487       -22.771053079611075       -73.348187932741155     
  -28.887644797428553       -22.758711013815553       -73.357080851577152     
  -28.747860777391079       -22.747289821636265       -73.365278412123516     
  -28.619224705159013       -22.736770849946353       -73.372801708804218     
  -28.501440607118234       -22.727132387667353       -73.379673047231790     
  -28.394183006654998       -22.718349837038719       -73.385915891631768     
  -28.297097814276814       -22.710395874561847       -73.391554822592909     
  -28.209803296404520       -22.703240602521213       -73.396615502806029     
  -28.131891119683480       -22.696851683523054       -73.401124619149797     
  -28.062927468049676       -22.691194474181902       -73.405109844716307     
  -28.002454089145697       -22.686098759557169       -73.408158997758576     
  -27.949990117363772       -22.681802685771654       -73.411216923542597     
  -27.905032522729609       -22.678128997141808       -73.413863183022201     
  -27.867058057697204       -22.675031479886581       -73.416117000269892     
  -27.835524545388004       -22.672463201960635       -73.418001484767487     
  -27.809872356751825       -22.670376517939669       -73.419543157835960     
  -27.789525933929376       -22.668723081039637       -73.420771487883798     
  -27.773895355557389       -22.667453863950868       -73.421718440881378     
  -27.762377939658268       -22.666519189912293       -73.422418052117308     
  -27.754359879666570       -22.665868775243524       -73.422906024849809     
  -27.749217909066786       -22.665451784364802       -73.423219360946931     
  -27.746320990051526       -22.665216898153574       -73.423396028026829     
  -27.745032021557549       -22.665112396299097       -73.423474666976162     
  -21.648709561999723       -22.170859041397506       -73.795406483194824     
  -20.124709561999722       -22.047302238445081       -73.888384518998777     
  -18.600709561999722       -21.923745435492656       -73.981362554802729     
  -17.076709561999721       -21.800188632540230       -74.074340590606681     
