  -62.521566555790287        104.53620106881590        76.277702490363865     
  -60.997566555790286        104.54280228364875        76.271308573788019     
  -59.473566555790285        104.54940349848161        76.264914657212174     
  -57.949566555790284        104.55600471331446        76.258520740636328     
  -51.843589773422416        104.58245278713653        76.232903216908952     
  -51.835300434623264        104.58248869245558        76.232868439126307     
  -51.823393292998681        104.58254048624536        76.232818641770535     
  -51.807233710622512        104.58261118856556        76.232751359853594     
  -51.786198511949507        104.58270393281838        76.232664295282717     
  -51.759677663303890        104.58282200858636        76.232555360431121     
  -51.727075916861267        104.58296890980631        76.232422725332555     
  -51.687814414685171        104.58314838759807        76.232264867966990     
  -51.641332248485341        104.58336450702488        76.232080627067091     
  -51.587087970882813        104.58362170702628        76.231869256841605     
  -51.524561054092203        104.58392484608838        76.231630470836691     
  -51.453253292017472        104.58427436193652        76.231360924081187     
  -51.372690142054289        104.58467002323553        76.231056956938247     
  -51.282422002982223        104.58511469619935        76.230717348733677     
  -51.182025425431192        104.58561143340535        76.230341202892106     
  -51.071104251681348        104.58616355910610        76.229928014172998     
  -50.949290681730957        104.58677476730932        76.229477742415810     
  -50.816246262776843        104.58744923154883        76.228990890756535     
  -50.671662799473125        104.58819172474159        76.228468585372823     
  -50.515263182383165        104.58900774264082        76.227912649562668     
  -50.346802131556707        104.58990360658788        76.227325651101637     
  -50.166066855798491        104.59088660262702        76.226710960000247     
  -49.972877624728746        104.59196512430535        76.226072786918024     
  -49.767088251777388        104.59314880540269        76.225416184534410     
  -49.548586487021929        104.59444863245970        76.224746994553598     
  -49.317294316892962        104.59587693871737        76.224071655944115     
  -49.073168176706290        104.59744756642961        76.223397067335242     
  -48.816199072580652        104.59917605330773        76.222730377415729     
  -48.546412610567884        104.60107973482226        76.222078597499873     
  -48.263868932638964        104.60317771316014        76.221447965221046     
  -47.968662570822545        104.60549122558878        76.220843400451983     
  -47.660922213000234        104.60804400915089        76.220267694864631     
  -47.340810378823754        104.61086244446818        76.219720190071058     
  -47.008523017229301        104.61397620670847        76.219195573018382     
  -46.664289004701232        104.61741868125901        76.218682972508873     
  -46.308369530515321        104.62122646549341        76.218165210221784     
  -45.941057386006463        104.62543910833038        76.217619094517275     
  -45.562676146019477        104.63009809391947        76.217016083088012     
  -45.173579249881740        104.63524532264420        76.216323341752812     
  -44.774148999475301        104.64092192014240        76.215505482793887     
  -44.364795470495380        104.64716619908472        76.214525782396464     
  -43.945955361609435        104.65401265979423        76.213347992725900     
  -43.518090776225165        104.66149055059314        76.211937530230188     
  -43.081687945570586        104.66962300633440        76.210262695146753     
  -42.637255907957623        104.67842647968330        76.208295226500539     
  -42.185325147074458        104.68791242449694        76.206011516007578     
  -41.726446178211241        104.69808981224857        76.203394292206525     
  -41.261188079113175        104.70896192650110        76.200430177787155     
  -40.790136973662335        104.72052601944583        76.197109308814404     
  -40.313894470493004        104.73277326250027        76.193425119164971     
  -39.833076062596092        104.74568898918331        76.189374267513671     
  -39.348309490345166        104.75925283664097        76.184956416091467     
  -38.860233075973525        104.77343907615510        76.180174065951519     
  -38.369494025951411        104.78821697006782        76.175032336416777     
  -37.876746719086903        104.80355116238682        76.169538695461753     
  -37.382650962603343        104.81940222914206        76.163702743981673     
  -36.887870252727375        104.83572713120448        76.157535873464951     
  -36.393069999579645        104.85247989512186        76.151051050993743     
  -35.898915774903742        104.86961207083603        76.144262503007454     
  -35.406071516463626        104.88707330972873        76.137185703143928     
  -34.915197772375407        104.90481171273331        76.129837273017657     
  -34.426949911245302        104.92277435561756        76.122235006009404     
  -33.941976383884317        104.94090767380824        76.114397782759482     
  -33.460916963520859        104.95915794179493        76.106345551737888     
  -32.984401039674715        104.97747166483367        76.098099245605937     
  -32.513045909666495        104.99579602135664        76.089680736475771     
  -32.047455122367772        105.01407923398772        76.081112744010667     
  -31.588216837555482        105.03227091391695        76.072418731857937     
  -31.135902239781409        105.05032237625265        76.063622792638895     
  -30.691063982263255        105.06818694486850        76.054749537878266     
  -30.254234693634476        105.08582021379760        76.045823970387005     
  -29.825925517730955        105.10318025459684        76.036871334542212     
  -29.406624736409640        105.12022783536452        76.027916992712306     
  -28.996796416662892        105.13692650398842        76.018986219739674     
  -28.596879170521067        105.15324279932111        76.010104087636293     
  -28.207284925991193        105.16914623389056        76.001295196348778     
  -27.828397832695526        105.18460948333768        75.992583589449850     
  -27.460573183414059        105.19960828706935        75.983992499510123     
  -27.104136456038660        105.21412151151235        75.975544249326092     
  -26.759382422037273        105.22813110543603        75.967260111372823     
  -26.426574321372208        105.24162194958920        75.959160126470934     
  -26.105943163159843        105.25458188709270        75.951263085580564     
  -25.797687073885200        105.26700151623658        75.943586370283342     
  -25.501970752008443        105.27887406278323        75.936145878399415     
  -25.218925029550054        105.29019533107380        75.928956030542423     
  -24.948646497186111        105.30096346721537        75.922029662292715     
  -24.691197236541655        105.31117880349093        75.915377992964707     
  -24.446604658036211        105.32084377640521        75.909010661950248     
  -24.214861417240307        105.32996273332728        75.902935696070884     
  -23.995925427744069        105.33854175408221        75.897159496222230     
  -23.789719975342514        105.34658852394003        75.891686867887614     
  -23.596133928967614        105.35411223063680        75.886521077201465     
  -23.415022036785434        105.36112340280953        75.881663867179014     
  -23.246205317534905        105.36763377714736        75.877115491096347     
  -23.089471545939144        105.37365619474480        75.872874761693055     
  -22.944575828448144        105.37920450880640        75.868939102490231     
  -22.811241268487574        105.38429351087764        75.865304605858498     
  -22.689159716200720        105.38893884727432        75.861966077243679     
  -22.577992603094160        105.39315694758447        75.858917081486268     
  -22.477371860108818        105.39696497210473        75.856149996621156     
  -22.386900915455922        105.40038076734490        75.853656068141817     
  -22.306155769435303        105.40342282830743        75.851425463882123     
  -22.234686143267048        105.40611026628710        75.849447329898510     
  -22.172016698769102        105.40846280625065        75.847709865980278     
  -22.117648325934944        105.41051134973182        75.846207983180648     
  -22.071059493369688        105.41227993569808        75.844930435300512     
  -22.031707659589262        105.41378325760536        75.843858117332360     
  -21.999030741204411        105.41503816821277        75.842972403534063     
  -21.972448633115366        105.41606342179897        75.842255046007566     
  -21.951364776991579        105.41687942167363        75.841688079526634     
  -21.935167773755673        105.41750797581325        75.841253734532330     
  -21.923233035694643        105.41797206352253        75.840934360188314     
  -21.914924473715963        105.41829561583569        75.840712359211693     
  -21.909596215173064        105.41850331214391        75.840570136010811     
  -21.906594347604095        105.41862039527217        75.840490059462851     
  -21.905258683659923        105.41867250693677        75.840454441451911     
  -15.808924542443734        105.65652434193665        75.677884135435036     
  -14.284924542443733        105.71598404151071        75.637243786558045     
  -12.760924542443734        105.77544374108477        75.596603437681054     
  -11.236924542443733        105.83490344065883        75.555963088804063     
