     -14.2966634046434127      125.4940693745301985       87.8642448597982622
     -14.2982065261765197      125.5037596217104010       87.8504591023571919
     -14.3011979134653213      125.5156810619866263       87.8335345273273589
     -14.3064516065616978      125.5300727626645738       87.8131563386091329
     -14.3146863924569132      125.5464148197579135       87.7900906756849224
     -14.3266213702098728      125.5642527865336433       87.7650108413614731
     -14.3429662535137652      125.5831335384069405       87.7385888716761997
     -14.3644146335771090      125.6025659273701791       87.7115518623737245
     -14.3916383788453253      125.6219907842296664       87.6847250302254793
     -14.4252820818930321      125.6407510193007937       87.6590746667727956
     -14.4659566876392134      125.6580544596038607       87.6357614502332325
     -14.5142311710680403      125.6729198126747207       87.6162177750719025
     -14.5706202092467390      125.6840883476134394       87.6022738507786016
     -14.6355633209707658      125.6898630120991101       87.5963870099465964
     -14.7098831776036185      125.6919783436475910       87.5961038819358180
     -14.7946394811381943      125.6943845438120917       87.5957990270730562
     -14.8903976669873401      125.6971083306398924       87.5954587743173221
     -14.9976925159013117      125.7001666572271859       87.5950830489944678
     -15.1170278165403804      125.7035757859515996       87.5946723862184058
     -15.2488750269968918      125.7073512019412931       87.5942280436570115
     -15.3936720251945420      125.7115075074566448       87.5937521353922932
     -15.5518219510191873      125.7160582945940206       87.5932477894141925
     -15.7236921429001448      125.7210159941926975       87.5927193307442025
     -15.9096131714813520      125.7263916994319572       87.5921724914800706
     -16.1098779729021047      125.7321949632931677       87.5916146482498732
     -16.3247410839964608      125.7384335698083930       87.5910550867002939
     -16.5544179814129322      125.7451132797984172       87.5905052917419766
     -16.7990845262787403      125.7522375526154974       87.5899792613400052
     -17.0588765156025737      125.7598072462402286       87.5894938406812287
     -17.3338893357799151      125.7678202994154191       87.5890690716590399
     -17.6241776991596808      125.7762714048321158       87.5887285446153498
     -17.9297554960061021      125.7851516816729429       87.5884997426079366
     -18.2505957653658690      125.7944483492442913       87.5884143770348516
     -18.5866307706293590      125.8041444071999706       87.5885087075362065
     -18.9377521779374511      125.8142183318224312       87.5888238390258778
     -19.3038112843924345      125.8246445697670026       87.5894065253467033
     -19.6846193032886703      125.8353947010876084       87.5903103751103913
     -20.0799479208355898      125.8464360260482096       87.5915951854709078
     -20.4895298817159990      125.8577311942662078       87.5933269082191259
     -20.9130596515297711      125.8692381258800452       87.5955777111810363
     -21.3501941701937703      125.8809099834906249       87.5984259532646377
     -21.8005536939124411      125.8926952003266564       87.6019560644180473
     -22.2637227233941140      125.9045375694587676       87.6062583228252834
     -22.7392510161058148      125.9163763981260189       87.6114285229638057
     -23.2266546805273215      125.9281467303529354       87.6175675296659477
     -23.7254173508779758      125.9397796400282061       87.6247807150770939
     -24.2349914811977385      125.9512025916616835       87.6331772848222954
     -24.7547998449325526      125.9623398419272888       87.6428695373008111
     -25.2842370588708967      125.9731128722825417       87.6539720627644812
     -25.8226711570175738      125.9834407614303728       87.6666007823811668
     -26.3694453936475739      125.9932398627692720       87.6808713878812540
     -26.9238798588233017      126.0024247593145930       87.6968985638871317
     -27.4852731446283123      126.0109093435092262       87.7147952026995910
     -28.0529041687232734      126.0186074950040194       87.7346712583054540
     -28.6260340600950585      126.0254337887115099       87.7566325555520166
     -29.2039081029440268      126.0313042304111519       87.7807795693371702
     -29.7857577352244149      126.0361370130072345       87.8072061871793039
     -30.3708025981345635      126.0398532860313168       87.8359984694044300
     -30.9582526325997698      126.0423779305452712       87.8672334218926352
     -31.5473102185019201      126.0436403312430542       87.9009777968476556
     -32.1371723505660896      126.0435751639032276       87.9372869559470587
     -32.7270326548447983      126.0421249730208331       87.9762050380194580
     -33.3160825666429901      126.0392421712378166       88.0177645045121579
     -33.9035127404380958      126.0348872670855371       88.0619826347172960
     -34.4885152528138832      126.0290295821495050       88.1088598118410005
     -35.0702859300504883      126.0216481777723061       88.1583781647687772
     -35.6480267166315699      126.0127326925649811       88.2105003930232670
     -36.2209480695467434      126.0022840765286389       88.2651687982605040
     -36.7882713586606016      125.9903152098968633       88.3223045409413601
     -37.3492312478083690      125.9768513978855395       88.3818071347806580
     -37.9030780239293819      125.9619307365896503       88.4435541838804937
     -38.4490798310188424      125.9456043507036327       88.5074013574417222
     -38.9865248621082543      125.9279362700077627       88.5731824136142478
     -39.5147157890041711      125.9089661872541086       88.6407599713280945
     -40.0329209725032982      125.8884859012550805       88.7103409722537180
     -40.5404103746120370      125.8662172832806334       88.7822262920149257
     -41.0364888726022343      125.8419429596572883       88.8566279154808996
     -41.5205075316839469      125.8155068797804432       88.9336697590084384
     -41.9918706242859372      125.7868126045215007       89.0133915114953567
     -42.4500412739323210      125.7558203881360726       89.0957541615868394
     -42.8945461454249042      125.7225431766889869       89.1806470403173392
     -43.3249782369031351      125.6870417608389232       89.2678959275436483
     -43.7409967954494832      125.6494194584152382       89.3572715650535372
     -44.1423239295553032      125.6098167774085397       89.4484978588827602
     -44.5287385692272792      125.5684064432099944       89.5412592494437121
     -44.9000693808684446      125.5253889672874834       89.6352071199120672
     -45.2561878842510694      125.4809890898293929       89.7299656490065018
     -45.5970010971960704      125.4354559515294198       89.8251390348705314
     -45.9224503177576011      125.3890572166585287       89.9203146281812877
     -46.2325130462886520      125.3420723501954797       90.0150667376588132
     -46.5272039387190759      125.2947885743313066       90.1089630282440623
     -46.8065752180894989      125.2474966616563421       90.2015710990722539
     -47.0707166919078119      125.2004866564234504       90.2924650071167036
     -47.3197554713710886      125.1540436443264639       90.3812315716250936
     -47.5538554619973723      125.1084436736054641       90.4674763223808327
     -47.7732166786237329      125.0639499149535254       90.5508289797396912
     -47.9780744266352599      125.0208091335721576       90.6309483773034117
     -48.1686983832573219      124.9792485332376941       90.7075267594669867
     -48.3453916064166478      124.9394730191401237       90.7802934060915021
     -48.5084894933156292      124.9016629134768692       90.8490175552355623
     -48.6583587060911498      124.8659721453674933       90.9135106121709811
     -48.7953960775727964      124.8325269247211367       90.9736276487265343
     -48.9200275061655461      124.8014248983845391       91.0292682112585396
     -49.0327068452685708      124.7727347763942447       91.0803764681606509
     -49.1339147894375756      124.7464964066116693       91.1269407387403589
     -49.2241577567418602      124.7227212675790753       91.1689924544714358
     -49.3039667644834907      124.7013933422228007       91.2066046110746811
     -49.3736072079817063      124.6812499662448914       91.2415267074742644
     -49.4333380724588167      124.6608806492866108       91.2757068576828914
     -49.4838408346016649      124.6405457861429937       91.3088547600724638
     -49.5258160737014848      124.6204820563143159       91.3407169692701899
     -49.5599815095200427      124.6009013404821388       91.3710777988502372
     -49.5870713246961898      124.5819953309964916       91.3997525943180875
     -49.6078353887861425      124.5639399820997539       91.4265812403868807
     -49.6230385165725565      124.5469003409523054       91.4514211840902078
     -49.6334599375553296      124.5310364877380920       91.4741390056545072
     -49.6398932663037371      124.5165117903284937       91.4945989322091151
     -49.6431475327469656      124.5035058195881703       91.5126451671722236
     -49.6440504954292479      124.4922370833254632       91.5280711557832802
     -49.6434567388235166      124.4830061502633782       91.5405616837449969
     -49.6420950745334366      124.4755581846326891       91.5505431581318732
     -49.6399461008003726      124.4681354743908628       91.5604042706162602
     -49.6362052295161433      124.4590055039121381       91.5724136826844131
     -49.6300351413988849      124.4479637314969409       91.5867584186934778
     -49.6207348820823313      124.4353607987938943       91.6028855936943813
     -49.6075914643967266      124.4214650374123892       91.6203534200966914
     -49.5898921292985762      124.4065055988433386       91.6387740519164566
     -49.5669317739592117      124.3906952261178560       91.6577836120291636
     -49.5380180369040346      124.3742432357191063       91.6770252951292122
     -49.5024752521778382      124.3573638642067465       91.6961386620877477
     -49.4596478207454240      124.3402823214351400       91.7147519932785542
     -49.4089032781556412      124.3232397510095097       91.7324760902279479
     -49.3496352249740156      124.3064978208518454       91.7488985513994777
     -49.2812662424846408      124.2903434790128756       91.7635777972311217
     -49.2032494009489199      124.2750879754175770       91.7760446722993208
     -49.1146682181666279      124.2593611801227382       91.7880698630493441
     -49.0146687504082763      124.2419388271445939       91.8012339564625108
     -48.9027218429719213      124.2228498891878985       91.8154566223538353
     -48.7783358015904440      124.2021506860702544       91.8306269339336296
     -48.6410579879265583      124.1799258276457039       91.8466023726082170
     -48.4904762467755148      124.1562887610429584       91.8632083089412106
     -48.3262201546505707      124.1313818746932185       91.8802380146708941
     -48.1479620819904568      124.1053761166390785       91.8974532540663915
     -47.9554180642204386      124.0784700906816198       91.9145854951920427
     -47.7483484802780538      124.0508886009314438       91.9313377730190382
     -47.5265585409274465      124.0228806231634024       91.9473872270169323
     -47.2898985931795011      123.9947166898462569       91.9623883261522082
     -47.0382642513738816      123.9666856846210266       91.9759767844450096
     -46.7715963699818786      123.9390910510501982       91.9877741607784714
     -46.4898808780795392      123.9122464293160277       91.9973931279864132
     -46.1931485010293841      123.8864707427585756       92.0044433889434430
     -45.8814744018295428      123.8620827631364847       92.0085382122223194
     -45.5549777840300223      123.8393951884599886       92.0093015579247577
     -45.2138215122411822      123.8187082690396323       92.0063757671349265
     -44.8582118123167604      123.8003031360904629       91.9994298891474926
     -44.4883977082619708      123.7844382131839183       91.9881711478176669
     -44.1046709417191707      123.7713431991218584       91.9723554527687099
     -43.7073631244629652      123.7612083773020544       91.9517942199672547
     -43.2968371289183125      123.7541779179776427       91.9263617367368084
     -42.8734785878286644      123.7503446083408534       91.8960011441702278
     -42.4376872586312928      123.7497459757554026       91.8607286729398851
     -41.9898695721703206      123.7523618878318530       91.8206361417441741
     -41.5304339196683259      123.7581134632212354       91.7758920627450294
     -41.0597892168155383      123.7668629904715090       91.7267417802457601
     -40.5783461980206823      123.7784145719480335       91.6735069464199626
     -40.0865203747420935      123.7925153238232241       91.6165844441771497
     -39.5847356702665110      123.8088570810397044       91.5564447195426965
     -39.0734291280187733      123.8270785397617857       91.4936296161716740
     -38.5530594016628569      123.8467678846213431       91.4287498110283252
     -38.0241368760035101      123.8675974014592924       91.3623043749511936
     -37.4872567601804789      123.8895054599234413       91.2944333788500018
     -36.9430468724090630      123.9124652645317894       91.2252275805577852
     -36.3921577617913670      123.9364474652623755       91.1547790094278412
     -35.8352609611782924      123.9614199389737195       91.0831810752509909
     -35.2730472767815684      123.9873475986356226       91.0105286813515164
     -34.7062250619534396      124.0141922224574245       90.9369183498358495
     -34.1355184418216950      124.0419122989506349       90.8624483617846295
     -33.5616654677541106      124.0704628869341235       90.7872189117390747
     -32.9854161893011977      124.0997954915232526       90.7113322732899832
     -32.4075306378899128      124.1298579585349842       90.6348929706729507
     -31.8287767214511454      124.1605943985480707       90.5580079556281561
     -31.2499278664376803      124.1919465408333281       90.4807877811117578
     -30.6717597317535926      124.2238554454695958       90.4033476869928592
     -30.0950472515433454      124.2562591916863823       90.3258052031068388
     -29.5205624714700008      124.2890928985863610       90.2482793225460682
     -28.9490724443421961      124.3222891621278876       90.1708899481684796
     -28.3813371236325693      124.3557785088351579       90.0937573286440596
     -27.8181072620611474      124.3894898601079291       90.0170014906044997
     -27.2601223225737961      124.4233510010900261       89.9407416733605913
     -26.7081084091395553      124.4572890482532728       89.8650957724187265
     -26.1627762248208242      124.4912309101579808       89.7901797976774816
     -25.6248190645406666      124.5251037362504860       89.7161073517267340
     -25.0949108609729699      124.5588352968252650       89.6429890955401873
     -24.5737044144249026      124.5923537074152563       89.5709317872236284
     -24.0618294751515513      124.6255880876235835       89.5000380451205046
     -23.5598908188822556      124.6584695223236565       89.4304063814877281
     -23.0684665159546398      124.6909314144997154       89.3621308562127439
     -22.5881063276855691      124.7229097843001995       89.2953007669886460
     -22.1193302310313733      124.7543435080137755       89.2300004149168586
     -21.6626269025762888      124.7851745126495899       89.1663089154200890
     -21.2184522641315532      124.8153479494116453       89.1043000265102165
     -20.7872281365687996      124.8448123483214403       89.0440419930180127
     -20.3693410063555902      124.8735197541252973       88.9855974065798279
     -19.9651409080734723      124.9014258437171208       88.9290230812238462
     -19.5749404253644599      124.9284900253933159       88.8743699444690805
     -19.1990138119783396      124.9546755203276120       88.8216829439110001
     -18.8375962338496130      124.9799494273183598       88.7710009697540983
     -18.4908830940996722      125.0042833452032625       88.7223572006876680
     -18.1590294616724748      125.0276542422967907       88.6757796504715117
     -17.8421497894311045      125.0500427888708685       88.6312899411377089
     -17.5403176574365638      125.0714330810678092       88.5889030935372972
     -17.2535656116413563      125.0918126900365621       88.5486275750735103
     -16.9818851191362761      125.1111726983646832       88.5104653640966319
     -16.7252266377973307      125.1295077232315123       88.4744120301439949
     -16.4834997856381769      125.1468159274597127       88.4404568264335325
     -16.2565736133778955      125.1630990221885753       88.4085827883542663
     -16.0442770092967031      125.1783622565046556       88.3787668447496912
     -15.8463992134485157      125.1926143901472557       88.3509799458921918
     -15.6626904337355644      125.2058676495116885       88.3251872071086837
     -15.4928625618625482      125.2181376675926145       88.3013480668762440
     -15.3365899871724007      125.2294434086442578       88.2794164582278995
     -15.1935105063039266      125.2398070784749109       88.2593409923211851
     -15.0632263264896604      125.2492540214377357       88.2410651530070993
     -14.9453051601057094      125.2578126053404901       88.2245275011787129
     -14.8392814077977366      125.2655140956699995       88.2096618875891352
     -14.7446574271822435      125.2723925206806541       88.1963976727321892
     -14.6609048838422549      125.2784845289966853       88.1846599523488948
     -14.5874672679610775      125.2838384460498986       88.1743567484696342
     -14.5242265153425443      125.2924529601438621       88.1597986503328315
     -14.4707748760770176      125.3060952208810193       88.1384527693718383
     -14.4262720966433324      125.3230789720446410       88.1126774578354883
     -14.3899071648677648      125.3421616275811203       88.0842039043036067
     -14.3608810108235563      125.3623827072828902       88.0543652535369006
     -14.3383978550117828      125.3829748512083455       88.0242225387275994
     -14.3216606673748821      125.4033091417827563       87.9946418718692058
     -14.3098686718433399      125.4228573336524306       87.9663476491868579
     -14.3022157542346644      125.4411613900461475       87.9399654361305636
     -14.2978888970543867      125.4578029714645027       87.9160650021432701
     -14.2960655407203987      125.4723636341979756       87.8952166666377082
     -14.2959080367491698      125.4843603028032248       87.8780829376196380
     -14.2966634046434127      125.4940693745301985       87.8642448597982622
