  -64.194637484716580       -33.985485612923952       -104.64590665249195     
  -62.670637484716579       -34.003217773171059       -104.70050637212250     
  -61.146637484716578       -34.020949933418166       -104.75510609175306     
  -59.622637484716577       -34.038682093665273       -104.80970581138362     
  -53.518966407314771       -34.109699989754589       -105.02837951843303     
  -53.512592783668893       -34.109774148623252       -105.02860786361944     
  -53.503437437437746       -34.109880772058389       -105.02893617159675     
  -53.491012380170254       -34.110025660378412       -105.02938230232988     
  -53.474838425308675       -34.110214585015129       -105.02996402683777     
  -53.454446476032999       -34.110453296041982       -105.03069905037401     
  -53.429378785458134       -34.110747532277976       -105.03160504353681     
  -53.399190185827841       -34.111103033654224       -105.03269968034591     
  -53.363449283434896       -34.111525555500826       -105.03400068222689     
  -53.321739616064640       -34.112020884174065       -105.03552586611487     
  -53.273660769891542       -34.112594849176929       -105.03729318174163     
  -53.218829452924624       -34.113252038341443       -105.03931675543686     
  -53.156880522097815       -34.113996793206475       -105.04160995488958     
  -53.087467961296895       -34.114834208737861       -105.04418846715294     
  -53.010265807737760       -34.115769360099186       -105.04706791728189     
  -52.924969024248334       -34.116807323777245       -105.05026393253642     
  -52.831294315153677       -34.117953201062363       -105.05379221326450     
  -52.728980883616849       -34.119212143341336       -105.05766860848156     
  -52.617791128446740       -34.120589378511859       -105.06190919357142     
  -52.497511278549510       -34.122090237698956       -105.06653034696610     
  -52.367951963116028       -34.123720179516155       -105.07154881646429     
  -52.228948713507364       -34.125484792223311       -105.07698171355324     
  -52.080362400933460       -34.127389812306888       -105.08284655285907     
  -51.922079607653551       -34.129441150264029       -105.08916130638363     
  -51.754012927891829       -34.131644902017570       -105.09594440357453     
  -51.576101199104670       -34.134007355830519       -105.10321470437293     
  -51.388309662260475       -34.136534989662287       -105.11099142551171     
  -51.190630046012586       -34.139234427587517       -105.11929391811340     
  -50.983080587740588       -34.142112446090700       -105.12814156932735     
  -50.765705984882047       -34.145175988181187       -105.13755368949244     
  -50.538577273116047       -34.148432164616949       -105.14754930901587     
  -50.301791625539984       -34.151888208684127       -105.15814676515066     
  -50.055472083234385       -34.155551455312377       -105.16936327437811     
  -49.799767235402832       -34.159429451011142       -105.18121484294015     
  -49.534850821031846       -34.163529957676623       -105.19371597063750     
  -49.260921244593199       -34.167860778371725       -105.20687901529668     
  -48.978201045501194       -34.172429635685752       -105.22071394065053     
  -48.686936316324392       -34.177244062339341       -105.23522833668005     
  -48.387396029064789       -34.182311067205077       -105.25042694303040     
  -48.079871301488922       -34.187636779636229       -105.26631121892559     
  -47.764674644229267       -34.193226323081809       -105.28287964437745     
  -47.442139111556720       -34.199083484124564       -105.30012735073745     
  -47.112617395818496       -34.205210402631373       -105.31804574017215     
  -46.776480917998612       -34.211607571588516       -105.33662295949613     
  -46.434118815804631       -34.218273615902746       -105.35584347062179     
  -46.085936904546287       -34.225205727938743       -105.37568939218406     
  -45.732356625370365       -34.232400460033659       -105.39614290522857     
  -45.373813893413264       -34.239852711813633       -105.41718311186243     
  -45.010757962558216       -34.247555724133719       -105.43878598828542     
  -44.643650236587334       -34.255501100113555       -105.46092440782510     
  -44.272963027024581       -34.263678714481316       -105.48356780336242     
  -43.899178331738234       -34.272076949833668       -105.50668281650991     
  -43.522786538746864       -34.280682606605012       -105.53023292205923     
  -43.144285139978777       -34.289481083835433       -105.55417886687862     
  -42.764177419847208       -34.298456493730171       -105.57847888600261     
  -42.382971114640000       -34.307591695710265       -105.60308865505839     
  -42.001177080796566       -34.316868571359038       -105.62796196985845     
  -41.619307938561391       -34.326268037581166       -105.65305060995343     
  -41.237876712233799       -34.335770299953580       -105.67830495731685     
  -40.857395475542930       -34.345354957320659       -105.70367421185773     
  -40.478373988024217       -34.355001121284708       -105.72910667370951     
  -40.101318332244638       -34.364687626727580       -105.75455030367377     
  -39.726729581412215       -34.374393094784409       -105.77995282797161     
  -39.355102433100363       -34.384096149486489       -105.80526231481363     
  -38.986923906634154       -34.393775521886866       -105.83042740417433     
  -38.622672021685631       -34.403410191075707       -105.85539765162054     
  -38.262814494949957       -34.412979540616540       -105.88012392038273     
  -37.907807509632946       -34.422463452279246       -105.90455858223433     
  -37.558094428213387       -34.431842444797923       -105.92865585916590     
  -37.214104616519613       -34.441097776160923       -105.95237205568810     
  -36.876252265803608       -34.450211534389126       -105.97566575919387     
  -36.544935217854594       -34.459166725081879       -105.99849803433705     
  -36.220533921741414       -34.467947353515619       -106.02083260509623     
  -35.903410342181409       -34.476538474981695       -106.04263594291703     
  -35.593906942380798       -34.484926245443404       -106.06387735517606     
  -35.292345779561458       -34.493097983688124       -106.08452911153236     
  -34.999027555764599       -34.501042177076094       -106.10456640572106     
  -34.714230769865793       -34.508748498435544       -106.12396736138822     
  -34.438210978846833       -34.516207840864993       -106.14271310251944     
  -34.171200036395867       -34.523412288586414       -106.16078763647089     
  -33.913405422515090       -34.530355096234246       -106.17817777185222     
  -33.665009686783357       -34.537030694297343       -106.19487312512331     
  -33.426169920588272       -34.543434656621301       -106.21086601814716     
  -33.197017278735537       -34.549563645607869       -106.22615131416330     
  -32.977656606181739       -34.555415379054551       -106.24072632645790     
  -32.768166156793122       -34.560988610624584       -106.25459077426923     
  -32.568597348641049       -34.566283072627584       -106.26774662729741     
  -32.378974594735809       -34.571299417413776       -106.28019794965691     
  -32.199295225675804       -34.576039173061083       -106.29195079061085     
  -32.029529492016486       -34.580504703049456       -106.30301308963502     
  -31.869620645204833       -34.584699169296421       -106.31339459348226     
  -31.719485071833379       -34.588626472553173       -106.32310670570246     
  -31.579012514883903       -34.592291206752911       -106.33216237959103     
  -31.448066372599374       -34.595698618903953       -106.34057602716263     
  -31.326484070575802       -34.598854571151179       -106.34836343336006     
  -31.214077506279494       -34.601765505575131       -106.35554167702210     
  -31.110633566667065       -34.604438414204154       -106.36212906607932     
  -31.015914709646211       -34.606880805112759       -106.36814505887084     
  -30.929659613743159       -34.609100671765404       -106.37361019363051     
  -30.851583895979108       -34.611106467760223       -106.37854603288085     
  -30.781380893149226       -34.612907083588816       -106.38297511253762     
  -30.718722504155309       -34.614511825091249       -106.38692089501846     
  -30.663260090908366       -34.615930393284160       -106.39040772569561     
  -30.614625435153108       -34.617172872014251       -106.39346081282788     
  -30.572431748428961       -34.618252546245344       -106.39611488774941     
  -30.536274732155722       -34.619181057147841       -106.39839936503530     
  -30.505733684834809       -34.619967724662892       -106.40033628320431     
  -30.480372653158422       -34.620622617782409       -106.40194973851087     
  -30.459741623666446       -34.621156472993178       -106.40326565372087     
  -30.443377751551740       -34.621580613766334       -106.40431155061003     
  -30.430806623105372       -34.621906871847408       -106.40511632847517     
  -30.421543548215062       -34.622147511071567       -106.40571005083765     
  -30.415094879264103       -34.622315154390321       -106.40612374238690     
  -30.410959352723058       -34.622422714745241       -106.40638919805528     
  -30.408629449683936       -34.622483330368304       -106.40653880594002     
  -30.407592771554967       -34.622510305022914       -106.40660538558615     
  -24.311333427114555       -34.781136676730050       -106.79813172199738     
  -22.787333427114554       -34.820791582603128       -106.89600914206397     
  -21.263333427114553       -34.860446488476207       -106.99388656213057     
  -19.739333427114552       -34.900101394349285       -107.09176398219716     
