  -60.310095074533436       -91.555577354183356        125.32736183785934     
  -58.786095074533435       -91.497432355463744        125.24776909753754     
  -57.262095074533434       -91.439287356744131        125.16817635721574     
  -55.738095074533433       -91.381142358024519        125.08858361689394     
  -49.630373174157683       -91.148115138813836        124.76960046520470     
  -49.620633904745681       -91.147743557575325        124.76909182009891     
  -49.606644061133906       -91.147210184553003        124.76836170364183     
  -49.587658043719159       -91.146487044560502        124.76737182153850     
  -49.562943748012579       -91.145546959028351        124.76608496995721     
  -49.531784546536450       -91.144363706211792        124.76446525483499     
  -49.493481229974002       -91.142912186972197        124.76247831882161     
  -49.447353902273811       -91.141168593942467        124.76009157287493     
  -49.392743824534655       -91.139110581667381        124.75727442924483     
  -49.329015202634125       -91.136717435113553        124.75399853234616     
  -49.255556913718337       -91.133970219455165        124.75023796425975     
  -49.171784166837277       -91.130847785916828        124.74596377824477     
  -49.077140093192838       -91.127330034400089        124.74114846679332     
  -48.971097261663459       -91.123401175843270        124.73577043106224     
  -48.853159115481823       -91.119047328751549        124.72981069753612     
  -48.722861326169941       -91.114256629652374        124.72325308085881     
  -48.579773061081710       -91.109019330360411        124.71608433648906     
  -48.423498161167323       -91.103327876923359        124.70829430046577     
  -48.253676225858747       -91.097176963875810        124.69987601369148     
  -48.069983602283344       -91.090563555970675        124.69082582856660     
  -47.872134276346955       -91.083486867880353        124.68114349661873     
  -47.659880663590485       -91.075948290420442        124.67083223707387     
  -47.433014298121165       -91.067951249595708        124.65989878822771     
  -47.191366418356033       -91.059500982137550        124.64835344610024     
  -46.934808448798613       -91.050604208051411        124.63621009834456     
  -46.663252377612814       -91.041268676836822        124.62348626588803     
  -46.376651030375854       -91.031502559168388        124.61020317052591     
  -46.074998241113136       -91.021313649436991        124.59638585399475     
  -45.758328922583686       -91.010708335861352        124.58206338341385     
  -45.426719038864221       -90.999690282612491        124.56726919023761     
  -45.080285484691103       -90.988258750402267        124.55204160643510     
  -44.719185772405822       -90.976407020446928        124.53642545940089     
  -44.343617087517615       -90.964123185186509        124.52047812724527     
  -43.953816161415745       -90.951385671648197        124.50426925706212     
  -43.550058975924664       -90.938159637165541        124.48788000570018     
  -43.132660038630469       -90.924396053523864        124.47140308279734     
  -42.701971473288047       -90.910032246349999        124.45494173950954     
  -42.258381923987130       -90.894993975491431        124.43860764769889     
  -41.802315291106922       -90.879198796408744        124.42251787576531     
  -41.334229332593424       -90.862560174143994        124.40679136278847     
  -40.854614166664533       -90.844991780284914        124.39154532036792     
  -40.363990704084003       -90.826411546640202        124.37689188297840     
  -39.862909027042903       -90.806745246793866        124.36293517858600     
  -39.351946727184412       -90.785929456897406        124.34976892815875     
  -38.831707252767508       -90.763913095021536        124.33747517206922     
  -38.302818285815590       -90.740658821146795        124.32612622389739     
  -37.765930375774147       -90.716144279507276        124.31578686007070     
  -37.221715384005400       -90.690358942011102        124.30651038767220     
  -36.670864277062101       -90.663304005038327        124.29833895743958     
  -36.114085234651661       -90.634992081099639        124.29130377119566     
  -35.552101755877310       -90.605446736567231        124.28542531487949     
  -34.985650731430056       -90.574701920333140        124.28071370803021     
  -34.415480487262229       -90.542801279295617        124.27716917173289     
  -33.842348804933621       -90.509797363527184        124.27478261131556     
  -33.267020923569810       -90.475750729159117        124.27353630573926     
  -32.690267528180641       -90.440728950940510        124.27340469226688     
  -32.112862728938154       -90.404805559392315        124.27435523243648     
  -31.535582015890441       -90.368059174969389        124.27634967804160     
  -30.959200081084123       -90.330574311010920        124.27934741328571     
  -30.384488839632901       -90.292439806982131        124.28330480061966     
  -29.812215472720478       -90.253747147360144        124.28817405637426     
  -29.243140395101804       -90.214589900937668        124.29390369032888     
  -28.678015240186649       -90.175063178812863        124.30043898993011     
  -28.117580869564527       -90.135263092350399        124.30772251289453     
  -27.562565411966936       -90.095286214658543        124.31569458344210     
  -27.013682336591224       -90.055229049028711        124.32429378757875     
  -26.471628565628649       -90.015187507674099        124.33345746305631     
  -25.937082630747398       -89.975256403994607        124.34312217987643     
  -25.410702878311348       -89.935528961018946        124.35322420685563     
  -24.893125778949653       -89.896096164612018        124.36369972115757     
  -24.384964361631219       -89.857045913976933        124.37448468123071     
  -23.886806442444001       -89.818463104777507        124.38551593256409     
  -23.399213015006350       -89.780429412459100        124.39673183983086     
  -22.922716763461793       -89.743022921624970        124.40807265037067     
  -22.457820652114716       -89.706317746278771        124.41948085293437     
  -22.004996594176866       -89.670383662163687        124.43090151664907     
  -21.564684200871916       -89.635285792092731        124.44228258077152     
  -21.137289613972083       -89.601084349143633        124.45357509205847     
  -20.723184424950077       -89.567834436760393        124.46473339092599     
  -20.322704683751642       -89.535585903911269        124.47571524834657     
  -19.936150000002044       -89.504383252660645        124.48648195610592     
  -19.563782739254293       -89.474265594816444        124.49699837362274     
  -19.205827316667765       -89.445266653731778        124.50723293500674     
  -18.862469590153495       -89.417414808157986        124.51715762216072     
  -18.533856326507365       -89.390733477206865        124.52674832978876     
  -18.220094749661428       -89.365241758328210        124.53598551795318     
  -17.921252331664991       -89.340953617272717        124.54485278653384     
  -17.637356622927545       -89.317877809560500        124.55333641704480     
  -17.368395162631174       -89.296018097718004        124.56142529204934     
  -17.114315496098527       -89.275373479991615        124.56911080510780     
  -16.875025299302866       -89.255938427373565        124.57638676200322     
  -16.650392610114746       -89.237703130976286        124.58324927095636     
  -16.440246166273191       -89.220653749703487        124.58969662836385     
  -16.244375849787279       -89.204772648032318        124.59572920679301     
  -16.062533236770218       -89.190038621140630        124.60134934678936     
  -15.894432251352590       -89.176427105881260        124.60656125330314     
  -15.739749922005455       -89.163910376751346        124.61137089722905     
  -15.598127238292838       -89.152457726640705        124.61578592225362     
  -15.469170105767761       -89.142035632765698        124.61981555689979     
  -15.352450396427360       -89.132607908813810        124.62347053135311     
  -15.247507091852571       -89.124135844909304        124.62676299835316     
  -15.153847515879127       -89.116578337532715        124.62970645716980     
  -15.070948653384155       -89.109892011903767        124.63231567949990     
  -14.998258551527154       -89.104031360294428        124.63460666494311     
  -14.935197797698990       -89.098957525357520        124.63660860113681     
  -14.881161077090455       -89.094623664308585        124.63834331309000     
  -14.835518797720519       -89.090973055253187        124.63982239063994     
  -14.797618778871831       -89.087948656132852        124.64106021337994     
  -14.766788002937677       -89.085493037064793        124.64207360605988     
  -14.742334423865543       -89.083548323273803        124.64288150099010     
  -14.723548827348987       -89.082056151743274        124.64350461207063     
  -14.709706737785652       -89.080957644366464        124.64396512486843     
  -14.700070366896124       -89.080193400064530        124.64428640686248     
  -14.693890598785668       -89.079703508018738        124.64449274160741     
  -14.690409006130857       -89.079427583838864        124.64460909013921     
  -14.688859892086418       -89.079304830145489        124.64466088247745     
  -8.5924723524338678       -88.596219618035363        124.84848458844128     
  -7.0684723524338668       -88.475455992286953        124.89943727572837     
  -5.5444723524338677       -88.354692366538544        124.95038996301547     
  -4.0204723524338668       -88.233928740790134        125.00134265030256     
