  -65.045416130884661        95.383388392967873       -31.030424080277516     
  -63.521416130884660        95.446933644379257       -31.051096821439028     
  -61.997416130884659        95.510478895790641       -31.071769562600540     
  -60.473416130884658        95.574024147202024       -31.092442303762052     
  -54.367983499650599        95.828598459227649       -31.175261220077378     
  -54.360146257673954        95.828925243684196       -31.175367530625149     
  -54.348888497313169        95.829395193236365       -31.175520416092379     
  -54.333610157558105        95.830034002262536       -31.175728235455058     
  -54.313721993021140        95.830867319081989       -31.175999332705093     
  -54.288647155193757        95.831920804180200       -31.176342055792080     
  -54.257822739446290        95.833220202245002       -31.176764780057791     
  -54.220701293609096        95.834791424975094       -31.177275935173888     
  -54.176752284220896        95.836660644553504       -31.177884035546306     
  -54.125463516544421        95.838854395324290       -31.178597713381382     
  -54.066342504563956        95.841367557364009       -31.179415302974267     
  -53.998917787355502        95.844279383417856       -31.180362586901406     
  -53.922740188353934        95.847582280999120       -31.181437094763762     
  -53.837384014196850        95.851300098195793       -31.182646584088150     
  -53.742448189989609        95.855456879332195       -31.183998875441883     
  -53.637557328009649        95.860076995119485       -31.185501894114839     
  -53.522362727050925        95.865185283998699       -31.187163714996057     
  -53.396543299800548        95.870807201158314       -31.188992609256584     
  -53.259806425126811        95.876968956997970       -31.190997086560134     
  -53.111888717789377        95.883697537675260       -31.193185897388549     
  -52.952556725658866        95.891020834241047       -31.195568068507587     
  -52.781607548433584        95.898967791708955       -31.198152941843379     
  -52.598869371859145        95.907568485090110       -31.200950185352699     
  -52.404201918589088        95.916854162523180       -31.203969787413545     
  -52.197496810130588        95.926857170745805       -31.207222005189141     
  -51.978677839564938        95.937610766353771       -31.210717265551981     
  -51.747701172438433        95.949149122338696       -31.214466116005436     
  -51.504555456415765        95.961507194919150       -31.218479112456475     
  -51.249261834735414        95.974720374035400       -31.222766613521269     
  -50.981873857645489        95.988823822815419       -31.227338443503317     
  -50.702477347975154        96.003852431395842       -31.232203715673986     
  -50.411190167631986        96.019840509472346       -31.237370518078031     
  -50.108161861758411        96.036820869954767       -31.242845331357273     
  -49.793573257244304        96.054824469124299       -31.248632576799540     
  -49.467635993874893        96.073880236073691       -31.254734319251877     
  -49.130591907608512        96.094013869100181       -31.261149796808784     
  -48.782712388126214        96.115247376622861       -31.267875365567210     
  -48.424297669482137        96.137598754854039       -31.274904672192992     
  -48.055675966230204        96.161080533070191       -31.282228610371604     
  -47.677202638906408        96.185699786612943       -31.289835843653815     
  -47.289259219816863        96.211457224583768       -31.297713047425304     
  -46.892252381229696        96.238346491219545       -31.305845189382044     
  -46.486612893582056        96.266354309667690       -31.314216024760505     
  -46.072794431653058        96.295459420683230       -31.322808122820359     
  -45.651272432887787        96.325633251074237       -31.331603282530832     
  -45.222542805433221        96.356841793749538       -31.340583145261455     
  -44.787120664292630        96.389049766846355       -31.349730521159277     
  -44.345538971565134        96.422215733319632       -31.359027785119565     
  -43.898347160916721        96.456291716986044       -31.368456731591095     
  -43.446109716725360        96.491223234974029       -31.377998554168887     
  -42.989404711031412        96.526949627218571       -31.387633909029571     
  -42.528822324973099        96.563404401012193       -31.397342967492420     
  -42.064963319014069        96.600515649623858       -31.407105477524127     
  -41.598437502636422        96.638206598348177       -31.416900850678275     
  -41.129862151745975        96.676396155701539       -31.426708236733205     
  -40.659860438061642        96.714999590153610       -31.436506625653365     
  -40.189059801914837        96.753929200255584       -31.446274936631998     
  -39.718090356235095        96.793095076245280       -31.455992128216913     
  -39.247583220172572        96.832405829803662       -31.465637310208663     
  -38.778168913166020        96.871769385470273       -31.475189918352172     
  -38.310475655763419        96.911093683903275       -31.484629876315243     
  -37.845127769308519        96.950287489090144       -31.493937789876600     
  -37.382743955390652        96.989261013768555       -31.503095080348693     
  -36.923935714306104        97.027926717974509       -31.512084173214397     
  -36.469305621120810        97.066199803233360       -31.520888587209690     
  -36.019445772763518        97.103998964098352       -31.529493107207003     
  -35.574936087199966        97.141246726858128       -31.537883823337435     
  -35.136342784187903        97.177870100950003       -31.546048273079702     
  -34.704216744599769        97.213800781219149       -31.553975438768969     
  -34.279092022466330        97.248975623355392       -31.561655836363446     
  -33.861484313392587        97.283336785399825       -31.569081497930135     
  -33.451889485899386        97.316831898566235       -31.576245967240929     
  -33.050782213941432        97.349414280419609       -31.583144312047533     
  -32.658614525160921        97.381042716889795       -31.589772999927764     
  -32.275814628099155        97.411681849685763       -31.596129969629974     
  -31.902785523236915        97.441301582874928       -31.602214386494747     
  -31.539903964858144        97.469877423076142       -31.608026707850829     
  -31.187519280368267        97.497389985894031       -31.613568485419364     
  -30.845952348926275        97.523824795906279       -31.618842270961142     
  -30.515494738159632        97.549172337597255       -31.623851610302967     
  -30.196407737646826        97.573427329326265       -31.628600792731223     
  -29.888921662653761        97.596588756448909       -31.633094853222126     
  -29.593235180981832        97.618659588933738       -31.637339478275020     
  -29.309514659415431        97.639646171891599       -31.641340811529499     
  -29.037893725289205        97.659558189256913       -31.645105450078113     
  -28.778472879560724        97.678408413134235       -31.648640375448913     
  -28.531319146762698        97.696212165199952       -31.651952795055735     
  -28.296465885859440        97.712987121356733       -31.655050097835204     
  -28.073912720082074        97.728753256894478       -31.657939857652682     
  -27.863625499154594        97.743532440243044       -31.660629724534161     
  -27.665536379100772        97.757348166249002       -31.663127362537129     
  -27.479544013381719        97.770225397861822       -31.665440424361460     
  -27.305513848501100        97.782190490800090       -31.667576553279680     
  -27.143278493108927        97.793271004885412       -31.669543347553471     
  -26.992638175087738        97.803495506307272       -31.671348320846263     
  -26.853361301796703        97.812893471042116       -31.672998894091911     
  -26.725185108879366        97.821495204874083       -31.674502391328954     
  -26.607816395341832        97.829331777972470       -31.675866038796617     
  -26.500932344592858        97.836434988477492       -31.677096971997010     
  -26.404181423019022        97.842837308328100       -31.678202235666134     
  -26.317184356029191        97.848571830713624       -31.679188783106984     
  -26.239535183033560        97.853672251858285       -31.680063485679650     
  -26.170802384939641        97.858172860339337       -31.680833144032114     
  -26.110530080941313        97.862140948294098       -31.681514950821821     
  -26.058239289630684        97.865560806407302       -31.682099107964081     
  -26.013429254213918        97.868506481972631       -31.682604533327670     
  -25.975578823199449        97.871005481009078       -31.683034936429681     
  -25.944147886485005        97.873088177679207       -31.683394761436908     
  -25.918578860809934        97.874787487825500       -31.683689096983823     
  -25.898298220688226        97.876138547429974       -31.683923587976039     
  -25.882718070428204        97.877178399619424       -31.684104350526543     
  -25.871237752747341        97.877945693648769       -31.684237891094476     
  -25.863245489407479        97.878480399067300       -31.684331030815599     
  -25.858120049228322        97.878823538004482       -31.684390835922613     
  -25.855232438784888        97.879016938213667       -31.684424555056403     
  -25.853947611058622        97.879103009178436       -31.684439564161494     
  -19.757626187291930        98.287497267616729       -31.755655593399201     
  -18.233626187291929        98.389590449159542       -31.773458662006302     
  -16.709626187291931        98.491683630702354       -31.791261730613403     
  -15.185626187291929        98.593776812245167       -31.809064799220504     
