     -14.2966634046434127      145.9986235141583109       46.4035440988406123
     -14.2981996910311295      146.0037348412600693       46.3875652773359732
     -14.3011777707422620      146.0100335802278551       46.3679409188618408
     -14.3064080373052835      146.0176533604816029       46.3443008605871327
     -14.3146060517431337      146.0263278290740345       46.3175275835282392
     -14.3264876862690702      146.0358252431460642       46.2883959033528427
     -14.3427594697637417      146.0459147373931330       46.2576790385243513
     -14.3641118804906291      146.0563456740587469       46.2262138235264999
     -14.3912137705851109      146.0668319334573368       46.1949505396497244
     -14.4247068373640488      146.0770362660227875       46.1650026142332734
     -14.4651992792347937      146.0865508204377363       46.1377083205731608
     -14.5132575090511313      146.0948687754576838       46.1147203133506665
     -14.5693938783960633      146.1013378879787865       46.0981516916859846
     -14.6340459061287813      146.1050757593502567       46.0908416941487289
     -14.7312202988420289      146.2095560993434162       45.7652183559965238
     -14.8160715168489272      146.2138437352276696       45.7575560497412042
     -14.9119366503156989      146.2186936088519644       45.7489015304210582
     -15.0193508178998592      146.2241347295460230       45.7392078843943111
     -15.1388179593312646      146.2301947872865640       45.7284315396384287
     -15.2708094373852656      146.2369000608683791       45.7165325244361824
     -15.4157627184264037      146.2442753192247551       45.7034747362782667
     -15.5740801351343272      146.2523437155697934       45.6892262200492638
     -15.7461277347155022      146.2611266741909333       45.6737594543096961
     -15.9322342155079806      146.2706437698827528       45.6570516442386278
     -16.1326899545638192      146.2809126002127016       45.6390850195149724
     -16.3477461286328705      146.2919486510347724       45.6198471350654273
     -16.5776139309785044      146.3037651559318419       45.5993311722040175
     -16.8224638865823550      146.3163729505512833       45.5775362372405368
     -17.0824252685110523      146.3297803230964860       45.5544676541780831
     -17.3575856283057988      146.3439928623690491       45.5301372489643370
     -17.6479904798658502      146.3590133030907054       45.5045636307655670
     -17.9536430825041258      146.3748413685921150       45.4777724678672044
     -18.2745043184073062      146.3914736150718738       45.4497967467061557
     -18.6104926919107001      146.4089032806011801       45.4206770087861500
     -18.9614844545921848      146.4271201487815404       45.3904615626349539
     -19.3273138007294456      146.4461114592452020       45.3592069842379502
     -19.7077731727132281      146.4658632332402419       45.3269787020688355
     -20.1026138651366963      146.4863587691278326       45.2938506558040217
     -20.5115466967127595      146.5075783900033457       45.2599052885657400
     -20.9342428102717797      146.5294994261605552       45.2252335500691061
     -21.3703346147644311      146.5520962113419898       45.1899348359174127
     -21.8194168695507464      146.5753400940152460       45.1541168576225118
     -22.2810479101825827      146.5991994648462935       45.1178954384005735
     -22.7547510136746354      146.6236398014573012       45.0813942303870050
     -23.2400158999274034      146.6486237314465200       45.0447443496233220
     -23.7363003639820285      146.6741111145152843       45.0080839259462522
     -24.2430319586579337      146.7000591451891580       44.9715575562031091
     -24.7596095545751496      146.7264224865791107       44.9353156106339071
     -25.2854050915112332      146.7531534431245746       44.8995133966595574
     -25.8197655315116315      146.7802020385709625       44.8643101750760707
     -26.3620150489513101      146.8075152737841051       44.8298678144890062
     -26.9114570406712872      146.8350378150379925       44.7963497797238830
     -27.4673761837645820      146.8627127959293830       44.7639200597194531
     -28.0290406374181202      146.8904821394021099       44.7327418659863767
     -28.5957042881793555      146.9182868963303008       44.7029762677175597
     -29.1666090269210514      146.9460676015084744       44.6747807797544638
     -29.7409870462562225      146.9737646434340661       44.6483079199423258
     -30.3180631470235831      147.0013186439439892       44.6237037537442731
     -30.8970570424695481      147.0286708434980198       44.6011064450452466
     -31.4771856489037560      147.0557634877023077       44.5806448328313110
     -32.0576653516234558      147.0825402162631121       44.5624370555896263
     -32.6377143243585905      147.1089479986208062       44.5465897259099819
     -33.2165564490393024      147.1349395785848913       44.5331975767510571
     -33.7934255383489983      147.1604704901189962       44.5223419645820471
     -34.3675677230284009      147.1854986096890627       44.5140903282939888
     -34.9382435005313852      147.2099842223646817       44.5084959044016273
     -35.5047296295245687      147.2338900768652934       44.5055975441592153
     -36.0663208766288506      147.2571814293199566       44.5054196368726949
     -36.6223316310952569      147.2798260752038573       44.5079721447511361
     -37.1720974145053944      147.3017943685811986       44.5132507562851387
     -37.7149763274779701      147.3230592274167918       44.5212371676865359
     -38.2503504964690961      147.3435961232881368       44.5318995059766891
     -38.7776276386726693      147.3633829980209669       44.5451928972890556
     -39.2962413387582714      147.3823637138098377       44.5611773307738375
     -39.8056443864452092      147.4002288365489903       44.5807425794120888
     -40.3053265751701915      147.4165906842900142       44.6050344379511117
     -40.7948167055468005      147.4311110090467025       44.6350324233038762
     -41.2736669143391097      147.4435023958138800       44.6715423866167214
     -41.7414436312991484      147.4535288565143674       44.7151928440454327
     -42.1977203301125670      147.4610058986021954       44.7664335287564938
     -42.6420713419686308      147.4658000807659164       44.8255361216334904
     -43.0740685166099198      147.4678281562121356       44.8925972110443254
     -43.4932826166390925      147.4670558595391583       44.9675436899193031
     -43.8992903485563062      147.4634963054309651       45.0501409038738458
     -44.2916859561173553      147.4572078727306632       45.1400037902947133
     -44.6700945064972572      147.4482914167517436       45.2366109605895304
     -45.0341845113719188      147.4368867590015668       45.3393213394828649
     -45.3836802572706119      147.4231700994492655       45.4473934882171093
     -45.7183639655871943      147.4073522666320457       45.5600066609489929
     -46.0380728913157071      147.3896677868666814       45.6762788936924693
     -46.3426965405449920      147.3703682893549001       45.7952857745529585
     -46.6321743547888161      147.3497174780203522       45.9160788942453593
     -46.9064938239353069      147.3279862535898985       46.0377033665445836
     -47.1656888981274918      147.3054480210953443       46.1592142498034761
     -47.4098386111130026      147.2823742254461195       46.2796917119089599
     -47.6390658523437054      147.2590301612767689       46.3982547998075034
     -47.8535362401565934      147.2356711036645152       46.5140736985462695
     -48.0534570580584983      147.2125388040387008       46.6263803918493949
     -48.2390762229103487      147.1898583910360685       46.7344776651928129
     -48.4106812590223967      147.1678357095658498       46.8377464220243738
     -48.5685982565630496      147.1466551232917936       46.9356513132617081
     -48.7131907966073214      147.1264777965165820       47.0277447086934473
     -48.8448588287548091      147.1074404614778643       47.1136690657417319
     -48.9640374905625748      147.0896546667559903       47.1931577756592802
     -49.0711958610456307      147.0732064922707423       47.2660345891853311
     -49.1668356431649869      147.0581567066012951       47.3322117426217943
     -49.2514897725255381      147.0445413334522584       47.3916869209668334
     -49.3257209470953768      146.9350716093607900       47.7450271755407769
     -49.3901201074122582      146.9294283134873638       47.7754501713709061
     -49.4453047890587385      146.9230986510722516       47.8061249588304378
     -49.4919174715377679      146.9162523786129384       47.8366467661329366
     -49.5306238219889110      146.9090488473171376       47.8666516383336784
     -49.5621108882929207      146.9016391949027991       47.8958088063786178
     -49.5870852355066773      146.8941684435860395       47.9238133340221779
     -49.6062710306376644      146.8867777900422595       47.9503781837527754
     -49.6204080809417434      146.8796074704355590       47.9752245445482686
     -49.6302498310738542      146.8728008321710945       47.9980685036615640
     -49.6365613245437345      146.8665108385791882       48.0186003267378752
     -49.6401171350273529      146.8609116989148902       48.0364481294130599
     -49.6416992731645834      146.8562211389312324       48.0511090970504497
     -49.6420950745334366      146.8523677304957289       48.0629652629973805
     -49.6416992731645834      146.8484656042388394       48.0748054842033312
     -49.6401171350273529      146.8435803159024431       48.0894027196571869
     -49.6365613245437345      146.8375435972702689       48.1071073081435046
     -49.6302498310738542      146.8304771395729631       48.1273850041130942
     -49.6204080809416936      146.8224603182067369       48.1498328852517190
     -49.6062710306371315      146.8135528975100215       48.1741107143262894
     -49.5870852355030323      146.8038071301578498       48.1999047644098937
     -49.5621108882733736      146.7932747616610243       48.2269072625820741
     -49.5306238219024237      146.7820116267383241       48.2548032334125239
     -49.4919174712099306      146.7700810573352044       48.2832610044197352
     -49.4453047879639200      146.7575567267519432       48.3119244533366796
     -49.3901201041249109      146.7445253050948963       48.3404058373939520
     -49.3257209380807495      146.7310892033744381       48.3682783429189342
     -49.2514897279415393      146.6104658715264009       48.7179681560567275
     -49.1668355369077688      146.5862822978029101       48.7739844841395396
     -49.0711956199812036      146.5592930720649463       48.8362539852167004
     -48.9640369673721239      146.5294705102808166       48.9047534789513563
     -48.8448577380264481      146.4968174935347065       48.9793762267768003
     -48.7131886048285310      146.4613688077836571       49.0599291362336771
     -48.5685939988584394      146.4231921270464625       49.1461311374050496
     -48.4106732430026625      146.3823885867497268       49.2376128571112162
     -48.2390615634550883      146.3390928964616080       49.3339176968790696
     -48.0534309655558829      146.2934729451776548       49.4345043974000475
     -47.8534909580247998      146.2457288578782766       49.5387511455327711
     -47.6389891069894205      146.1960914694223561       49.6459612502764287
     -47.4097113983146059      146.1448201910978355       49.7553703819846405
     -47.1654823835810006      146.0922002564053344       49.8661553348974778
     -46.9061650815016833      146.0385393459129659       49.9774442373388723
     -46.6316606022649367      145.9841636062167822       50.0883280971126723
     -46.3419074565366813      145.9294130950354713       50.1978735320949454
     -46.0368805023237400      145.8746367030275906       50.3051364979099773
     -45.7165894692045143      145.8201866227888956       50.4091767857163475
     -45.3810769763350947      145.7664124563861208       50.5090730227319398
     -45.0304159205031880      145.7136550745416912       50.6039378644016864
     -44.6647058657516283      145.6622418510276589       50.6929335341963281
     -44.2840681600092978      145.6124861371935424       50.7752882437005439
     -43.8886479710704052      145.5646783621635052       50.8503089530280832
     -43.4786257957398234      145.5190793438731873       50.9173951190482583
     -43.0542285898180808      145.4759148721367410       50.9760534132227434
     -42.6157412473995123      145.4353701739088933       51.0259127137715254
     -42.1635160706349410      145.3975842415842408       51.0667391666473875
     -41.6979773865082493      145.3626441152868551       51.0984507694527537
     -41.2196202831893288      145.3305793993968678       51.1211307020001726
     -40.7290044200434309      145.3013573966109675       51.1350386225803533
     -40.2267448372261569      145.2748792169406045       51.1406193195447401
     -39.7135015751911169      145.2509771119923982       51.1385083280684967
     -39.1899673922360066      145.2294131206258783       51.1295341763547455
     -38.6568488161124151      145.2098798669959194       51.1147142152178660
     -38.1148649135122426      145.1921471917698909       51.0948384874512271
     -37.5647625244677172      145.1762609226883001       51.0699032632129715
     -37.0073060053086920      145.1622913283601974       51.0398249700736457
     -36.4432731798630840      145.1502928128910526       51.0045563549250218
     -35.8734531199759559      145.1403038541515116       50.9640864170314103
     -35.2986437491154277      145.1323471007337389       50.9184399840975885
     -34.7196493721917605      145.1264296441279100       50.8676769288169126
     -34.1372782057055062      145.1225434644648260       50.8118910317419576
     -33.5523399608297197      145.1206660425220605       50.7512085057421913
     -32.9656435168464625      145.1207611262718729       50.6857862047998680
     -32.3779947107345905      145.1227796367859639       50.6158095458689559
     -31.7901942582058119      145.1266607164804157       50.5414901844610185
     -31.2030358798783993      145.1323348054556277       50.4630641572687182
     -30.6173061401492355      145.1397263798582742       50.3807899390712279
     -30.0337844592373244      145.1487517892521169       50.2949450649923691
     -29.4532413662723833      145.1593198650440399       50.2058236892696854
     -28.8764366323574393      145.1713329338718097       50.1137341857781067
     -28.3041174669150415      145.1846878522976851       50.0189966894149833
     -27.7370167767930695      145.1992770491506235       49.9219406054819714
     -27.1758514871766792      145.2149895624724252       49.8229021136819412
     -26.6213209230521954      145.2317120588218415       49.7222216924900167
     -26.0741052497910459      145.2493298236529711       49.6202416884849242
     -25.5348639713604655      145.2677277125785054       49.5173039537559561
     -25.0042345081473911      145.2867909258312693       49.4137475289992523
     -24.4828309628887801      145.3064049948711158       49.3099061876628753
     -23.9712426663321594      145.3264572113013458       49.2061066195761043
     -23.4700327978167245      145.3468378689342444       49.1026667122852558
     -22.9797371502379946      145.3674409200626485       48.9998938097967880
     -22.5008628605604457      145.3881645539167948       48.8980831196558228
     -22.0338871035274231      145.4089117097890664       48.7975162459694545
     -21.5792560685144110      145.4295905200194738       48.6984598936462234
     -21.1373840506368786      145.4501146697946865       48.6011647730094154
     -20.7086525820584200      145.4704036744630002       48.5058647029905643
     -20.2934096045656744      145.4903830782188550       48.4127759085245586
     -19.8919686860620999      145.5099845789235360       48.3220965052054012
     -19.5046082845454940      145.5291460845658662       48.2340061619507381
     -19.1315710639019727      145.5478117074497391       48.1486659304236468
     -18.7730632657080641      145.5659317156322743       48.0662182325987004
     -18.4292540872470063      145.5834634074541896       47.9867873083209844
     -18.1002751627984644      145.6003713276971894       47.9104795812081932
     -17.7862202467806334      145.6166252166834170       47.8373833992092372
     -17.4871448758435939      145.6321996712692908       47.7675694449512349
     -17.2030661041886113      145.6470739799660237       47.7010912872869213
     -16.9339623283274321      145.6612319426097031       47.6379859938032695
     -16.6797732067140601      145.6746616789195343       47.5782747891287841
     -16.4403997018960197      145.6873554292050699       47.5219637486210686
     -16.2157042396974518      145.6993093486283897       47.4690445201852782
     -16.0055109307159356      145.7105232999691964       47.4194950527007606
     -15.8096058926298397      145.7210006496315771       47.3732803170846211
     -15.6277376840626108      145.7307480689839849       47.3303530122276612
     -15.4596178499913002      145.7397753424680218       47.2906542495582016
     -15.3049215778528609      145.7480951834788527       47.2541142116223085
     -15.1632884627665590      145.7557230586079982       47.2206527816682780
     -15.0343233796888320      145.7626770204540776       47.1901801427712826
     -14.9175974598939263      145.7689775488471184       47.1625973465127331
     -14.8126491689305499      145.7746474000071260       47.1377968526004665
     -14.7189854830548121      145.7797114628769179       47.1156630420253464
     -14.6360831609305855      145.7841966216608398       47.0960727072995766
     -14.5861621869059608      145.8910117412355874       46.7606845235240343
     -14.5232049109910211      145.8948712661280922       46.7442917805615963
     -14.4699929409244898      145.9014911263725480       46.7199551426630180
     -14.4256897605238574      145.9099698560773675       46.6904166313242257
     -14.3894879752037248      145.9196411946067542       46.6576904887738237
     -14.3605920856531348      145.9299886516834590       46.6233289005500851
     -14.3382098717658053      145.9405983751345843       46.5885681006118020
     -14.3215478703549959      145.9511301343027299       46.5544179665617079
     -14.3098088900526079      145.9612972420571566       46.5217237998579733
     -14.3021904259080070      145.9708503526105687       46.4912161282399765
     -14.2978831009048548      145.9795612583500883       46.4635606645815997
     -14.2960680386796550      145.9872018142899606       46.4394236747069655
     -14.2959113410387282      145.9935098546239658       46.4195782279165385
     -14.2966634046434127      145.9986235141583109       46.4035440988406123
