  -60.819317864570053        100.67442018783366        73.322194639975891     
  -59.295317864570052        100.69429978320591        73.336673149597658     
  -57.771317864570051        100.71417937857815        73.351151659219425     
  -56.247317864570050        100.73405897395040        73.365630168841193     
  -50.141539887428770        100.81370490283382        73.423637101380820     
  -50.133415721701709        100.81381087732686        73.423714283671927     
  -50.121745830518321        100.81396338900690        73.423825359465241     
  -50.105908208239313        100.81417090659281        73.423976496613960     
  -50.085292075103446        100.81444196564114        73.424173911649703     
  -50.059299520763247        100.81478521247261        73.424423901773636     
  -50.027347112767792        100.81520945515051        73.424732881981924     
  -49.988867465678489        100.81572372057337        73.425107426638760     
  -49.943310766610445        100.81633731667044        73.425554314751963     
  -49.890146253109570        100.81705989863005        73.426080578154142     
  -49.828863639404013        100.81790152117152        73.426693539451549     
  -49.758974487208199        100.81886781395501        73.427397297970288     
  -49.680013517402948        100.81996372731503        73.428195457301683     
  -49.591539858905726        100.82119728827951        73.429093859882585     
  -49.493138231564942        100.82257669287195        73.430098467541683     
  -49.384420060133380        100.82411039159733        73.431215420720321     
  -49.265024516031026        100.82580718117903        73.432451100186100     
  -49.134619484229788        100.82767630409292        73.433812191240818     
  -48.992902452718177        100.82972755412392        73.435305747523671     
  -48.839601322219877        100.83197138553355        73.436939250418121     
  -48.674475133853498        100.83441901524888        73.438720653296556     
  -48.497314711238452        100.83708245594472        73.440658361263331     
  -48.307943219321018        100.83997461775007        73.442761241307366     
  -48.106216637174029        100.84310942585950        73.445038617429418     
  -47.892024142271197        100.84650190153000        73.447500203406349     
  -47.665288405293715        100.85016820115662        73.450155957663995     
  -47.425965792437374        100.85412552327318        73.453015779667254     
  -47.174046484855488        100.85839224891888        73.456089294822860     
  -46.909554508328007        100.86298806609494        73.459385521584238     
  -46.632547670137257        100.86793395830446        73.462912300943657     
  -46.343117405941044        100.87325214709753        73.466675510550530     
  -46.041388551149716        100.87896651754370        73.470678389376005     
  -45.727519021831419        100.88510291579676        73.474920448121949     
  -45.401699403503848        100.89168922855288        73.479395988947985     
  -45.064152461601786        100.89875585596913        73.484093344904238     
  -44.715132547106641        100.90633549700912        73.488994370504727     
  -44.354924899959371        100.91446230343458        73.494074269766898     
  -43.983844871984758        100.92317130499755        73.499302466268617     
  -43.602237044959963        100.93249682105687        73.504643434419094     
  -43.210474272523598        100.94247110735046        73.510058108555995     
  -42.808956649531432        100.95312309945099        73.515505451976111     
  -42.398110403227179        100.96447676533830        73.520943594244599     
  -41.978386731226401        100.97655041146561        73.526331387400177     
  -41.550260572310840        100.98935538078031        73.531629161892070     
  -41.114229330709136        101.00289597276880        73.536799570731205     
  -40.670811558492325        101.01717093229043        73.541808673323999     
  -40.220545578104797        101.03217617659335        73.546627798071569     
  -39.763988063379919        101.04790163880990        73.551231156448495     
  -39.301712559748189        101.06433099694806        73.555595540929417     
  -38.834307976613388        101.08144174573358        73.559700224910372     
  -38.362377022050126        101.09920551919814        73.563526984098573     
  -37.886534623565502        101.11758833638382        73.567059990741569     
  -37.407406290928201        101.13655106645955        73.570285796157762     
  -36.925626482897812        101.15604981848321        73.573193186746622     
  -36.441836910592080        101.17603654132641        73.575773127705389     
  -35.956684868139391        101.19645953844433        73.578018585114123     
  -35.470821489768710        101.21726415789992        73.579924425869294     
  -34.984900060458351        101.23839340717272        73.581487225735771     
  -34.499574241584654        101.25978862950251        73.582705178617715     
  -34.015496369939981        101.28139004299290        73.583578103942628     
  -33.533315669053017        101.30313725149767        73.584107507130355     
  -33.053676551650604        101.32496977567533        73.584296648808035     
  -32.577216843821184        101.34682750213624        73.584150548544287     
  -32.104566104863025        101.36865119856184        73.583676032471260     
  -31.636343887279946        101.39038291440832        73.582881697290631     
  -31.173158091645750        101.41196645959695        73.581777931707606     
  -30.715603279329731        101.43334770773208        73.580376815247433     
  -30.264259083542814        101.45447500756177        73.578692101110505     
  -29.819688590626395        101.47529938787829        73.576739058733040     
  -29.382436832854651        101.49577491277209        73.574534435241418     
  -28.953029250536947        101.51585875637697        73.572096227315214     
  -28.531970292406989        101.53551153139075        73.569443650858020     
  -28.119741971798856        101.55469719491363        73.566596821552650     
  -27.716802593396345        101.57338336850204        73.563576749103518     
  -27.323585428536436        101.59154111638705        73.560404937081316     
  -26.940497568613441        101.60914521284818        73.557103346965604     
  -26.567918761967952        101.62617392114883        73.553694040211639     
  -26.206200375202819        101.64260901197723        73.550199029743425     
  -25.855664433518943        101.65843573414450        73.546640130402110     
  -25.516602694236472        101.67364249164640        73.543038631088905     
  -25.189275878344748        101.68822094574473        73.539415305985997     
  -24.873912923929247        101.70216568226405        73.535790140757541     
  -24.570710348527872        101.71547400977295        73.532182181447951     
  -24.279831731227045        101.72814595464457        73.528609550064147     
  -24.001407237780700        101.74018389140657        73.525089218454781     
  -23.735533260838256        101.75159234555599        73.521636926089002     
  -23.482272171311635        101.76237794556131        73.518267221347045     
  -23.241652135355153        101.77254913206480        73.514993340157773     
  -23.013667031959667        101.78211593136827        73.511827141254201     
  -22.798276475322318        101.79108983636631        73.508779126131245     
  -22.595405931721185        101.79948370431990        73.505858476778528     
  -22.404946916482672        101.80731152424730        73.503073006340685     
  -22.226757291057371        101.81458827449882        73.500429176568062     
  -22.060661653578890        101.82132981251716        73.497932134566952     
  -21.906451821243063        101.82755279574255        73.495585766665670     
  -21.763887400059307        101.83327459402844        73.493392739933384     
  -21.632696439336833        101.83851318036717        73.491354521444094     
  -21.512576174443982        101.84328707043019        73.489471425958271     
  -21.403193853156942        101.84761527642742        73.487742667264612     
  -21.304187643016824        101.85151727097418        73.486166410531851     
  -21.215167617161914        101.85501295986887        73.484739825630697     
  -21.135716815924980        101.85812266306777        73.483459141926843     
  -21.065392381339691        101.86086710396692        73.482319705823144     
  -21.003726760891457        101.86326742150879        73.481316052736688     
  -20.950228978205775        101.86535575892151        73.480449582743503     
  -20.904385965509768        101.86715723126893        73.479715658019742     
  -20.865663955928252        101.86868746075604        73.479101895186290     
  -20.833509931715547        101.86996411035410        73.478596523230550     
  -20.807353123378242        101.87100664434550        73.478188278318953     
  -20.786606556102996        101.87183609301302        73.477866303475963     
  -20.770668639273431        101.87247482431351        73.477620055101909     
  -20.758924794745202        101.87294632524458        73.477439218135601     
  -20.750749119445175        101.87327499543515        73.477313631500579     
  -20.745506077769562        101.87348595527450        73.477233225299898     
  -20.742552219178151        101.87360487064920        73.477187971038063     
  -20.741237916316859        101.87365779608305        73.477167845949154     
  -14.644909118950412        102.11914980252095        73.383818616726813     
  -13.120909118950411        102.18051949405940        73.360482568087789     
  -11.596909118950412        102.24188918559784        73.337146519448766     
  -10.072909118950411        102.30325887713629        73.313810470809742     
