     -27.7447095619997235      -44.4891235091424733       62.6532804076443810
     -27.7437178788764705      -44.4778572836153572       62.6613159917632530
     -27.7433932001725267      -44.4638790229685199       62.6712477636644039
     -27.7443467485735908      -44.4468271567005573       62.6833065084643835
     -27.7472884335113292      -44.4272200347389798       62.6970946151195037
     -27.7529132393703648      -44.4055014948433495       62.7122682398867468
     -27.7619082363503757      -44.3821156560805008       62.7284841833846869
     -27.7749562490110087      -44.3575530549154422       62.7453673100906073
     -27.7927382822670985      -44.3323860012756015       62.7624857373400573
     -27.8159359638731480      -44.3073038580030456       62.7793261477891988
     -27.8452350059417171      -44.2831567589038002       62.7952631455498107
     -27.8813309925458626      -44.2610188810219825       62.8095147244596816
     -27.9249398575554757      -44.2422914146416275       62.8210694806833487
     -27.9768182454877810      -44.2288895365493104       62.8285539724857216
     -28.0372351679042069      -44.2187322463557990       62.8334257212818059
     -28.1061361958208487      -44.2071574235078515       62.8389669259161465
     -28.1839779646110777      -44.1940762347059390       62.8452193859330563
     -28.2711942026257930      -44.1794144384600713       62.8522147695034903
     -28.3681933555119663      -44.1631019954979678       62.8599819505779749
     -28.4753575370557854      -44.1450733599360774       62.8685467831373188
     -28.5930415645179004      -44.1252678183950309       62.8779318711027031
     -28.7215720802884320      -44.1036298591935605       62.8881562927328943
     -28.8612467621339057      -44.0801095864433066       62.8992352874890344
     -29.0123336244749019      -44.0546631936915318       62.9111799167852368
     -29.1750704129428904      -44.0272534951440093       62.9239966904701120
     -29.3496640942430780      -43.9978505156477624       62.9376871595776706
     -29.5362904439740213      -43.9664321683916981       62.9522475199269422
     -29.7350937329561056      -43.9329850162073257       62.9676682283834310
     -29.9461865067489619      -43.8975049917037410       62.9839334648820781
     -30.1696494443105188      -43.8599981928811928       63.0010206239325257
     -30.4055312285139721      -43.8204817181934132       63.0188998407048970
     -30.6538485367646381      -43.7789845998731408       63.0375337208742437
     -30.9145861436357166      -43.7355485765381289       63.0568768952437395
     -31.1876970938834113      -43.6902287924206902       63.0768755383060338
     -31.4731029549163743      -43.6430946045735908       63.0974671506027462
     -31.7706941421713580      -43.5942304565772361       63.1185805877878323
     -32.0803302621434341      -43.5437362997661808       63.1401356280906469
     -32.4018405252224113      -43.4917281224151679       63.1620429292813199
     -32.7350242328388035      -43.4383386399954503       63.1842044979767081
     -33.0796512285847299      -43.3837172891043039       63.2065134681122274
     -33.4354624181915199      -43.3280303093079979       63.2288543632472653
     -33.8021703337388004      -43.2714607869494685       63.2511036987504767
     -34.1794596401413528      -43.2142081547517733       63.2731302173784300
     -34.5669877698069143      -43.1564881216835659       63.2947962088373188
     -34.9643854706071764      -43.0985317836522128       63.3159581104108256
     -35.3712573917737387      -43.0405845532359095       63.3364673326931751
     -35.7871828673224073      -42.9829051555229285       63.3561716673624034
     -36.2117170269367463      -42.9257639346075379       63.3749159359665626
     -36.6443919406480134      -42.8694418091491301       63.3925436356696679
     -37.0847174416776824      -42.8142283345568586       63.4088975043308380
     -37.5321821893839456      -42.7604203129810756       63.4238211784064561
     -37.9862545681476718      -42.7083195893460683       63.4371599098683703
     -38.4463838223121712      -42.6582312652202091       63.4487621376903661
     -38.9120010505948315      -42.6104612673899865       63.4584803087410165
     -39.3825204270846356      -42.5653142272304024       63.4661723333708849
     -39.8573403002051947      -42.5230908554193547       63.4717024276999311
     -40.3358445246792598      -42.4840855822648038       63.4749424495440451
     -40.8174036776942231      -42.4485838006834655       63.4757726985559287
     -41.3013765265597641      -42.4168593620849279       63.4740831062815971
     -41.7871113830104761      -42.3891717933767893       63.4697739759869890
     -42.2739477258590881      -42.3657637551728712       63.4627570013332942
     -42.7612174207569495      -42.3468583260998557       63.4529559444542315
     -43.2482431793391271      -42.3326559873940553       63.4403078798844362
     -43.7343368117711151      -42.3233303940733947       63.4247652108219526
     -44.2188007458219872      -42.3190237749908817       63.4062978030454545
     -44.7009299849715589      -42.3198426628591307       63.3848951192350256
     -45.1800144349902908      -42.3258539057122647       63.3605680759155305
     -45.6553413713406258      -42.3370810298596183       63.3333505704427608
     -46.1261981755094794      -42.3535011491646713       63.3033008342272296
     -46.5918751485107592      -42.3750426056374394       63.2705027856013942
     -47.0516683898719208      -42.4015831135305419       63.2350669850593547
     -47.5048825303149371      -42.4329485581200601       63.1971314294268467
     -47.9508331826320173      -42.4689123117588352       63.1568620852667948
     -48.3888419983665727      -42.5092371444317081       63.1144253778174047
     -48.8181908236305802      -42.5539335036558484       63.0698155182201461
     -49.2381437078727444      -42.6030512563404642       63.0229934234864615
     -49.6479842032981011      -42.6565297299520552       62.9739863312149453
     -50.0470473523557899      -42.7142058830657021       62.9228832577932309
     -50.4347386642618076      -42.7758273756370997       62.8698260254418102
     -50.8105490820535621      -42.8410695739009526       62.8150000632118903
     -51.1740674028818390      -42.9095538130938223       62.7586223832189276
     -51.5249872683564192      -42.9808670955060350       62.7009301819395617
     -51.8631056819110654      -43.0545801856308330       62.6421701561046262
     -52.1883117093215105      -43.1302616434618713       62.5825896843344722
     -52.5005673681945169      -43.2074875755584529       62.5224325270329047
     -52.7998856226130187      -43.2858456374285510       62.4619367613070722
     -53.0863094583168973      -43.3649351028540266       62.4013353843181022
     -53.3598909682647289      -43.4443635449350509       62.3408600249075064
     -53.6206873769484602      -43.5237435777850123       62.2807431409992205
     -53.8687671554935861      -43.6026926212951622       62.2212178121072768
     -54.1042146971528553      -43.6808346929746989       62.1625170116892463
     -54.3271335541450924      -43.7578029490467486       62.1048717746516701
     -54.5376486412814430      -43.8332426864065852       62.0485086643464712
     -54.7359076768790516      -43.9068147842713188       61.9936471349270022
     -54.9220820432984596      -43.9781993928530852       61.9404970022862642
     -55.0963671897816880      -44.0470993522407710       61.8892556784184649
     -55.2589826844035272      -44.1132433598632545       61.8401055012531344
     -55.4101719955802068      -44.1763887463144869       61.7932111968767259
     -55.5502020751803514      -44.2363239350909936       61.7487177541303822
     -55.6793627953075259      -44.2928704501113657       61.7067486419744213
     -55.7979662809206047      -44.3458843615536793       61.6674042945639727
     -55.9063461763361218      -44.3952572229551521       61.6307609769002127
     -56.0048568732224723      -44.4409165052092519       61.5968700428001981
     -56.0938727201177372      -44.4828255442991534       61.5657575830319530
     -56.1737872265581615      -44.5209830208759172       61.5374244382804818
     -56.2450122694661658      -44.5554220148491780       61.5118465656174465
     -56.3079773056298123      -44.5862087297874297       61.4889758015107617
     -56.3628010808271114      -44.6147567818436457       61.4677885730102957
     -56.4095858332800475      -44.6426382328812892       61.4471424826869637
     -56.4489037165926817      -44.6696251645032589       61.4271963702556789
     -56.4813403440920681      -44.6955193845779490       61.4080887457711313
     -56.5074931481879688      -44.7201530982943254       61.3899370296722964
     -56.5279712130411980      -44.7433834602896994       61.3728412537000594
     -56.5433950125546829      -44.7650873280949568       61.3568876530609444
     -56.5543962025044067      -44.7851556372498507       61.3421525700177597
     -56.5616176656392824      -44.8034866185621254       61.3287072359579497
     -56.5657141362166414      -44.8199765671072399       61.3166243725979854
     -56.5673540355408662      -44.8345056507871220       61.3059884454296977
     -56.5672239021546375      -44.8469132339971139       61.2969136021174492
     -56.5660382481142250      -44.8569513929010597       61.2895775628432489
     -56.5643673798228050      -44.8649675698648096       61.2837232057402161
     -56.5620613186522405      -44.8728820818196965       61.2779467863808307
     -56.5583366053234400      -44.8825138595692721       61.2709222946310064
     -56.5525000044866530      -44.8940081402803486       61.2625476847638666
     -56.5440110233984257      -44.9069162241129050       61.2531547919461445
     -56.5323131143705666      -44.9208787265903666       61.2430105806816698
     -56.5168468799887833      -44.9355797042669352       61.2323507265374829
     -56.4970578105467354      -44.9507225988220682       61.2213972741299273
     -56.4724013762042532      -44.9660166735004907       61.2103686379740921
     -56.4423468487229201      -44.9811684147321031       61.1994859783189753
     -56.4063804757001748      -44.9958753839381629       61.1889777843227236
     -56.3640083252922608      -45.0098212262479791       61.1790836043304438
     -56.3147589919717646      -45.0226710537201953       61.1700574892684514
     -56.2581863040660650      -45.0340666206018980       61.1621715681396907
     -56.1938704572372743      -45.0436275714089192       61.1557151339070018
     -56.1209642201791041      -45.0527710769374821       61.1496582907765713
     -56.0386819105481422      -45.0627620267913755       61.1430829745276299
     -55.9465960282443291      -45.0735326532053122       61.1360505218088548
     -55.8443112589231561      -45.0849908737894083       61.1286413741647010
     -55.7314658470026600      -45.0970195643425882       61.1209557902229008
     -55.6077328209718189      -45.1094762149315400       61.1131142397216749
     -55.4728210678590230      -45.1221930333885624       61.1052574573761262
     -55.3264762584733774      -45.1349775430422682       61.0975461169265728
     -55.1684816309843526      -45.1476137175350658       61.0901600868061507
     -54.9986586463150005      -45.1598636667026696       61.0832971962997249
     -54.8168675353488482      -45.1714698563034247       61.0771714049089738
     -54.6230077750894836      -45.1821581115652009       61.0720106334756352
     -54.4170185270849487      -45.1916412790863831       61.0680540096859232
     -54.1988790863532728      -45.1996235810304441       61.0655484951064622
     -53.9686093980410391      -45.2058056238279562       61.0647447572293061
     -53.7262707155178987      -45.2098901299222362       61.0658922790954861
     -53.4719665028951070      -45.2115888388767004       61.0692341831242445
     -53.2058436898094769      -45.2106302318190174       61.0750011327177731
     -52.9280944407573060      -45.2067680759359192       61.0834040698721168
     -52.6389586897076285      -45.1997912937737496       61.0946261238562229
     -52.3387278208211910      -45.1895356475768466       61.1088138319427259
     -52.0277494584737354      -45.1758967939841725       61.1260665179788987
     -51.7064218758697081      -45.1588426416312814       61.1464261843313324
     -51.3751715155447997      -45.1384213282023268       61.1698725625688908
     -51.0344307093942078      -45.1147645324492643       61.1963207154970519
     -50.6846145570343722      -45.0880863183198954       61.2256221194710903
     -50.3261009624574456      -45.0586786824887398       61.2575697364381710
     -49.9592186833897998      -45.0269038036275688       61.2919037447376809
     -49.5842452560136380      -44.9931859928505347       61.3283183894815238
     -49.2014132972156162      -44.9580040155465497       61.3664684260318509
     -48.8109220356447793      -44.9218835448073719       61.4059739402535314
     -48.4129511195927691      -44.8853911676567279       61.4464257001976222
     -48.0076781425651333      -44.8491283648611940       61.4873883548254057
     -47.5953086609559648      -44.8137289599058875       61.5284017761723092
     -47.1761109663681495      -44.7797123512220239       61.5690861753957961
     -46.7504354125798400      -44.7472808070866890       61.6092872351940457
     -46.3186657790320453      -44.7165716266212669       61.6488934367643253
     -45.8812114824575445      -44.6876980683847620       61.6878056646822372
     -45.4385070209115582      -44.6607499996647945       61.7259371665150596
     -44.9910116722802726      -44.6357941804317804       61.7632126517406590
     -44.5392091313294287      -44.6128753107929938       61.7995680102025915
     -44.0836071034871040      -44.5920168358370290       61.8349492159491874
     -43.6247365885566438      -44.5732225670250912       61.8693118620587583
     -43.1631510017541586      -44.5564782640170947       61.9026201450277824
     -42.6994248463370596      -44.5417535909586206       61.9348458941662372
     -42.2341522014642266      -44.5290041808359263       61.9659673178776984
     -41.7679444496151362      -44.5181740356034439       61.9959678823567870
     -41.3014250482142131      -44.5091976779649983       62.0248354774000887
     -40.8352242589685588      -44.5020013839098141       62.0525622807222845
     -40.3699770234804518      -44.4965041435580986       62.0791449217614613
     -39.9063208572232071      -44.4926184325879959       62.1045843302844531
     -39.4448938654468435      -44.4902512702017674       62.1288859154123756
     -38.9863324950289964      -44.4893049800157314       62.1520592688397358
     -38.5312694515865459      -44.4896783378068292       62.1741183557562778
     -38.0803313738189004      -44.4912672781562861       62.1950810474497189
     -37.6341367154079336      -44.4939660879610415       62.2149693028161153
     -37.1932934092584020      -44.4976680251270196       62.2338085272473620
     -36.7583967756826411      -44.5022665171381817       62.2516277356268830
     -36.3300272462207232      -44.5076556715385649       62.2684587601648261
     -35.9087483481788965      -44.5137314149146022       62.2843363582020899
     -35.4951045629864765      -44.5203919252580818       62.2992973669307233
     -35.0896194230345984      -44.5275386058511060       62.3133806656179559
     -34.6927937441875756      -44.5350765404505040       62.3266264519291155
     -34.3051041671286612      -44.5429152302603057       62.3390757750787188
     -33.9270014099568868      -44.5509693940885469       62.3507700761722603
     -33.5589084492623684      -44.5591593224768019       62.3617503097423977
     -33.2012189889433316      -44.5674117646743895       62.3720570684057591
     -32.8542959444119873      -44.5756597771397196       62.3817295122379107
     -32.5184701852458033      -44.5838429843280366       62.3908051281172362
     -32.1940394299848194      -44.5919076898761730       62.3993195222508419
     -31.8812672647038156      -44.5998066914663269       62.4073060255496443
     -31.5803823934403276      -44.6074994364863926       62.4147959844306470
     -31.2915779940086267      -44.6149516644422945       62.4218185197535718
     -31.0150112195930383      -44.6221349336434443       62.4284002857096993
     -30.7508028862126608      -44.6290264548322995       62.4345657938495151
     -30.4990372765426550      -44.6356086477961895       62.4403374581828672
     -30.2597620645935592      -44.6418685557699959       62.4457355229882367
     -30.0329883830093962      -44.6477974389541714       62.4507782963492062
     -29.8186910106689673      -44.6533904246742566       62.4554824925594190
     -29.6168086124273522      -44.6586459480416522       62.4598632944017709
     -29.4272440606862986      -44.6635652596000696       62.4639345446740322
     -29.2498649336721002      -44.6681519866788221       62.4677090093268959
     -29.0845041164135765      -44.6724117626223673       62.4711986637178924
     -28.9309604794032538      -44.6763518624634202       62.4744149006967291
     -28.7889996309689842      -44.6799808394253262       62.4773686471724403
     -28.6583547444492197      -44.6833082636649976       62.4800705285600131
     -28.5387274556436843      -44.6863445115536280       62.4825310093924458
     -28.4297888282194009      -44.6891005995228738       62.4847605053023898
     -28.3311803849284090      -44.6915880598335207       62.4867694691648481
     -28.2425152022641761      -44.6938188587622705       62.4885684613721466
     -28.1633790654152705      -44.6958053310515595       62.4901681794181343
     -28.0933316805713318      -44.6975601405423149       62.4915794741318535
     -28.0319066968027997      -44.6990856695775207       62.4928209907553196
     -27.9780802744896171      -44.6958389732725010       62.4971829002142059
     -27.9311082197231073      -44.6858452905305441       62.5061054107487877
     -27.8906929409943594      -44.6711073104038761       62.5181649376468869
     -27.8564579950975286      -44.6531207993863504       62.5323034952282697
     -27.8279714247089416      -44.6330608132519231       62.5476954929837206
     -27.8047593058529330      -44.6118839125700077       62.5636744052968652
     -27.7863146895479112      -44.5903906945805986       62.5796877287116615
     -27.7721042930457038      -44.5692687923404378       62.5952658688718699
     -27.7615742387718782      -44.5491274639849877       62.6099970344809691
     -27.7541558343991071      -44.5305322940656154       62.6235020663549875
     -27.7492726438436961      -44.5140507164738040       62.6354015623648337
     -27.7463509395986243      -44.5003262416512513       62.6452625310900686
     -27.7447095619997235      -44.4891235091424733       62.6532804076443810
