      -4.2801904290191226      129.9168740259599986       -0.8679885704459885
      -4.2817310348337241      129.9167312733602557       -0.8907017944674859
      -4.2850970907666790      129.9165607081569647       -0.9186405557796451
      -4.2913707807325858      129.9163625559211255       -0.9523619921493259
      -4.3015480925254099      129.9161486512503814       -0.9906437632357337
      -4.3166218283821847      129.9159303609013136       -1.0324163124102446
      -4.3375721095912789      129.9157198264014994       -1.0766121959463655
      -4.3653594948936263      129.9155308939718907       -1.1220734621267321
      -4.4009191125347229      129.9153799540261502       -1.1674808953797247
      -4.4451548506647969      129.9152868179937741       -1.2112834595056494
      -4.4989328473570724      129.9152757291660976       -1.2516107033366097
      -4.5630732875818296      129.9153766331304496       -1.2861456315174793
      -4.6383387028248686      129.9156269408216815       -1.3119172775726005
      -4.7254147972640910      129.9160743095951887       -1.3249233300507159
      -4.8253124382769643      129.9166839524027921       -1.3292310185207958
      -4.9392384360238433      129.9173649512804900       -1.3341188468032930
      -5.0679520551931008      129.9181158071025948       -1.3396404536619972
      -5.2121717468452946      129.9189338377236993       -1.3458260313441064
      -5.3725741489300516      129.9198148744196430       -1.3527036625938849
      -5.5497922385360532      129.9207531837586771       -1.3602991493815653
      -5.7444135961247982      129.9217413859456371       -1.3686358341994989
      -5.9569787873994642      129.9227703077025637       -1.3777344142477246
      -6.1879798638346175      129.9238289585120185       -1.3876127516081573
      -6.4378589876403227      129.9249045207614301       -1.3982856795198344
      -6.7070071852449065      129.9259823369226297       -1.4097648059471304
      -6.9957632332354596      129.9270459271495781       -1.4220583163560812
      -7.3044126770009790      129.9280770135674175       -1.4351707772399287
      -7.6331869867459421      129.9290555642240292       -1.4491029425934463
      -7.9822628567663694      129.9299598601930938       -1.4638515657198996
      -8.3517616492792754      129.9307665874657403       -1.4794092182678458
      -8.7417490047570894      129.9314508495517657       -1.4957641108751356
      -9.1522345986847551      129.9319860187032702       -1.5128999127398601
      -9.5831720343458624      129.9323440183957246       -1.5307955858231088
     -10.0344588925159286      129.9324952716416703       -1.5494252294519033
     -10.5059369371285012      129.9324089040451042       -1.5687579452860880
     -10.9973924773051426      129.9320527150911460       -1.5887577202910834
     -11.5085568906352140      129.9313933185577810       -1.6093833358746490
     -12.0391073000329740      129.9303957933040294       -1.6305882985904774
     -12.5886674172994635      129.9290240271217840       -1.6523208103595368
     -13.1568085371416910      129.9272407970893539       -1.6745237700864091
     -13.7430506952336096      129.9250076026845875       -1.6971348098628292
     -14.3468639793939019      129.9222844728291761       -1.7200863714614665
     -14.9676699872525933      129.9190298688049552       -1.7433058275304054
     -15.6048434391932354      129.9152002426439481       -1.7667156441030221
     -16.2577139339965875      129.9107501307939572       -1.7902335982064925
     -16.9255678746430682      129.9056360179663159       -1.8137730980749447
     -17.6076505665161527      129.8998216116084450       -1.8372435842113799
     -18.3031683307251569      129.8932800940360437       -1.8605509885096929
     -19.0112907713606951      129.8859920739078575       -1.8835982395151898
     -19.7311531817723846      129.8779443821859161       -1.9062858537793641
     -20.4618590646749823      129.8691303546253835       -1.9285126156203087
     -21.2024827588813309      129.8595506245625302       -1.9501763274340651
     -21.9520721592771331      129.8492138676311072       -1.9711746161534442
     -22.7096515131879926      129.8381370283477168       -1.9914057805907439
     -23.4742242806061654      129.8263455431404338       -2.0107696777346464
     -24.2447760480939785      129.8138734106678669       -2.0291686351629159
     -25.0202774821614078      129.8007630568436070       -2.0465083770470649
     -25.7996873084153471      129.7870650292225321       -2.0626989517353818
     -26.5819553040634879      129.7728375578136593       -2.0776556483850674
     -27.3660252898758998      129.7581459179670276       -2.0912998881573808
     -28.1508381042533387      129.7430615635155391       -2.1035600758589021
     -28.9353346274577881      129.7276611857706712       -2.1143723938566534
     -29.7184595208269364      129.7120256247399936       -2.1236813757463771
     -30.4991649593350118      129.6962386538133103       -2.1314400654746155
     -31.2764135671949397      129.6803857341350579       -2.1376099959471384
     -32.0491811835976179      129.6645527704744723       -2.1421611038202824
     -32.8164595224978797      129.6488247587455760       -2.1450715847492843
     -33.5772587259318982      129.6332844324307132       -2.1463276930901616
     -34.3306098242185911      129.6180111371872101       -2.1459234909546447
     -35.0755671071614685      129.6030797091654847       -2.1438605421630350
     -35.8112104236710422      129.5885593956246851       -2.1401475481898968
     -36.5366474416310325      129.5745129855113760       -2.1347999211106665
     -37.2510159017675306      129.5609960680494623       -2.1278392778059438
     -37.9534850878537071      129.5480578828640716       -2.1192085527865991
     -38.6432543454642143      129.5357494513223457       -2.1082517206341738
     -39.3195626568879746      129.5241162316619068       -2.0941265081619624
     -39.9816909054994980      129.5131928996148361       -2.0761074842677263
     -40.6289561459973498      129.5030034652505435       -2.0535912734250621
     -41.2607088046217285      129.4935615189910436       -2.0260995369978927
     -41.8763306274556513      129.4848704725354196       -1.9932805569042820
     -42.4752330370510194      129.4769241084503903       -1.9549094101907083
     -43.0568567007860565      129.4697074378600803       -1.9108866654047423
     -43.6206731501479297      129.4631972989174642       -1.8612353709615852
     -44.1661888444217681      129.4573634811340810       -1.8060960158366239
     -44.6929511948565974      129.4521699745284025       -1.7457191712410309
     -45.2005552499659586      129.4475757882059384       -1.6804557654207450
     -45.6886499883063024      129.4435365726189957       -1.6107452835707592
     -46.1569444575316581      129.4400052462681572       -1.5371021467593868
     -46.6052093584548643      129.4369340029029729       -1.4601010267973924
     -47.0332758058685769      129.4342750607117694       -1.3803623476196401
     -47.4410342782948433      129.4319820785655111       -1.2985383501946923
     -47.8284337503710546      129.4300104244151157       -1.2152997710647633
     -48.1954809372403901      129.4283185147960467       -1.1313232480033608
     -48.5422395627310195      129.4268677017453797       -1.0472795256471676
     -48.8688296405492508      129.4256230749044221       -0.9638225819777300
     -49.1754267183886355      129.4245535961671862       -0.8815797490083775
     -49.4622610678290471      129.4236318529190441       -0.8011429075564799
     -49.7296168166578738      129.4228343478118859       -0.7230608216310592
     -49.9778309920374753      129.4221411994777782       -0.6478326449198782
     -50.2072924700329040      129.4215356588086365       -0.5759026245824611
     -50.4184408330500062      129.4210040117700657       -0.5076560063094214
     -50.6117651170862359      129.4205352332725454       -0.4434161184926639
     -50.7878024471508951      129.4201205620772726       -0.3834425996886294
     -50.9471365590830771      129.4197530694277987       -0.3279307150312106
     -51.0903962103715941      129.4194273379981723       -0.2770116912060889
     -51.2182534766271118      129.4191391442356576       -0.2307539849825108
     -51.3314219356839203      129.4188851554801545       -0.1891653891914241
     -51.4306547431042489      129.4186658660002252       -0.1494555223961040
     -51.5167426029909166      129.4184793226460215       -0.1085075391256730
     -51.5905116383726892      129.4183184901523305       -0.0669588091576714
     -51.6528211665010986      129.4181778332886097       -0.0253927380451885
     -51.7045613848018135      129.4180531361069200        0.0156633754004557
     -51.7466509734136082      129.4179413048197205        0.0557277233313209
     -51.7800346206016755      129.4178401887996301        0.0943537711668703
     -51.8056804778007631      129.4177484168737067        0.1311192289385656
     -51.8245775511607079      129.4176652539948975        0.1656125840542028
     -51.8377330366414100      129.4175904862049435        0.1974145000394633
     -51.8461696058600907      129.4175243473645480        0.2260688332595371
     -51.8509226500241454      129.4174675149882887        0.2510317271168130
     -51.8530374893918093      129.4174212293144137        0.2715751295309927
     -51.8535665557902874      129.4173840435685179        0.2882133296146048
     -51.8530374893918093      129.4173471225603009        0.3048515302878180
     -51.8509226500241454      129.4173019076556272        0.3253949350866075
     -51.8461696058600907      129.4172475549758303        0.3503578344661831
     -51.8377330366414029      129.4171860670319347        0.3790121780438327
     -51.8245775511606581      129.4171191886482291        0.4108141115988506
     -51.8056804778002942      129.4170487176257893        0.4453074949793032
     -51.7800346205984852      129.4169767356414127        0.4820729968231218
     -51.7466509733965268      129.4169058106080570        0.5206991118928384
     -51.7045613847262615      129.4168391945606800        0.5607635605116609
     -51.6528211662147143      129.4167810269664471        0.6018198220907250
     -51.5905116374163057      129.4167365475509541        0.6433861072859637
     -51.5167426001191728      129.4167123208072212        0.6849351411299158
     -51.4306547352291830      129.4167164804018171        0.7258835480629179
     -51.3314219157210374      129.4167589003884586        0.7655939948425015
     -51.2182534290485307      129.4168276515427465        0.8071833020979302
     -51.0903961024281443      129.4169098113707435        0.8534418156096854
     -50.9471363248034876      129.4170087474276443        0.9043617454169181
     -50.7878019587189158      129.4171289885825900        0.9598746302659846
     -50.6117641355674337      129.4172765374936205        1.0198492231792160
     -50.4184389263011923      129.4174591943014150        1.0840902078710724
     -50.2072888800321735      129.4176868798504074        1.1523378384360081
     -49.9778244264550295      129.4179720651608250        1.2242685825998494
     -49.7296051299333044      129.4183301905226813        1.2994968311779667
     -49.4622407850392563      129.4187800016658230        1.3775777178984205
     -49.1753923405229685      129.4193436334423382        1.4580110714361585
     -48.8687726522134511      129.4200470772227902        1.5402465072043623
     -48.5421470425089510      129.4209204620198079        1.6236896296686429
     -48.1953336465591917      129.4219977461907831        1.7077092888299130
     -47.8282035480369174      129.4233169476891590        1.7916458257543162
     -47.4406806735020297      129.4249199963831813        1.8748201893052610
     -47.0327414199272837      129.4268519271153934        1.9565437810846436
     -46.6044140099326469      129.4291609988937921        2.0361288823207406
     -46.1557775084126902      129.4318973767111913        2.1128994266208045
     -45.6869604746939260      129.4351129098661204        2.1862019173442016
     -45.1981391412104756      129.4388597881893190        2.2554161746097634
     -44.6895351539166441      129.4431899090320712        2.3199656120261616
     -44.1614158535045433      129.4481529439343888        2.3793269460345488
     -43.6140988195718649      129.4537956530201654        2.4330402473167982
     -43.0479562277919712      129.4601601044482209        2.4807195953453105
     -42.4634192780504307      129.4672825635636286        2.5220642353756624
     -41.8609816310196763      129.4751918845923058        2.5568700935215176
     -41.2412005873234122      129.4839079518893072        2.5850412304515498
     -40.6046955467390376      129.4934407014625890        2.6066005811417274
     -39.9521441831437230      129.5037889799387472        2.6216992757880044
     -39.2842772053121436      129.5149397777100830        2.6306240074131595
     -38.6018725119548094      129.5268679230706255        2.6338021048246958
     -37.9057484307387185      129.5395359303457212        2.6318040556864881
     -37.1967539093915036      129.5528942485567825        2.6253412101677154
     -36.4757665857345117      129.5668878003903330        2.6149627200596979
     -35.7436980048075199      129.5814645766505748        2.6006424646985118
     -35.0014876201368992      129.5965655533852043        2.5822990171047806
     -34.2500995987827110      129.6121236311398945        2.5598801961816444
     -33.4905202705033389      129.6280644819802319        2.5333630948254777
     -32.7237554427705604      129.6443075589209570        2.5027538293067413
     -31.9508276388543209      129.6607673397669487        2.4680869995644334
     -31.1727732890721825      129.6773545718710352        2.4294248554247191
     -30.3906399016893367      129.6939775744066310        2.3868561783289923
     -29.6054832360874727      129.7105437396148204        2.3404948966112147
     -28.8183644889601354      129.7269610233235824        2.2904784514515963
     -28.0303474992496149      129.7431393084926867        2.2369659374741584
     -27.2424960579822617      129.7589917635285701        2.1801360574677147
     -26.4558719539524780      129.7744361105767723        2.1201850744482935
     -25.6715329666639711      129.7893957382631527        2.0573249858132514
     -24.8905301133880457      129.8038006945646714        1.9917817114340410
     -24.1139048426823699      129.8175885733082850        1.9237932026778142
     -23.3426862544685854      129.8307051873470357        1.8536074899169739
     -22.5778883517513478      129.8431050096163233        1.7814806912065038
     -21.8205073371198708      129.8547514838390669        1.7076750063062247
     -21.0715189602111366      129.8656171409451474        1.6324567171736177
     -20.3318759235777868      129.8756834903879849        1.5560942159128339
     -19.6025053566593712      129.8849407895256718        1.4788560817309513
     -18.8843063639328221      129.8933878242164894        1.4010092269164376
     -18.1781476466133327      129.9010310434438509        1.3228171215495330
     -17.4848652178409765      129.9078837931870112        1.2445381214576821
     -16.8052602161962845      129.9139662523194261        1.1664239171002924
     -16.1400968186543423      129.9193067003705266        1.0887181162308091
     -15.4901001924479029      129.9239437661032355        1.0116549525580407
     -14.8559544913686850      129.9279224183559052        0.9354580424056963
     -14.2383010774777539      129.9312893388165833        0.8603392799378143
     -13.6377369238389345      129.9340892373772078        0.7864979166579715
     -13.0548131565287466      129.9363653085181625        0.7141198399862349
     -12.4900336867653969      129.9381595192474776        0.6433770091487209
     -11.9438539516080304      129.9395125394056549        0.5744270422965593
     -11.4166797664679525      129.9404640546498229        0.5074129512290211
     -10.9088662835762875      129.9410527751518600        0.4424630104894891
     -10.4207170781867191      129.9413162345531703        0.3796907513631272
      -9.9524833496582996      129.9412905578888626        0.3191950699685224
      -9.5043632555744910      129.9410106800805806        0.2610604377465999
      -9.0765013716941283      129.9405102200319675        0.2053571985072760
      -8.6689882882500502      129.9398214009275989        0.1521419402659228
      -8.2818603414976160      129.9389748864808496        0.1014579284107674
      -7.9150994853690060      129.9379997443212176        0.0533355876608672
      -7.5686333063976523      129.9369231811149632        0.0077930202395815
      -7.2423351876077788      129.9357707005565885       -0.0351634483415008
      -6.9360246279643718      129.9345660341126631       -0.0755387011745214
      -6.6494676848854484      129.9333310415892697       -0.1133482549458597
      -6.3823775568054080      129.9320856380760461       -0.1486176913718030
      -6.1344153135404822      129.9308477489217921       -0.1813821016730942
      -5.9051907690569543      129.9296332807479644       -0.2116855489783215
      -5.6942634943291761      129.9284561071911810       -0.2395805522218210
      -5.5011439697416034      129.9273280857733255       -0.2651275938489506
      -5.3252948734081134      129.9262590561813226       -0.2883946522777678
      -5.1661325002548120      129.9252569069579692       -0.3094567591380952
      -5.0230283077995432      129.9243277221470976       -0.3283955801398114
      -4.8953105870160565      129.9234758612779217       -0.3452990170292980
      -4.7822662525819952      129.9227040479981383       -0.3602608277969785
      -4.6831437028222647      129.9220134163097384       -0.3734017629248863
      -4.5975636213419175      129.9213787896146641       -0.3940711769591871
      -4.5248797620401957      129.9207827251115077       -0.4264100267155821
      -4.4640541901308124      129.9202268140931551       -0.4664923052063454
      -4.4140639106715795      129.9197107360221253       -0.5114261459952354
      -4.3738864999026807      129.9192338443139931       -0.5589762292088846
      -4.3424933634003366      129.9187957765575163       -0.6073561281886141
      -4.3188466319536936      129.9183966317885108       -0.6551009479324285
      -4.3018978774512844      129.9180369650008799       -0.7009794930790544
      -4.2905876423301264      129.9177177402869461       -0.7439234688192099
      -4.2838450097215937      129.9174403536152340       -0.7829564788231071
      -4.2805862445440876      129.9172068656116892       -0.8171011550007601
      -4.2797108906780172      129.9170206773773657       -0.8452282349594148
      -4.2801904290191226      129.9168740259599986       -0.8679885704459885
