  -67.232367379822804       -24.489506484258484        71.852929558512443     
  -65.708367379822803       -24.339424915519622        71.908777735747378     
  -64.184367379822802       -24.189343346780760        71.964625912982314     
  -62.660367379822802       -24.039261778041897        72.020474090217249     
  -56.554798388889878       -23.437993161111088        72.244217462347038     
  -56.546847865167166       -23.437210203714368        72.244508815534687     
  -56.535427405303942       -23.436085684768599        72.244927801991366     
  -56.519928303902446       -23.434559850512180        72.245497319039231     
  -56.499752844919342       -23.432574144140904        72.246240216918153     
  -56.474315911043078       -23.430071399639864        72.247179349647809     
  -56.443046558804213       -23.426996035951543        72.248337638896970     
  -56.405389555152283       -23.423294250603277        72.249738149672282     
  -56.360806871330510       -23.418914211918565        72.251404176559703     
  -56.308779129989283       -23.413806248961762        72.253359339183305     
  -56.248807001598571       -23.407923028502886        72.255627654658596     
  -56.180412545738868       -23.401216858615118        72.258224707819167     
  -56.103140495251878       -23.393642034966728        72.261164473917788     
  -56.016559478519241       -23.385157182475538        72.264466158091537     
  -55.920263175325623       -23.375723661329889        72.268148832259683     
  -55.813871405393520       -23.365305740357215        72.272231558529910     
  -55.697031146099363       -23.353870784142888        72.276733551737408     
  -55.569417476018138       -23.341389444336254        72.281674335844656     
  -55.430734442010973       -23.327835865045415        72.287073903133020     
  -55.280715847588993       -23.313187909861792        72.292952868608410     
  -55.119125960370042       -23.297427418421762        72.299332601532910     
  -54.945760135218052       -23.280540481246980        72.306235242857895     
  -54.760445353278563       -23.262517780735983        72.313683674159591     
  -54.563040678473769       -23.243355066079207        72.321701553186514     
  -54.353437627031667       -23.223053743548640        72.330313228200325     
  -54.131560449006223       -23.201621620629346        72.339543482157623     
  -53.897366319019852       -23.179073818133762        72.349416937876668     
  -53.650845442317980       -23.155434042874429        72.359957428248634     
  -53.392021078422403       -23.130736350100069        72.371187401772147     
  -53.120949475022151       -23.105027385566554        72.383126857137725     
  -52.837719712347479       -23.078369271240433        72.395791683487701     
  -52.542453471352758       -23.050843606433894        72.409192003549322     
  -52.235304724142644       -23.022556830252036        72.423330177813739     
  -51.916459334065912       -22.993646355405406        72.438197885834825     
  -51.586134567799000       -22.964285005962072        72.453774143920469     
  -51.244578515518803       -22.934682397094708        72.470024696568544     
  -50.892069403492314       -22.905082707001387        72.486901659360313     
  -50.528914818747531       -22.875759106717805        72.504344896243069     
  -50.155450845862440       -22.847005239757554        72.522284370248698     
  -49.772041114892325       -22.819124779958592        72.540642318494008     
  -49.379075786413317       -22.792420935408714        72.559336603676130     
  -48.976970468421236       -22.767186262243147        72.578282944269276     
  -48.566165073637578       -22.743693845899191        72.597397418300062     
  -48.147122627995444       -22.722189957413359        72.616598511990475     
  -47.720328033920126       -22.702889986436521        72.635807781983274     
  -47.286286795635583       -22.685979425927304        72.654953496707705     
  -46.845523705672292       -22.671615434798028        72.673974349455705     
  -46.398581459982715       -22.659925476435799        72.692814196127017     
  -45.946019264259029       -22.651007150021872        72.711420425713158     
  -45.488411351817170       -22.644928856374534        72.729744361600709     
  -45.026345526459160       -22.641730439840412        72.747740695024845     
  -44.560421595202506       -22.641424407315512        72.765367755086416     
  -44.091249856920086       -22.643997215341297        72.782586949337059     
  -43.619449469435438       -22.649411139879994        72.799363046244480     
  -43.145646908647244       -22.657606289806633        72.815663958988054     
  -42.670474268900989       -22.668502924206457        72.831460641755712     
  -42.194567684871373       -22.682003921684181        72.846726739556203     
  -41.718565594578493       -22.697997485094021        72.861438455192285     
  -41.243107140400646       -22.716359585483346        72.875574413291346     
  -40.768830404015212       -22.736955585976052        72.889115836337410     
  -40.296370791553223       -22.759641585941242        72.902046909703103     
  -39.826359259361809       -22.784265707407616        72.914354878043241     
  -39.359420697927099       -22.810669492413805        72.926030391064486     
  -38.896172172600465       -22.838689198934947        72.937067468503400     
  -38.437221324888355       -22.868157214598043        72.947463804180003     
  -37.983164644198048       -22.898903308144348        72.957220570598651     
  -37.534585909614513       -22.930756011949857        72.966342670693791     
  -37.092054507369184       -22.963543778347869        72.974838357818143     
  -36.656123939604043       -22.997096298208181        72.982719465491385     
  -36.227330203085010       -23.031245511956300        72.990000810449246     
  -35.806190388097278       -23.065826836848125        72.996700438195262     
  -35.393201142215950       -23.100680002802488        73.002838827622440     
  -34.988837369491776       -23.135650151123063        73.008439144474906     
  -34.593550819368772       -23.170588520469444        73.013526364948703     
  -34.207768874488643       -23.205353435802337        73.018127313419427     
  -33.831893321327513       -23.239811047230404        73.022270006918987     
  -33.466299211771542       -23.273836012741455        73.025983291894889     
  -33.111333848375615       -23.307312143204783        73.029296824279953     
  -32.767315741587659       -23.340132559677819        73.032240008811840     
  -32.434533752685375       -23.372200033248440        73.034841971610035     
  -32.113246263951559       -23.403427066350979        73.037131149825015     
  -31.803680438986056       -23.433735882313201        73.039135008411606     
  -31.506031618585361       -23.463058466690594        73.040880280306894     
  -31.220462743633416       -23.491336248547466        73.042392412321561     
  -30.947103889502799       -23.518519793534239        73.043695344664016     
  -30.686051919723933       -23.544568564440521        73.044811740141412     
  -30.437370201207003       -23.569450457456114        73.045762713965303     
  -30.201088417070753       -23.593141320612098        73.046567670116673     
  -29.977202487226425       -23.615624530209800        73.047244429742292     
  -29.765674581730302       -23.636890544961688        73.047809360404074     
  -29.566433216053095       -23.656936360133120        73.048277250223919     
  -29.379373446314357       -23.675764999261972        73.048661370500753     
  -29.204357158605113       -23.693385026879714        73.048973596161701     
  -29.041213450837589       -23.709810105166603        73.049224575732438     
  -28.889739101881347       -23.725058547138708        73.049423783411882     
  -28.749699129359232       -23.739152905427090        73.049579564658316     
  -28.620827436062179       -23.752119620110360        73.049699239552311     
  -28.502827541528784       -23.763988705576459        73.049789200673175     
  -28.395373396584105       -23.774793474565861        73.049855002609249     
  -28.298110278506755       -23.784570298693971        73.049901448227914     
  -28.210655764188466       -23.793358400234457        73.049932667045141     
  -28.132600778300780       -23.801199663323001        73.049952164916093     
  -28.063510713739021       -23.808138470384872        73.049962881095595     
  -28.002926621094030       -23.814221571262262        73.049967293696653     
  -27.950366469872840       -23.819504399423902        73.049986878820832     
  -27.905326454924843       -23.824039961903431        73.050029144327112     
  -27.867282370348025       -23.827877203513424        73.050083171943797     
  -27.835691045946160       -23.831067899060585        73.050140793155549     
  -27.809991827163955       -23.833666375411774        73.050196206778352     
  -27.789608101285463       -23.835729233329090        73.050245607636427     
  -27.773948865640481       -23.837315071097603        73.050286832620870     
  -27.762410333458412       -23.838484212128179        73.050319029927365     
  -27.754377572916155       -23.839298438712316        73.050342356763949     
  -27.749226174846548       -23.839820733997545        73.050357710276856     
  -27.746323944508600       -23.840115034081663        73.050366495858327     
  -27.745032612768053       -23.840245991916699        73.050370436375317     
  -21.648709561999723       -24.458492445050801        73.068973452009530     
  -20.124709561999722       -24.613045867946859        73.073623959469586     
  -18.600709561999722       -24.767599290842917        73.078274466929642     
  -17.076709561999721       -24.922152713738974        73.082924974389698     
