     -19.3955854073106764      -42.1981489224508124      131.9354917707957497
     -19.3968156537505330      -42.1838253926295437      131.9400798712219967
     -19.3993042109619758      -42.1662205377755441      131.9457228300479130
     -19.4037736842774358      -42.1449930026292279      131.9525327673116522
     -19.4108731692861127      -42.1209239967854217      131.9602624794803489
     -19.4212510524100175      -42.0946983394296339      131.9686958899064564
     -19.4355473292147138      -42.0669995276460966      131.9776177481923867
     -19.4543881892286628      -42.0385681922514962      131.9867950814378332
     -19.4783814737421324      -42.0102467669379749      131.9959630835059272
     -19.5081121740825978      -41.9830240368094749      132.0048110603361522
     -19.5441373089169232      -41.9580904375477388      132.0129649425241780
     -19.5869793156720640      -41.9369182940111926      132.0199618110323740
     -19.6371163851377446      -41.9213927076740660      132.0252081868785581
     -19.6949662790951940      -41.9140496372539673      132.0279039482798282
     -19.7612365206183576      -41.9123302255346815      132.0288675319634422
     -19.8368124370281969      -41.9103850520647114      132.0299618763470448
     -19.9221978036552372      -41.9081878657611071      132.0311987045059539
     -20.0178691018783788      -41.9057268218301999      132.0325850587129537
     -20.1242750503511765      -41.9029909899956792      132.0341275952652609
     -20.2418353759301972      -41.8999704395864185      132.0358325667976942
     -20.3709396585999940      -41.8966563272293868      132.0377058065712959
     -20.5119462540796142      -41.8930409848891401      132.0397527123137422
     -20.6651812961041372      -41.8891180086657755      132.0419782354981351
     -20.8309377810410403      -41.8848823470389888      132.0443868762646105
     -21.0094747378253217      -41.8803303862314991      132.0469826806558444
     -21.2010164851163587      -41.8754600320387240      132.0497692418963993
     -21.4057519782327219      -41.8702707850257241      132.0527496995900663
     -21.6238342490684445      -41.8647638032700016      132.0559267220279196
     -21.8553799362119427      -41.8589419697056542      132.0593025288814317
     -22.1004689152465730      -41.8528099505160327      132.0628789122058322
     -22.3591440488649518      -41.8463742481548024      132.0666572445097984
     -22.6314110336009335      -41.8396432459061671      132.0706384522189865
     -22.9172383325121451      -41.8326272656390685      132.0748230450902838
     -23.2165572125712707      -41.8253386174749409      132.0792111401678426
     -23.5292618938769778      -41.8177916246988133      132.0838024287005510
     -23.8552098024715100      -41.8100026529066682      132.0885961786564735
     -24.1942219279255184      -41.8019901425724214      132.0935912715067957
     -24.5460832997848790      -41.7937746029772441      132.0987861416739975
     -24.9105435666262380      -41.7853786201006727      132.1041787861476564
     -25.2873176843708372      -41.7768268589604403      132.1097667841654015
     -25.6760867232188623      -41.7681460303948171      132.1155472337077299
     -26.0764987698078308      -41.7593648793074053      132.1215167868685114
     -26.4881699489618399      -41.7505141333861260      132.1276715932612831
     -26.9106855415965249      -41.7416264566332558      132.1340072938151025
     -27.3436012078560289      -41.7327363758843006      132.1405189666492106
     -27.7864443092267628      -41.7238801947073554      132.1472010730892919
     -28.2387152837636322      -41.7150959070377354      132.1540474664795681
     -28.6998890052108635      -41.7064230282986514      132.1610513407889016
     -29.1694162546747364      -41.6979023769107755      132.1682052566675623
     -29.6467253152505528      -41.6895757934622679      132.1755011071826971
     -30.1312236250008851      -41.6814858449284245      132.1829301545268152
     -30.6222994983694434      -41.6736754767611330      132.1904830129947754
     -31.1193238942744586      -41.6661876659153734      132.1981497367019358
     -31.6216522362333947      -41.6590650274491310      132.2059198493095380
     -32.1286262708045101      -41.6523493831692591      132.2137823272863102
     -32.6395759577554827      -41.6460813319584986      132.2217256447704301
     -33.1538213894005480      -41.6402997760756932      132.2297377151539024
     -33.6706747201607826      -41.6350415135151266      132.2378060572656864
     -34.1894421136110722      -41.6303408228885203      132.2459179298414540
     -34.7094256857483145      -41.6262290320790953      132.2540603824726588
     -35.2299254522809449      -41.6227340779426029      132.2622202216404048
     -35.7502413325770760      -41.6198801511535166      132.2703841404211857
     -36.2696759191275149      -41.6176875094640479      132.2785387340497039
     -36.7875372623921919      -41.6161726649464327      132.2866704207391990
     -37.3031408539249441      -41.6153487216727385      132.2947653841346778
     -37.8158114635710874      -41.6152256991125427      132.3028094165123605
     -38.3248848928202506      -41.6158109136059124      132.3107879257573245
     -38.8297096582066388      -41.6171093048782765      132.3186857655027211
     -39.3296485961273845      -41.6191238241262766      132.3264872711874887
     -39.8240804126423811      -41.6218557663929758      132.3341761327044424
     -40.3124011843950569      -41.6253051590111767      132.3417354505606625
     -40.7940258468039048      -41.6294711241739606      132.3491476896768972
     -41.2683897067552437      -41.6343522745336685      132.3563946678853256
     -41.7349497868751627      -41.6400007002555199      132.3634407130352884
     -42.1931863105487537      -41.6468526093282208      132.3701287380598615
     -42.6426088772350909      -41.6554664514027380      132.3762628435094655
     -43.0827558795541776      -41.6663303418251800      132.3816688943592226
     -43.5131878398474470      -41.6798581911080959      132.3861957270000289
     -43.9334838421555531      -41.6963868475993422      132.3897161247340932
     -44.3432387896718510      -41.7161739173286179      132.3921274960165420
     -44.7420611397369612      -41.7393963509086205      132.3933523737013047
     -45.1295719443076919      -41.7661498621033260      132.3933385922086643
     -45.5054060694286591      -41.7964495024099065      132.3920592721357821
     -45.8692160094204482      -41.8302316084782220      132.3895119723492826
     -46.2206777700015081      -41.8673579069446546      132.3857182624113307
     -46.5594974934846775      -41.9076214903443542      132.3807223562272384
     -46.8854177288744935      -41.9507545315908317      132.3745890173122461
     -47.1982236013624430      -41.9964375950586728      132.3674009731269621
     -47.4977442852522529      -42.0443098632616028      132.3592557528044154
     -47.7838516032386167      -42.0939791959799052      132.3502627543660992
     -48.0564588670489812      -42.1450316529191582      132.3405404578332991
     -48.3155199687019561      -42.1970404073691512      132.3302135675453144
     -48.5610286245325469      -42.2495741376775200      132.3194104425373894
     -48.7930177092265680      -42.3022048291175068      132.3082607377914144
     -49.0115586371183127      -42.3545148862226313      132.2968930955716473
     -49.2167607599178893      -42.4061035390567653      132.2854329837940384
     -49.4087707592176244      -42.4565925515892673      132.2740008359576507
     -49.5877720140233578      -42.5056311621426488      132.2627103744657973
     -49.7539839286037378      -42.5529002387874726      132.2516671308231935
     -49.9076612087443579      -42.5981156538712895      132.2409672045551474
     -50.0490930769369555      -42.6410308825726005      132.2306962650722539
     -50.1786024212561941      -42.6814388351924023      132.2209287760434222
     -50.2965448695472190      -42.7191729604564969      132.2117274689012163
     -50.4033077861872556      -42.7541076552295678      132.2031430499794737
     -50.4993091898912283      -42.7861580268885362      132.1952141264819431
     -50.5849965921706044      -42.8152790638927030      132.1879673362815026
     -50.6608457573440560      -42.8414642769407408      132.1814176633160400
     -50.7273794473846777      -42.8664839159658797      132.1750051208007619
     -50.7851479634374954      -42.8923151810934229      132.1681019390915424
     -50.8346978404440151      -42.9185513109317114      132.1608529390826448
     -50.8765982311149045      -42.9448198788283264      132.1533928648886445
     -50.9114393684039044      -42.9707841509270594      132.1458458531280655
     -50.9398308792589276      -42.9961363404286487      132.1383275237567432
     -50.9624000502898369      -43.0205911135381882      132.1309469897427391
     -50.9797900410033620      -43.0438785804498991      132.1238090368184430
     -50.9926580373396163      -43.0657357390032871      132.1170168111946168
     -51.0016733305516823      -43.0858946609511690      132.1106755742015082
     -51.0075152878839617      -43.1040640909256396      132.1048986113471528
     -51.0108711355193094      -43.1198971350464220      132.0998176862458422
     -51.0124333856441154      -43.1329300289764817      132.0956029382460315
     -51.0129083966200625      -43.1434873805387369      132.0921674069704181
     -51.0126770068999491      -43.1540464681619866      132.0887122202667285
     -51.0114155589844032      -43.1670863028974168      132.0844189073816608
     -51.0084252245452063      -43.1829349535386484      132.0791614322559440
     -51.0030028304413108      -43.2011321095230514      132.0730711726910158
     -50.9944531862623194      -43.2213343288644438      132.0662415946133308
     -50.9820902445124702      -43.2432538161496254      132.0587483124534174
     -50.9652385722737122      -43.2666261254758808      132.0506597177707135
     -50.9432349561456022      -43.2911917778495905      132.0420430737164565
     -50.9154300510058633      -43.3166844696613467      132.0329684644163990
     -50.8811900292757855      -43.3428225419487561      132.0235116852776116
     -50.8398982061408375      -43.3693019999746880      132.0137566316039681
     -50.7909566240808843      -43.3957900503006400      132.0037975217504140
     -50.7337875832158929      -43.4219183881956141      131.9937412043437917
     -50.6678352092288051      -43.4472845767133364      131.9837068035225798
     -50.5925948230208178      -43.4738664434699089      131.9730312010804880
     -50.5075844927721747      -43.5034341578292967      131.9611186845562827
     -50.4123282972033024      -43.5359834425340608      131.9479574449553070
     -50.3063776486989553      -43.5714714339740041      131.9335491425047451
     -50.1893124809328981      -43.6098153643097888      131.9179094669531764
     -50.0607423576339912      -43.6508917760497255      131.9010685382971815
     -49.9203074971635061      -43.6945363266809679      131.8830711269762332
     -49.7676797067848682      -43.7405442319548783      131.8639766744396695
     -49.6025632192967834      -43.7886713864797343      131.8438591000432325
     -49.4246954228773774      -43.8386361901527764      131.8228063905496015
     -49.2338474776722919      -43.8901220818899063      131.8009199333034758
     -49.0298248066209013      -43.9427807820177350      131.7783136054130750
     -48.8124674479190546      -43.9962362232827502      131.7551126227657221
     -48.5816502553575447      -44.0500891218049304      131.7314521269689749
     -48.3372829304157747      -44.1039221228603679      131.7074755032040230
     -48.0793098691930965      -44.1573054919129433      131.6833325955445559
     -47.8077098001653482      -44.2098032068777087      131.6591777152675888
     -47.5224951840224819      -44.2609793022418643      131.6351673998608760
     -47.2237113362042038      -44.3104043605132105      131.6114580989404033
     -46.9114352140234203      -44.3576620266479651      131.5882040006147804
     -46.5857737770856630      -44.4023552090209890      131.5655547024015846
     -46.2468619390826419      -44.4441117624158153      131.5436529697748256
     -45.8948632192096966      -44.4825897611744239      131.5226329767442053
     -45.5299748533023063      -44.5174831441486205      131.5026183373705635
     -45.1524327554723186      -44.5485281694139346      131.4837198337935718
     -44.7625165905491116      -44.5755105822183708      131.4660327338075376
     -44.3605538538884332      -44.5982733589447804      131.4496334008687484
     -43.9469216177446000      -44.6167251476076245      131.4345766614009392
     -43.5220454848885510      -44.6308483687778832      131.4208927964463385
     -43.0863961956007984      -44.6407065035412245      131.4085848353142012
     -42.6404847864812879      -44.6464500355997558      131.3976262225401683
     -42.1848571458934174      -44.6483207828428590      131.3879590876003647
     -41.7200876382604022      -44.6466543648168468      131.3794930720158050
     -41.2467695663623033      -44.6418791430708737      131.3721053926330171
     -40.7655116658538859      -44.6343250747704730      131.3657057576599527
     -40.2769412496732073      -44.6239633353740786      131.3603248079925265
     -39.7817025475276296      -44.6107341524077015      131.3560025547828616
     -39.2804548013260586      -44.5945999830351525      131.3527701876729452
     -38.7738704410302688      -44.5755453506807342      131.3506499815788402
     -38.2626331511010349      -44.5535765027194728      131.3496553911513729
     -37.7474358881753673      -44.5287207886754217      131.3497910697228974
     -37.2289788751337696      -44.5010258953834779      131.3510532130286208
     -36.7079676116780078      -44.4705587995577929      131.3534297883960562
     -36.1851109079777373      -44.4374045883948767      131.3569010453098826
     -35.6611189673951898      -44.4016650500756782      131.3614399536309065
     -35.1367015201996082      -44.3634571381350469      131.3670127997252735
     -34.6125660916853306      -44.3229113083275266      131.3735798257718557
     -34.0894170598304100      -44.2801699039008199      131.3810958355230696
     -33.5679546730115632      -44.2353858415523788      131.3895108068009563
     -33.0488733200372877      -44.1887213029962780      131.3987703512714518
     -32.5328597469080094      -44.1403464550830549      131.4088164074090059
     -32.0205913176124568      -44.0904380925768038      131.4195878119336101
     -31.5127343102611270      -44.0391782248148829      131.4310207617337483
     -31.0099422541842493      -43.9867526935662312      131.4430493769520183
     -30.5128543095105726      -43.9333498284130641      131.4556063374818677
     -30.0220936866617478      -43.8791591218817203      131.4686234950535493
     -29.5382661183895543      -43.8243699319887341      131.4820324412231969
     -29.0619583704088846      -43.7691702300545344      131.4957650452216740
     -28.5937368122664672      -43.7137453762814800      131.5097538730484530
     -28.1341460260319565      -43.6582770094294403      131.5239327150179349
     -27.6837074807838981      -43.6029419749981599      131.5382369672236962
     -27.2429182465899551      -43.5479113708736918      131.5526040811992914
     -26.8122497378209665      -43.4933496364047656      131.5669738679029876
     -26.3921464585276588      -43.4394137305163284      131.5812888728870007
     -25.9830249295096074      -43.3862523541607246      131.5954945960160387
     -25.5852726923702427      -43.3340053313712588      131.6095397926326882
     -25.1992473806124764      -43.2828030828034827      131.6233766510301848
     -24.8252758441349251      -43.2327662214013628      131.6369609452588350
     -24.4636533348837837      -43.1840052580876943      131.6502521414930129
     -24.1146427639041399      -43.1366203971938802      131.6632134158212182
     -23.7784740141813877      -43.0907014592120561      131.6758117219001747
     -23.4553433364270063      -43.0463278595992946      131.6880177186369849
     -23.1454128123748966      -43.0035686923490843      131.6998057364376677
     -22.8488098935733532      -42.9624828927953430      131.7111537364409344
     -22.5656270296342996      -42.9231194353786805      131.7220431603460895
     -22.2959213731550108      -42.8855176076257507      131.7324588307091915
     -22.0397145714455682      -42.8497073277129843      131.7423888354104236
     -21.7969926528036346      -42.8157094794688007      131.7518243484371112
     -21.5677060026291478      -42.7835362798082883      131.7607594638180331
     -21.3517694407641692      -42.7531916776716727      131.7691910603234078
     -21.1490624039989612      -42.7246717597399339      131.7771186282137990
     -20.9594292057318050      -42.6979651559836810      131.7845440830720634
     -20.7826793882947349      -42.6730534422867862      131.7914715955276961
     -20.6185881711900798      -42.6499115402363032      131.7979074533120638
     -20.4668969985214488      -42.6285080950812230      131.8038599087115017
     -20.3273141826576129      -42.6088058363241160      131.8093390334767889
     -20.1995156423094819      -42.5907619201785579      131.8143565838038853
     -20.0831457332235459      -42.5743282528478701      131.8189258739533329
     -19.9778181680046885      -42.5594517970682560      131.8230616647344959
     -19.8831170234385048      -42.5460748612883748      131.8267800606902824
     -19.7985978327451306      -42.5341353730340188      131.8300984139545164
     -19.7237887594195342      -42.5235671396441859      131.8330352358794642
     -19.6581926803436673      -42.5142865459998802      131.8356144910908370
     -19.6016441371842944      -42.5003922091157449      131.8397378001447748
     -19.5537528096884401      -42.4792648394181995      131.8462449005689052
     -19.5137945144008604      -42.4533697519299409      131.8543335668204861
     -19.4810644690606765      -42.4245203536970408      131.8634127764990183
     -19.4548642957055122      -42.3941162243693910      131.8730260174078808
     -19.4344956429555182      -42.3632740152492886      131.8828089856848749
     -19.4192569584878285      -42.3329077136784804      131.8924635467708129
     -19.4084418316836533      -42.3037839843010701      131.9017397179369198
     -19.4013380322309033      -42.2765667778347094      131.9104211255555867
     -19.3972265737201575      -42.2518620801349911      131.9183104550008636
     -19.3953799600384400      -42.2302764689249059      131.9252105171229914
     -19.3950582111854253      -42.2125123049810540      131.9308936225231719
     -19.3955854073106764      -42.1981489224508124      131.9354917707957497
