  -67.670323787867716        21.525184163302978       -67.854333588553217     
  -66.146323787867715        21.516264472046171       -67.826215840445869     
  -64.622323787867714        21.507344780789364       -67.798098092338520     
  -63.098323787867713        21.498425089532557       -67.769980344231172     
  -56.992648332313749        21.462689695846333       -67.657330839976240     
  -56.984609370921468        21.462642645286198       -67.657182521412281     
  -56.973061907116296        21.462575201915399       -67.656969918121789     
  -56.957390503799942        21.462483940192389       -67.656682231690738     
  -56.936990858986910        21.462365606002013       -67.656309204094356     
  -56.911271440234962        21.462217159060959       -67.655841251365558     
  -56.879655085104027        21.462035818659139       -67.655269607761383     
  -56.841580563198818        21.461819112327284       -67.654586479104196     
  -56.796504095437861        21.461564927015647       -67.653785203911653     
  -56.743900826294627        21.461271562379451       -67.652860420877332     
  -56.683266244873714        21.460937774990885       -67.651808207127374     
  -56.614117550819380        21.460559698253370       -67.650616366443998     
  -56.535994961205930        21.460133254709671       -67.649272028954670     
  -56.448462954731994        21.459656580037773       -67.647769283481381     
  -56.351111449734773        21.459128180441027       -67.646103352991602     
  -56.243556912760077        21.458547007837218       -67.644270803716708     
  -56.125443394671478        21.457912547857688       -67.642269775751018     
  -55.996443491628689        21.457224918091853       -67.640100216719702     
  -55.856259229328721        21.456484925521302       -67.637763942848679     
  -55.704622866914491        21.455694187637846       -67.635264836325902     
  -55.541297619001341        21.454855315174132       -67.632609144440494     
  -55.366078295598257        21.453972099194417       -67.629805662527559     
  -55.178791858799109        21.453049741656638       -67.626865874537188     
  -54.979297895338917        21.452095143620351       -67.623804031448302     
  -54.767489002766133        21.451117265079215       -67.620637128389390     
  -54.543291099599777        21.450127606632080       -67.617384832022992     
  -54.306663655938557        21.449140835740963       -67.614069293278149     
  -54.057599846867646        21.448175587666693       -67.610714765015956     
  -53.796126635101658        21.447255370517528       -67.607346575709400     
  -53.522304788054015        21.446409994458854       -67.603990487033343     
  -53.236228838490121        21.445677522056954       -67.600672030033763     
  -52.938027002250415        21.445106640473441       -67.597414964372462     
  -52.627861068350626        21.444759824703791       -67.594239294518857     
  -52.305926242947741        21.444717391678601       -67.591159983893661     
  -51.972450829318824        21.445080115093099       -67.588185119258426     
  -51.627695681995547        21.445969777212380       -67.585314469356859     
  -51.271953418141010        21.447528017239996       -67.582539976934243     
  -50.905547402920561        21.449912513706177       -67.579845571257877     
  -50.528830516840323        21.453291533115987       -67.577208225415873     
  -50.142183767773680        21.457837585509488       -67.574599888252862     
  -49.746014835221970        21.463720433047378       -67.571988181643022     
  -49.340756542920573        21.471101073288914       -67.569338800929103     
  -48.926865353855433        21.480125999671422       -67.566616246158830     
  -48.504819841567702        21.490922757650953       -67.563785371446812     
  -48.075119273994346        21.503597539627595       -67.560811987648776     
  -47.638282308447067        21.518236249312096       -67.557666184445765     
  -47.194845645848076        21.534906480213387       -67.554327381719958     
  -46.745362656810869        21.553655645452864       -67.550777606025520     
  -46.290401925893583        21.574511095443537       -67.547000848961119     
  -45.830545813913595        21.597480402393781       -67.542982556387727     
  -45.366388933090491        21.622552108164012       -67.538709993667212     
  -44.898536667970099        21.649696426376742       -67.534171851655870     
  -44.427603606482549        21.678866408530382       -67.529358642707251     
  -43.954212031973427        21.709999133629722       -67.524262536956087     
  -43.478990323248134        21.743017101719470       -67.518877233753571     
  -43.002571421573791        21.777829718115765       -67.513197606657585     
  -42.525591221841054        21.814335152952182       -67.507220054675003     
  -42.048687023014480        21.852422175033603       -67.500942440919943     
  -41.572495895458502        21.891971876200024       -67.494364205829314     
  -41.097653059052831        21.932858841796008       -67.487486537631128     
  -40.624790199138332        21.974952099745028       -67.480312529585021     
  -40.154533823655093        22.018116096328466       -67.472847354165168     
  -39.687503602286348        22.062211696482837       -67.465098470806296     
  -39.224310737915808        22.107097169574676       -67.457075732666254     
  -38.765556340978307        22.152629173594232       -67.448791501775716     
  -38.311829836800960        22.198663709723519       -67.440260656701952     
  -37.863707387241725        22.245057056514877       -67.431500602086189     
  -37.421750358800821        22.291666672150665       -67.422531202385670     
  -36.986503802194868        22.338352030980520       -67.413374626469462     
  -36.558495007149311        22.384975468577256       -67.404055276758044     
  -36.138232051429917        22.431402874063568       -67.394599405231631     
  -35.726202464736090        22.477504484644662       -67.385035134711487     
  -35.322871864580570        22.523155394061217       -67.375391791612302     
  -34.928682740522902        22.568236292609654       -67.365700040575533     
  -34.544053212466714        22.612633885901854       -67.355991045488679     
  -34.169375934269695        22.656241586287713       -67.346296539430014     
  -33.805017010634586        22.698959873276934       -67.336648170223910     
  -33.451314998089195        22.740696609344983       -67.327077045589022     
  -33.108579998551271        22.781367371769125       -67.317613608091833     
  -32.777092785583427        22.820895562053096       -67.308287151291040     
  -32.457104051680780        22.859212730845403       -67.299126246898197     
  -32.148833710315181        22.896258505112044       -67.290158234605400     
  -31.852470271117799        22.931980351910823       -67.281408494720253     
  -31.568170319874493        22.966333560319644       -67.272900569481465     
  -31.296058074937800        22.999281038471199       -67.264655923183184     
  -31.036225029202178        23.030793053951523       -67.256693706642366     
  -30.788729684815252        23.060847051168775       -67.249030880945298     
  -30.553597376029604        23.089427393582838       -67.241682225808034     
  -30.330820180566764        23.116525010003812       -67.234660156866298     
  -30.120356922161861        23.142137095517104       -67.227974762445697     
  -29.922133262841779        23.166266837385958       -67.221633960444194     
  -29.736041885926248        23.188923086910812       -67.215643554532960     
  -29.561942770054554        23.210119993057635       -67.210007195204398     
  -29.399663552323030        23.229876692380440       -67.204726470022294     
  -29.248999980696237        23.248217020460604       -67.199801009642300     
  -29.109716454100269        23.265169248950322       -67.195228615112526     
  -28.981546649848621        23.280765833863761       -67.191005360067066     
  -28.864194237320081        23.295043165373048       -67.187125639914697     
  -28.757333673486539        23.308041351469729       -67.183582262218323     
  -28.660611078842162        23.319804022153573       -67.180366543357351     
  -28.573645191429858        23.330378148083238       -67.177468400553437     
  -28.496028396128125        23.339813870876657       -67.174876439793366     
  -28.427327826128106        23.348164341777576       -67.172578040405156     
  -28.367086533330028        23.355485582627022       -67.170559486864605     
  -28.314824726992104        23.361843576233095       -67.168826748255640     
  -28.270041066665662        23.367301787770788       -67.167370336385730     
  -28.232214017557244        23.371919315127975       -67.166160579129865     
  -28.200803263942078        23.375758612488532       -67.165170236856127     
  -28.175251169837981        23.378885164158451       -67.164374125424487     
  -28.154984286149684        23.381367157073164       -67.163748753300979     
  -28.139414900174920        23.383275154654878       -67.163271979409785     
  -28.127942623255677        23.384681774772965       -67.162922698032034     
  -28.119956012263064        23.385661374466110       -67.162680556509244     
  -28.114834220517828        23.386289743908943       -67.162525710908014     
  -28.111948673671915        23.386643811883982       -67.162438624149331     
  -28.110664766012761        23.386801364764455       -67.162399910403636     
  -22.014343572599145        24.134902645620905       -66.978577166862308     
  -20.490343572599144        24.321918112138153       -66.932623902218111     
  -18.966343572599143        24.508933578655402       -66.886670637573914     
  -17.442343572599142        24.695949045172650       -66.840717372929717     
