  -63.355702381014069        37.105582847614812       -113.81047223819101     
  -61.831702381014068        37.116370306893302       -113.84355959972611     
  -60.307702381014067        37.127157766171791       -113.87664696126120     
  -58.783702381014066        37.137945225450281       -113.90973432279630     
  -52.678069600045355        37.181163247099960       -114.04229290496455     
  -52.670066069696389        37.181219899171957       -114.04246666854868     
  -52.658569459696075        37.181301396489168       -114.04271663762196     
  -52.642966994925359        37.181412225630645       -114.04305657344743     
  -52.622656956082103        37.181556884537017       -114.04350027213687     
  -52.597050297783767        37.181739898577064       -114.04406161393221     
  -52.565572232037148        37.181965839677517       -114.04475462188613     
  -52.527663772842644        37.182239348145210       -114.04559352881344     
  -52.482783237806750        37.182565156780321       -114.04659285129870     
  -52.430407702752795        37.182948116868133       -114.04776746953519     
  -52.370034405442581        37.183393219235356       -114.04913269217332     
  -52.301182094674367        37.183903727537718       -114.05069853128627     
  -52.223392321160794        37.184482629335726       -114.05247415422976     
  -52.136230666746094        37.185134093498952       -114.05447235590518     
  -52.039287908695982        37.185862347830955       -114.05670612001018     
  -51.932181115971069        37.186671712134547       -114.05918872707566     
  -51.814554674581601        37.187566633900261       -114.06193387503379     
  -51.686081239319350        37.188551725099501       -114.06495581010958     
  -51.546462609368618        37.189631797964481       -114.06826946503730     
  -51.395430524719664        37.190811888830311       -114.07189057596335     
  -51.232747379999196        37.192097252882085       -114.07583573206128     
  -51.058206859740764        37.193493385184375       -114.08012253662039     
  -50.871634489008692        37.195006016510384       -114.08476973346600     
  -50.672888098221293        37.196641079288163       -114.08979729967780     
  -50.461858200750910        37.198404632668662       -114.09522649068207     
  -50.238468277409808        37.200302687413554       -114.10107968123414     
  -50.002674981223350        37.202341056590647       -114.10738042125749     
  -49.754468255253329        37.204525149765303       -114.11415349582130     
  -49.493871357937735        37.206859639203834       -114.12142482396342     
  -49.220940789469878        37.209347910475067       -114.12922099826099     
  -48.935766149102598        37.211991553839930       -114.13756934581500     
  -48.638469906697807        37.214789685682724       -114.14649799352016     
  -48.329207070768568        37.217737865862205       -114.15603539372954     
  -48.008164783561028        37.220826960008843       -114.16621018692295     
  -47.675561841156146        37.224042416550290       -114.17705139447797     
  -47.331648089016539        37.227363723514244       -114.18858752585190     
  -46.976703746887232        37.230764566117394       -114.20084609902472     
  -46.611038653864945        37.234213622390897       -114.21385327886065     
  -46.234991389863772        37.237675470976285       -114.22763233506134     
  -45.848928363025287        37.241112193379763       -114.24220334376233     
  -45.453242790946227        37.244484751605540       -114.25758200395357     
  -45.048353621234355        37.247754366051581       -114.27377877286048     
  -44.634704403822823        37.250883878909320       -114.29079855697763     
  -44.212762069338275        37.253838590191648       -114.30863956090442     
  -43.783015701045557        37.256587039071391       -114.32729371535802     
  -43.345975216030567        37.259101448065465       -114.34674803811878     
  -42.902170032235688        37.261358774579278       -114.36698812906259     
  -42.452147655114878        37.263339275801734       -114.38799395280236     
  -41.996472240328998        37.265026410783612       -114.40973976205711     
  -41.535723101325480        37.266406627735080       -114.43219377267010     
  -41.070493184975994        37.267469392560237       -114.45531871090262     
  -40.601387515002337        37.268206964541086       -114.47907174034648     
  -40.129021596275798        37.268614353487187       -114.50340510030665     
  -39.654019808497033        37.268689056361637       -114.52826622438509     
  -39.177013753089192        37.268430952707618       -114.55359848801524     
  -38.698640613168330        37.267842004152769       -114.57934148561748     
  -38.219541455644119        37.266926097598990       -114.60543185708256     
  -37.740359572850373        37.265688724871836       -114.63180369408025     
  -37.261738752562408        37.264136841064918       -114.65838937249600     
  -36.784321612004646        37.262278738970437       -114.68512000244345     
  -36.308747849434653        37.260124067326721       -114.71192616004424     
  -35.835652585423709        37.257683770628084       -114.73873839120029     
  -35.365664617958032        37.254970071700029       -114.76548786121660     
  -34.899404785207771        37.251996413929383       -114.79210688933391     
  -34.437484242935213        37.248777404145862       -114.81852948792496     
  -33.980502865106125        37.245328751352417       -114.84469188719315     
  -33.529047560171890        37.241667168150762       -114.87053293619530     
  -33.083690730171973        37.237810303718916       -114.89599458913945     
  -32.644988640584437        37.233776604239232       -114.92102214860749     
  -32.213479962089870        37.229585247590698       -114.94556471621107     
  -31.789684207805475        37.225255955239838       -114.96957523560532     
  -31.374100377829066        37.220808933616063       -114.99301090426931     
  -30.967205488506334        37.216264649334825       -115.01583303621875     
  -30.569453324524453        37.211643771390868       -115.03800740962205     
  -30.181273104929847        37.206966926061099       -115.05950404175719     
  -29.803068322599866        37.202254579421236       -115.08029733549387     
  -29.435215606830234        37.197526860262819       -115.10036597279682     
  -29.078063630996386        37.192803365039580       -115.11969267299253     
  -28.731932194480336        37.188103105778332       -115.13826431896187     
  -28.397111253511127        37.183444282450417       -115.15607146572188     
  -28.073860142370410        37.178844235344883       -115.17310833502543     
  -27.762406847286133        37.174319355774365       -115.18937261657231     
  -27.462947319695495        37.169884934337809       -115.20486501353362     
  -27.175644962788049        37.165555168308906       -115.21958922619567     
  -26.900630162294835        37.161343096211603       -115.23355166208238     
  -26.637999889739564        37.157260509840924       -115.24676103288012     
  -26.387817446712010        37.153317970847212       -115.25922824009282     
  -26.150112294856186        37.149524821351832       -115.27096621396055     
  -25.924879945324836        37.145889132027101       -115.28198953554863     
  -25.712081968556838        37.142417713917617       -115.29231424035940     
  -25.511646108499928        37.139116162906035       -115.30195771028397     
  -25.323466481367937        37.135988891972502       -115.31093851209005     
  -25.147403854066518        37.133039137975786       -115.31927615265278     
  -24.983286027449530        37.130269002418579       -115.32699094809502     
  -24.830908310977655        37.127679495750371       -115.33410391561482     
  -24.690034088279436        37.125270587798937       -115.34063669779890     
  -24.560395468303351        37.123041253610467       -115.34661148732799     
  -24.441694016663842        37.120989504622941       -115.35205092096795     
  -24.333601574811176        37.119112432663798       -115.35697802804205     
  -24.235761160489755        37.117406254968536       -115.36141619575206     
  -24.147787946313212        37.115866358701062       -115.36538914496968     
  -24.069270313667310        37.114487345256734       -115.36892091513731     
  -23.999770978949641        37.113263074712769       -115.37203585676487     
  -23.938828188964234        37.112186720459050       -115.37475866013136     
  -23.885956982753182        37.111254835744852       -115.37712695482190     
  -23.840650514042942        37.110460559561496       -115.37916988326536     
  -23.802381432850360        37.109792730114712       -115.38090517838455     
  -23.770603322793825        37.109240311637180       -115.38235288532104     
  -23.744752188471473        37.108792355626250       -115.38353508922707     
  -23.724247989372831        37.108437965037936       -115.38447564816288     
  -23.708496216078188        37.108166262384742       -115.38519993423502     
  -23.696889504390924        37.107966362582637       -115.38573458595424     
  -23.688809282950835        37.107827351302568       -115.38610727459337     
  -23.683627449793118        37.107738269493638       -115.38634648709309     
  -23.680708073247406        37.107688104655061       -115.38648132779750     
  -23.679409112515380        37.107665789336899       -115.38654134100881     
  -17.583084153223943        37.002934808843996       -115.66819730564282     
  -16.059084153223942        36.976753459369192       -115.73860754344486     
  -14.535084153223943        36.950572109894388       -115.80901778124689     
  -13.011084153223942        36.924390760419584       -115.87942801904893     
