     -25.8536261872919297       31.9016112624858046      -97.8085587700557824
     -25.8538131890701948       31.8884785407655897      -97.8128285354429607
     -25.8549322827536905       31.8722599914293134      -97.8180386770575012
     -25.8576192762665862       31.8525877874439090      -97.8242641634984835
     -25.8625161687483534       31.8301215603344083      -97.8312445340133081
     -25.8702580058365292       31.8054333111497662      -97.8387485882927308
     -25.8814720625373234       31.7790945331811336      -97.8465461516998545
     -25.8967767007569662       31.7517298296828656      -97.8543908181769524
     -25.9167801201226844       31.7240579082632905      -97.8620068431883539
     -25.9420791348380391       31.6969324525579239      -97.8690760982148191
     -25.9732580830621629       31.6713928135175351      -97.8752218343584417
     -26.0108880062992078       31.6487374955760252      -97.8799850113276904
     -26.0555263440995013       31.6306439483374575      -97.8827855049723183
     -26.1077176780555575       31.6193863739661047      -97.8828512907914501
     -26.1679385025080613       31.6125786394701613      -97.8809191609581717
     -26.2366127497431130       31.6048257141698947      -97.8786986163590313
     -26.3141957945485956       31.5960624208671632      -97.8761738151728338
     -26.4011188031108368       31.5862385847770391      -97.8733246164484996
     -26.4977874127602639       31.5753067844900812      -97.8701305465033613
     -26.6045806083394005       31.5632225300709912      -97.8665707474037418
     -26.7218496715633229       31.5499444511933085      -97.8626239300523650
     -26.8499172097036514       31.5354345044651758      -97.8582683578242580
     -26.9890762625381697       31.5196581908336420      -97.8534818310808134
     -27.1395894870362824       31.5025847753941939      -97.8482416485237536
     -27.3016884285118273       31.4841875250934145      -97.8425245946461501
     -27.4755728785223283       31.4644439587909481      -97.8363069389406661
     -27.6614103217013962       31.4433361088610468      -97.8295644488255078
     -27.8593354857507300       31.4208508190339053      -97.8222724994834181
     -28.0694499808314255       31.3969800437990720      -97.8144061810932186
     -28.2918220111464791       31.3717211087409602      -97.8059402869340460
     -28.5264861882737542       31.3450769929213031      -97.7968493869218776
     -28.7734434555931138       31.3170566352693847      -97.7871080091569240
     -29.0326611327822626       31.2876752755284215      -97.7766909756124534
     -29.3040729914251692       31.2569546640099034      -97.7655733900832473
     -29.5875794471551430       31.2249232915796071      -97.7537307679160108
     -29.8830479110134490       31.1916167011481811      -97.7411395186340002
     -30.1903131799011391       31.1570776797319873      -97.7277771723001223
     -30.5091778723650542       31.1213563366289421      -97.7136223841906144
     -30.8394130768042665       31.0845103200868813      -97.6986555278104873
     -31.1807590230513760       31.0466048891079431      -97.6828590065687763
     -31.5329257675672210       31.0077128213159803      -97.6662172384773299
     -31.8955941479039673       30.9679145071021260      -97.6487174303722298
     -32.2684166368812413       30.9272977421389506      -97.6303496201380341
     -32.6510183411112465       30.8859575219732605      -97.6111069511817675
     -33.0429981678115325       30.8439958771314693      -97.5909863097244852
     -33.4439298383059622       30.8015213669461048      -97.5699881223907113
     -33.8533632558523934       30.7586488036139194      -97.5481171183523230
     -34.2708256753724640       30.7154986093146931      -97.5253821489831836
     -34.6958231338474903       30.6721962951818234      -97.5017965957628405
     -35.1278418052947572       30.6288717603819514      -97.4773784125883935
     -35.5663494392432540       30.5856585347335361      -97.4521501811751989
     -36.0107968789038253       30.5426929956501070      -97.4261392596811078
     -36.4606195188868938       30.5001134232636240      -97.3993775688433772
     -36.9152389315326488       30.4580591167394878      -97.3719017007940977
     -37.3740643578072351       30.4166693314065597      -97.3437525558774865
     -37.8364943940923979       30.3760823023736108      -97.3149753245037203
     -38.3019185199289751       30.3364341218975966      -97.2856190375229488
     -38.7697188098824270       30.2978577016237729      -97.2557363894445785
     -39.2392714943099818       30.2604816455850845      -97.2253832412445576
     -39.7099486713318868       30.2244291991183260      -97.1946182952703168
     -40.1811198920437462       30.1898171705143845      -97.1635025745907086
     -40.6521538460419620       30.1567549242298867      -97.1320989897983509
     -41.1224198501435296       30.1253433867024079      -97.1004718254134644
     -41.5912894010577787       30.0956740881776739      -97.0686862810848226
     -42.0581377530272107       30.0678282521673985      -97.0368079748257770
     -42.5223455490339788       30.0418759863099822      -97.0049024851074790
     -42.9833004003067813       30.0178755687246195      -96.9730348783782574
     -43.4403984876896061       29.9958728614017822      -96.9412692962408187
     -43.8930461156126270       29.9759008388596300      -96.9096685417216435
     -44.3406612704294503       29.9579792538426339      -96.8782937180040022
     -44.7826751293663179       29.9421144489441780      -96.8472039378350615
     -45.2185335506567441       29.9282992737061804      -96.8164559695024138
     -45.6476985144523795       29.9165132171778971      -96.7861041803075608
     -46.0696496102956203       29.9067707608071061      -96.7561851785614664
     -46.4838858883373618       29.8994189878038235      -96.7266262210179946
     -46.8899261511188357       29.8949008920792458      -96.6973178241914866
     -47.2873102241296124       29.8935822316460609      -96.6681681139008191
     -47.6756011169175764       29.8957494385217686      -96.6391026275913845
     -48.0543868437480484       29.9016101911118284      -96.6100651437951257
     -48.4232819836632302       29.9112947875437527      -96.5810169181702776
     -48.7819291629420348       29.9248588734178007      -96.5519363833579405
     -49.1300003085829360       29.9422872427403739      -96.5228187544297782
     -49.4671974770177059       29.9634982213016734      -96.4936744345271364
     -49.7932533737118561       29.9883492263957159      -96.4645287104809483
     -50.1079314418075015       30.0166425301069140      -96.4354201895577461
     -50.4110257754375084       30.0481314755751505      -96.4063992917953101
     -50.7023610381530574       30.0825272266993871      -96.3775274396929547
     -50.9817922315030643       30.1195053827147241      -96.3488751938155730
     -51.2492049745208078       30.1587127656978957      -96.3205205313222876
     -51.5045160893013971       30.1997745041624093      -96.2925476093236625
     -51.7476740230136727       30.2423009540728600      -96.2650448922512680
     -51.9786591277489620       30.2858944397896046      -96.2381030391091059
     -52.1974838632202562       30.3301559768522466      -96.2118134698000631
     -52.4041928736483982       30.3746915838236866      -96.1862667173039227
     -52.5988629497124549       30.4191181228611036      -96.1615506915465943
     -52.7816028841774738       30.4630686164133664      -96.1377489579762283
     -52.9525532434057808       30.5061970834335483      -96.1149393878257996
     -53.1118860396130117       30.5481827482396966      -96.0931928859255038
     -53.2598043060623425       30.5887335854715978      -96.0725722041926673
     -53.3965415823545513       30.6275892065263378      -96.0531309326806166
     -53.5223613100409423       30.6645230665926718      -96.0349126303856195
     -53.6375561457075563       30.6993440266830646      -96.0179501871498076
     -53.7424471985061984       30.7318973159460533      -96.0022654996858051
     -53.8373831828299387       30.7620648495546725      -95.9878692255154107
     -53.9227394942498748       30.7897649738691328      -95.9747607100037925
     -53.9989172123195047       30.8149516907113927      -95.9629280896269847
     -54.0663420332218294       30.8376134149769818      -95.9523485576416419
     -54.1254631353296531       30.8593276383499706      -95.9424882106587660
     -54.1767519808331599       30.8818565664115532      -95.9327521090704778
     -54.2207010567545282       30.9048300250254222      -95.9232305473077247
     -54.2578225587260903       30.9279086195761543      -95.9140043250828285
     -54.2886470210625731       30.9507849093397418      -95.9051442732974948
     -54.3137218967811606       30.9731773399337413      -95.8967131105854094
     -54.3336100913693301       30.9948244073236268      -95.8887672337813086
     -54.3488884542094368       31.0154783676692105      -95.8813586675575635
     -54.3601462315801527       31.0348975691603783      -95.8745374731426381
     -54.3679834853984474       31.0528358771450890      -95.8683551155491358
     -54.3730094819092997       31.0690262151983951      -95.8628697573826685
     -54.3758410546071786       31.0831516744111305      -95.8581556054890740
     -54.3771009457490564       31.0947907699968376      -95.8543206668496452
     -54.3774161308846615       31.1042268501097610      -95.8512441035140341
     -54.3771009457490564       31.1136714480082404      -95.8481937887121518
     -54.3758410546071786       31.1253445950275491      -95.8444637834726052
     -54.3730094819092997       31.1395466029063961      -95.8399855250772532
     -54.3679834853984474       31.1558728782320138      -95.8349190732135696
     -54.3601462315801527       31.1740233240352858      -95.8293904426497676
     -54.3488884542094866       31.1937476014593784      -95.8235093747281894
     -54.3336100913697351       31.2148162558057969      -95.8173787356520847
     -54.3137218967834059       31.2370042853180720      -95.8110998957005791
     -54.2886470210724710       31.2600806041085626      -95.8047762129360763
     -54.2578225587636069       31.2838004207583076      -95.7985155860291826
     -54.2207010568798324       31.3078990019233814      -95.7924325695504706
     -54.1767519812093852       31.3320858970291489      -95.7866503514267151
     -54.1254631363614038       31.3560389367450192      -95.7813028128723261
     -54.0663420358373017       31.3794054620108831      -95.7765342225586238
     -53.9989172185532027       31.4039612394499059      -95.7717914296700741
     -53.9227395083928016       31.4312966788510977      -95.7665803369872890
     -53.8373832135263015       31.4614157956261273      -95.7609262074298186
     -53.7424472625043421       31.4942883250689398      -95.7548656517908228
     -53.6375562743172623       31.5298485618791133      -95.7484471426544843
     -53.5223615598921825       31.5679946735892578      -95.7417313853971166
     -53.3965420527864296       31.6085885403489257      -95.7347915254351136
     -53.2598051664434209       31.6514561618102874      -95.7277131584652778
     -53.1118875711485146       31.6963886341347454      -95.7205940241715325
     -52.9525559015583909       31.7431438008245834      -95.7135436003249538
     -52.7816073897544058       31.7914485668804865      -95.7066825027895192
     -52.5988704189811287       31.8410018526125000      -95.7001415963887609
     -52.4042050005740379       31.8914781951547610      -95.6940608583085464
     -52.1975031701228787       31.9425319516616142      -95.6885879149989194
     -51.9786893044456662       31.9938020743965872      -95.6838762654989523
     -51.7477203790274345       32.0449175174166072      -95.6800835130481744
     -51.5045861493154362       32.0955031079072128      -95.6773692874081121
     -51.2493092545663060       32.1451857889012942      -95.6758928014626520
     -50.9819452434846170       32.1936011233491826      -95.6758099701116294
     -50.7025825853042278       32.2404002830832610      -95.6772710378520941
     -50.4113426249112422       32.2852571374691877      -95.6804178664487637
     -50.1083794568892884       32.3278752273177616      -95.6853805613947799
     -49.7938794022176765       32.3679948896599115      -95.6922746692264354
     -49.4680598392760587       32.4054001771987217      -95.7011987230653318
     -49.1311678888666705       32.4399249704876951      -95.7122309694101006
     -48.7834790425773193       32.4714587509967316      -95.7254270910253240
     -48.4252958325645864       32.4999517029028198      -95.7408183623993807
     -48.0569466231677609       32.5254186205060236      -95.7584089749313421
     -47.6787847703013341       32.5479424417386056      -95.7781751077007328
     -47.2911879262069093       32.5676765624924229      -95.8000633633114518
     -46.8945574580212678       32.5848462657643481      -95.8239896808436100
     -46.4893179239942782       32.5997494395373266      -95.8498393914383371
     -46.0759165062888698       32.6127558370954063      -95.8774663579127235
     -45.6548228886291483       32.6243050846596390      -95.9066943326463388
     -45.2265279429228784       32.6347346166433567      -95.9373746479324723
     -44.7915414933685270       32.6440455454747109      -95.9694665510676259
     -44.3503914481532675       32.6521973562799914      -96.0029365259592282
     -43.9036225358817518       32.6591560816134248      -96.0377422572794615
     -43.4517949047871497       32.6648945068700769      -96.0738326024161182
     -42.9954826867910640       32.6693923743519221      -96.1111478444206568
     -42.5352725493518804       32.6726365175757891      -96.1496200188816772
     -42.0717621942948199       32.6746209229426015      -96.1891732997274289
     -41.6055588512176158       32.6753467634782595      -96.2297245676485744
     -41.1372777137196692       32.6748223438898648      -96.2711839726063232
     -40.6675403777545839       32.6730630223491403      -96.3134556711036254
     -40.1969732184944490       32.6700910504018154      -96.3564385516284432
     -39.7262057760225957       32.6659353851332526      -96.4000270934824641
     -39.2558689753026187       32.6606314127383541      -96.4441122141180927
     -38.7865934030878989       32.6542206047252108      -96.4885822357588410
     -38.3190075951038338       32.6467500776700916      -96.5333237750364930
     -37.8537364206822602       32.6382721515700851      -96.5782227512332838
     -37.3913993536459799       32.6288438201852600      -96.6231652245770789
     -36.9326088700517943       32.6185262597840122      -96.6680384076824595
     -36.4779687121930536       32.6073842304996475      -96.7127313881313597
     -36.0280723105851450       32.5954855599010500      -96.7571360935156122
     -35.5835010691128062       32.5829005039731001      -96.8011478630666176
     -35.1448228174926598       32.5697012227620135      -96.8446663017953853
     -34.7125901562558425       32.5559611411213297      -96.8875957103093839
     -34.2873389386075047       32.5417544218778758      -96.9298457418524180
     -33.8695867254351768       32.5271553801604512      -96.9713317569920576
     -33.4598312865155947       32.5122379367401564      -97.0119751485454884
     -33.0585492205374507       32.4970751505315647      -97.0517037419743076
     -32.6661944820386196       32.4817386449164118      -97.0904517038784576
     -32.2831972055834768       32.4662983077050598      -97.1281600719704556
     -31.9099622956884090       32.4508217161650805      -97.1647762694735064
     -31.5468683640853911       32.4353739275960535      -97.2002545304615069
     -31.1942665351720372       32.4200170561828784      -97.2345555069564824
     -30.8524794018269688       32.4048099871427695      -97.2676461099724321
     -30.5218001530201626       32.3898082404302343      -97.2994996284508460
     -30.2024915952437887       32.3750636181943534      -97.3300950356748587
     -29.8947854451907382       32.3606241490315725      -97.3594170319286150
     -29.5988816550240195       32.3465339808946339      -97.3874557903661469
     -29.3149477534766056       32.3328331962381768      -97.4142063372760845
     -29.0431184047700874       32.3195578536603136      -97.4396684955927128
     -28.7834950252001462       32.3067399968949829      -97.4638466264484862
     -28.5361454343904732       32.2944075893914331      -97.4867490558088292
     -28.3011036691392803       32.2825845859769274      -97.5083878377703144
     -28.0783699186872973       32.2712910720144919      -97.5287786594770694
     -27.8679104936504558       32.2605433019933301      -97.5479403931879574
     -27.6696579100495050       32.2503537920236596      -97.5658947746822065
     -27.4835110849045314       32.2407314561880582      -97.5826661921238099
     -27.3093356390147797       32.2316817741282193      -97.5982815557394474
     -27.1469642745438478       32.2232069251487374      -97.6127700589868965
     -26.9961972391722718       32.2153059165930671      -97.6261629228072536
     -26.8568028934073126       32.2079747440238364      -97.6384932434644242
     -26.7285183660878438       32.2012065529964602      -97.6497958580524994
     -26.6110502956844890       32.1949918003466564      -97.6601072255022302
     -26.5040756570574700       32.1893184188393207      -97.6694653376766979
     -26.4072426655496706       32.1841719700469113      -97.6779096164503784
     -26.3201717577533607       32.1795357901267138      -97.6854808116966353
     -26.2424566508236410       32.1753911403624429      -97.6922209361429879
     -26.1736654738336902       32.1717173537287806      -97.6981732097917046
     -26.1133418405785278       32.1684795809845596      -97.7033861010654618
     -26.0609517227847896       32.1603234276735890      -97.7096634263173343
     -26.0159701019237382       32.1448974941541152      -97.7178168938897471
     -25.9778992578987946       32.1245025768733896      -97.7271232603116857
     -25.9462164113998490       32.1008449125790492      -97.7370566835926411
     -25.9203774387998074       32.0752537470528907      -97.7472172727499498
     -25.8998196287175446       32.0488008906978123      -97.7572916716695062
     -25.8839640054425502       32.0223739735647612      -97.7670287819319981
     -25.8722174555392961       31.9967269127654923      -97.7762229445855695
     -25.8639747859688249       31.9725205697054449      -97.7847003434808784
     -25.8586208109321554       31.9503635414718801      -97.7923053835353073
     -25.8555325907921372       31.9308655887963937      -97.7988829606503884
     -25.8540820322418234       31.9147245838514166      -97.8042498001850618
     -25.8536261872919297       31.9016112624858046      -97.8085587700557824
