     -18.9648166494665524      -83.7384484824476232       60.4098676180109706
     -18.9648122717655490      -83.7284060797449996       60.4237860095549237
     -18.9659120720969518      -83.7159658621088596       60.4409363147451018
     -18.9689006036326120      -83.7008195139739684       60.4616810591366374
     -18.9745886738441421      -83.6834435939430392       60.4852930551189019
     -18.9837768585206383      -83.6642481805085652       60.5111385715408616
     -18.9972560597021953      -83.6436435988621554       60.5385851266127375
     -19.0158070543219004      -83.6220815911508879       60.5669448582585304
     -19.0401996825262003      -83.6000868742781620       60.5954313160683569
     -19.0711920664567209      -83.5782886291902969       60.6231164099626412
     -19.1095301714137769      -83.5574595122056678       60.6488769644531871
     -19.1559481146409567      -83.5385720958340698       60.6713171097537654
     -19.2111699513130745      -83.5228906939888134       60.6886415646278508
     -19.2759145355603962      -83.5121380665650577       60.6984249510831049
     -19.3507319861967702      -83.5044636994600609       60.7031683493709124
     -19.4360528032585407      -83.4957082406716893       60.7085515305176742
     -19.5324427987945199      -83.4857981795303488       60.7146185827366480
     -19.6404379868221461      -83.4746714400797032       60.7213974278207971
     -19.7605427226545594      -83.4622679271582797       60.7289126958916086
     -19.8932283102686043      -83.4485295968870986       60.7371854605223831
     -20.0389316995846372      -83.4334005324601975       60.7462329633701614
     -20.1980542773897831      -83.4168270272700880       60.7560683279988609
     -20.3709607554373910      -83.3987576963155561       60.7667002769279847
     -20.5579781591260478      -83.3791437195019398       60.7781329269502777
     -20.7593949195782734      -83.3579389546627993       60.7903654721094995
     -20.9754600720513125      -83.3351000485471047       60.8033918488060579
     -21.2063825632492602      -83.3105866085407882       60.8172004309390388
     -21.4523306700686938      -83.2843615140964175       60.8317738160092389
     -21.7134315314159210      -83.2563913100913737       60.8470886644820297
     -21.9897707915245313      -83.2266462992191265       60.8631153180719480
     -22.2813923519126007      -83.1951008205643348       60.8798175617287356
     -22.5882982519867035      -83.1617339469489423       60.8971527105698058
     -22.9104486567224193      -83.1265297119516049       60.9150713771598831
     -23.2477619610932926      -83.0894773022628641       60.9335172449718669
     -23.6001150456252056      -83.0505720342766551       60.9524274585320285
     -23.9673436033351983      -83.0098154966844248       60.9717324549885547
     -24.3492426041039423      -82.9672159643593545       60.9913560567764179
     -24.7455669113471188      -82.9227894154635408       61.0112160812271824
     -25.1560319225860241      -82.8765593396695976       61.0312241458167861
     -25.5803144545962340      -82.8285579921258659       61.0512866302934185
     -26.0180535988884856      -82.7788262759132181       61.0713047332976586
     -26.4688518155328438      -82.7274146297954047       61.0911753806968889
     -26.9322760254560905      -82.6743831435183409       61.1107916837568794
     -27.4078588978583468      -82.6198021345273901       61.1300438622727071
     -27.8951001508674530      -82.5637522347232391       61.1488199347006400
     -28.3934680416288181      -82.5063248109548368       61.1670067860124433
     -28.9024008357863877      -82.4476217345776092       61.1844908830072995
     -29.4213085715389440      -82.3877557903714433       61.2011595737117773
     -29.9495746658223574      -82.3268499920779675       61.2169016719475252
     -30.4865578418070378      -82.2650379212863498       61.2316089053638350
     -31.0315938411148373      -82.2024627325502166       61.2451764721028624
     -31.5839974297719124      -82.1392770188783601       61.2575043262312917
     -32.1430643131458424      -82.0756419014333432       61.2684979637676292
     -32.7080730834914419      -82.0117260577936662       61.2780692263309632
     -33.2782873475233387      -81.9477049999940022       61.2861373405743564
     -33.8529576459238015      -81.8837595444081643       61.2926293870640038
     -34.4313235951028531      -81.8200747813857561       61.2974811579728183
     -35.0126159430925199      -81.7568385513707625       61.3006376436064429
     -35.5960585620494143      -81.6942397667227596       61.3020533819961244
     -36.1808706140244851      -81.6324670456974388       61.3016930028639422
     -36.7662685273636214      -81.5717068409060886       61.2995313343239445
     -37.3514679989640612      -81.5121417523108391       61.2955535732646695
     -37.9356857549442950      -81.4539488817385262       61.2897554558949551
     -38.5181411163933873      -81.3972978974052523       61.2821432705875111
     -39.0980579641627912      -81.3423493260531529       61.2727339798524042
     -39.6746666947427968      -81.2892527885999101       61.2615551459459056
     -40.2472060974698280      -81.2381453915530187       61.2486447977813029
     -40.8149253312733791      -81.1891502828011937       61.2340512296850363
     -41.3770857939827366      -81.1423753029147292       61.2178326672286630
     -41.9329630004960308      -81.0979119905871073       61.2000569860950634
     -42.4818484535573191      -81.0558345380853211       61.1808011744351035
     -43.0230514139740663      -81.0161992889884885       61.1601509860037922
     -43.5559006616105151      -80.9790442196884470       61.1382003695867340
     -44.0797464507208687      -80.9444264020110182       61.1150009483540515
     -44.5939635853008056      -80.9126544968901555       61.0902538146797554
     -45.0979500316932231      -80.8841033232879880       61.0635544406885131
     -45.5911283677859416      -80.8590786250830149       61.0345725256728002
     -46.0729502488310843      -80.8378151694813596       61.0030530677223837
     -46.5428997055564437      -80.8204780150462483       60.9688159658363773
     -47.0004959793062795      -80.8071638395631169       60.9317535859468151
     -47.4452961693671824      -80.7979044703548226       60.8918280745544678
     -47.8768972011581155      -80.7926702096389278       60.8490668285667766
     -48.2949369641675830      -80.7913752252181183       60.8035581662439597
     -48.6990942316864661      -80.7938821072528555       60.7554454266377917
     -49.0890877909205372      -80.8000083264749804       60.7049219646318576
     -49.4646750143116520      -80.8095312205920209       60.6522247999907194
     -49.8256505422832845      -80.8221944425268646       60.5976292791275881
     -50.1718447777495200      -80.8377133998604904       60.5414430490974098
     -50.5031240174234526      -80.8557806905308354       60.4840000440759198
     -50.8193915921181443      -80.8760722926469384       60.4256547162704223
     -51.1205886881464835      -80.8982526372132469       60.3667752284762145
     -51.4066950022861633      -80.9219804541304057       60.3077372676051553
     -51.6777291942785837      -80.9469143786281364       60.2489179338072063
     -51.9337491116161090      -80.9727176021583261       60.1906893594221160
     -52.1748518894172122      -80.9990626830168452       60.1334130506601241
     -52.4011739069689995      -81.0256360479142188       60.0774347364435286
     -52.6128905762363601      -81.0521416707112223       60.0230794540635131
     -52.8102159883174522      -81.0783041486426015       59.9706471233815108
     -52.9934024494533560      -81.1038715232225940       59.9204089290268413
     -53.1627398888143503      -81.1286174856812465       59.8726042820152458
     -53.3185551434491956      -81.1523429646763361       59.8274383758967758
     -53.4612111309402849      -81.1748771842290324       59.7850803974853378
     -53.5911059113797208      -81.1960781570405459       59.7456623413917072
     -53.7086716576377228      -81.2158328735203128       59.7092785766665628
     -53.8143735261759488      -81.2340570209049133       59.6759859835978688
     -53.9087084303020276      -81.2506942318937462       59.6458045869783149
     -53.9922037249723914      -81.2657149860165333       59.6187186914532106
     -54.0654158074556435      -81.2803121963333837       59.5930459015003748
     -54.1289286380465882      -81.2958194951905710       59.5669084038685028
     -54.1833521852161510      -81.3119300987593618       59.5406647120840518
     -54.2293207994640341      -81.3283615008640339       59.5146416828051770
     -54.2674915203323707      -81.3448562657403045       59.4891331629084945
     -54.2985423211853444      -81.3611772530421860       59.4644062340407729
     -54.3231702964218215      -81.3771030284598709       59.4407072225395510
     -54.3420897960224920      -81.3924229378584982       59.4182682003502620
     -54.3560305123132679      -81.4069311379977165       59.3973149501382096
     -54.3657355239994970      -81.4204184133919995       59.3780780057765227
     -54.3719593027186718      -81.4326595002777935       59.3608099042754347
     -54.3754656874035334      -81.4433909012227701       59.3458155412231534
     -54.3770258318397381      -81.4522689063652621       59.3335097542538534
     -54.3774161308846615      -81.4594898840253308       59.3235655702596603
     -54.3770258318397381      -81.4667382523796135       59.3136413337711232
     -54.3754656874035334      -81.4757257595233142       59.3014152925645277
     -54.3719593027186718      -81.4867033395150031       59.2866002114944806
     -54.3657355239994970      -81.4993816498553798       59.2696505216887530
     -54.3560305123132892      -81.5135513694079634       59.2509105730832388
     -54.3420897960226768      -81.5290412759791678       59.2306722589206558
     -54.3231702964230720      -81.5456961638878539       59.2092054461728807
     -54.2985423211920377      -81.5633643145236391       59.1867753342265388
     -54.2674915203619932      -81.5818894998442232       59.1636536312890158
     -54.2293207995763140      -81.6011052334623912       59.1401266799815559
     -54.1833521855911329      -81.6208300950740977       59.1165021405182856
     -54.1289286391725284      -81.6408634189398725       59.0931152029488445
     -54.0654158105433140      -81.6609808160359307       59.0703350480242477
     -53.9922037327996591      -81.6809352184767761       59.0485636773694296
     -53.9087084489575759      -81.7021045638189207       59.0259555421050521
     -53.8143735685016296      -81.7257239860042546       59.0008589916218398
     -53.7086717495036297      -81.7518174845864536       58.9732973011293140
     -53.5911061029101390      -81.7803833036215195       58.9433302549697729
     -53.4612115158399277      -81.8113931901500848       58.9110555372695828
     -53.3185558912038857      -81.8447920252602472       58.8766096357132156
     -53.1627412967363924      -81.8804977852930591       58.8401681416449875
     -52.9934050244546953      -81.9184019045125638       58.8019454226526932
     -52.8102205720462621      -81.9583702646622356       58.7621937669479451
     -52.6128985319206279      -82.0002445923112901       58.7212017939058413
     -52.4011873920759044      -82.0438443256191761       58.6792921438153812
     -52.1748742451580370      -82.0889688698486140       58.6368183756075823
     -51.9337854085054147      -82.1354002324374619       58.5941610715499692
     -51.6777869825552330      -82.1829063715656503       58.5517234115073322
     -51.4067853273058049      -82.2312448552282262       58.5099259715307412
     -51.1207274444072723      -82.2801665335801573       58.4692005980561191
     -50.8196013063274421      -82.3294196515147689       58.4299837422792905
     -50.5034361729414698      -82.3787547672243505       58.3927096078179133
     -50.1723028231983790      -82.4279292117018088       58.3578023199096734
     -49.8263137718996063      -82.4767116639643376       58.3256676421204219
     -49.4656235784974569      -82.5248877124870575       58.2966849730483574
     -49.0904290846328877      -82.5722643034273602       58.2711982503751642
     -48.7009685551286822      -82.6186749209178828       58.2495073234106329
     -48.2975189935912965      -82.6639846685856980       58.2318599115009690
     -47.8803932794088283      -82.7080938609599770       58.2184436082347148
     -47.4499372316169854      -82.7509424980553376       58.2093798307081087
     -47.0065267601218650      -82.7925123954769191       58.2047176630919552
     -46.5505658799657240      -82.8328301582248940       58.2044299075942746
     -46.0824855368152910      -82.8719680273314339       58.2084091954174241
     -45.6027433014061998      -82.9100453368066752       58.2164659958452120
     -45.1118234211187144      -82.9472282191472630       58.2283268202411932
     -44.6102370792917284      -82.9837298351344970       58.2436342409063315
     -44.0985228509302232      -83.0198089022402570       58.2619471959729367
     -43.5772483422474721      -83.0557681581098279       58.2827437721394261
     -43.0470086105163574      -83.0918246692512668       58.3056051044386265
     -42.5084217284365167      -83.1279342319533043       58.3304672568543410
     -41.9621286472200339      -83.1640131000790035       58.3573050745741781
     -41.4087919144943655      -83.1999745933505466       58.3860809033174846
     -40.8490940286570989      -83.2357298054403287       58.4167447033353611
     -40.2837358353490700      -83.2711881954793256       58.4492341921150071
     -39.7134348308408107      -83.3062585478661646       58.4834753496636708
     -39.1389234664195484      -83.3408497169365745       58.5193828728364309
     -38.5609474131570309      -83.3748716132100327       58.5568608963283879
     -37.9802636987314912      -83.4082361131596315       58.5958037546620147
     -37.3976389042049675      -83.4408580437754068       58.6360968889669465
     -36.8138472032980033      -83.4726561637133813       58.6776178410288551
     -36.2296683264900850      -83.5035540264379534       58.7202372529815548
     -35.6458852921204254      -83.5334810104147891       58.7638201285659818
     -35.0632819527365953      -83.5623729342195105       58.8082270494365105
     -34.4826409208000797      -83.5901726949923756       58.8533155488867195
     -33.9047415026124241      -83.6168309170664941       58.8989415528079974
     -33.3303574629764583      -83.6423061038393456       58.9449605141850057
     -32.7602549648485777      -83.6665651396107251       58.9912288232534081
     -32.1951903695250010      -83.6895834454368384       59.0376049894529302
     -31.6359080165605917      -83.7113448429696518       59.0839506188834989
     -31.0831381730866347      -83.7318418306205388       59.1301316707796758
     -30.5375947596276411      -83.7510750082714566       59.1760190886985384
     -29.9999733119681764      -83.7690530249258956       59.2214897642054297
     -29.4709488859596718      -83.7857921981488118       59.2664272218696269
     -28.9511739579200835      -83.8013157231698216       59.3107219572396218
     -28.4412765607222831      -83.8156536176940961       59.3542722302474743
     -27.9418582318572106      -83.8288414490382223       59.3969839254621235
     -27.4534923350883311      -83.8409202974108325       59.4387712076716852
     -26.9767222209440654      -83.8519354441860685       59.4795561776457546
     -26.5120596680027880      -83.8619361593653139       59.5192692143169850
     -26.0599832254168469      -83.8709745222181908       59.5578485566514289
     -25.6209368260283199      -83.8791051028640453       59.5952404240038831
     -25.1953283688713796      -83.8863838115095319       59.6313984748941479
     -24.7835285667240832      -83.8928677144912740       59.6662838838663490
     -24.3858697664561497      -83.8986137868808015       59.6998645972836002
     -24.0026450540298129      -83.9036790552844280       59.7321155159478465
     -23.6341073313460122      -83.9081192655366408       59.7630175714411678
     -23.2804686497833053      -83.9119890696329662       59.7925578311855901
     -22.9418995956174108      -83.9153412266610985       59.8207288549066689
     -22.6185288205495425      -83.9182262002693875       59.8475282916246627
     -22.3104427346895164      -83.9206923239631237       59.8729588457024064
     -22.0176852736294535      -83.9227850477915212       59.8970275575565338
     -21.7402578215274254      -83.9245469505572714       59.9197456049712542
     -21.4781192608847427      -83.9260178844832581       59.9411281793834263
     -21.2311861222507510      -83.9272345765946426       59.9611939601291581
     -20.9993328593910817      -83.9282306495179284       59.9799648811258521
     -20.7823922504211964      -83.9290368619379734       59.9974660495284127
     -20.5801559131621126      -83.9296810872496337       60.0137254727462235
     -20.3923749316437366      -83.9301883070505568       60.0287737943032695
     -20.2187605918788513      -83.9305807642218156       60.0426441449564265
     -20.0589852239510584      -83.9308781581497954       60.0553720275591729
     -19.9126831477075363      -83.9310978604081015       60.0669952220357573
     -19.7794517190067936      -83.9312549651827311       60.0775535789413766
     -19.6588524737001897      -83.9313624508795613       60.0870889003857584
     -19.5504123659363493      -83.9314313675373711       60.0956448479741141
     -19.4536250971786053      -83.9314710193988560       60.1032668562302561
     -19.3679525321200074      -83.9314891414511237       60.1100020507707171
     -19.2928258153609242      -83.9314826391434394       60.1159123658115035
     -19.2274833998668697      -83.9274014586321471       60.1267216552263122
     -19.1712292650586100      -83.9174783822658554       60.1449548178954956
     -19.1234854662293756      -83.9034846726602552       60.1681838213956510
     -19.0836321660581234      -83.8867399890828551       60.1946142690872605
     -19.0510161826440054      -83.8682782940459646       60.2228542504021789
     -19.0249565752760006      -83.8489388894308831       60.2517871686105480
     -19.0047488551653565      -83.8294220884033194       60.2804936941393521
     -18.9896685398461393      -83.8103274886341580       60.3081979056933619
     -18.9789744453677791      -83.7921847640595843       60.3342238571415237
     -18.9719120168792621      -83.7754845745745342       60.3579520250550345
     -18.9677170769019163      -83.7607191453932813       60.3787623772469146
     -18.9656206286463487      -83.7484484668433140       60.3959419108950968
     -18.9648166494665524      -83.7384484824476232       60.4098676180109706
