  -68.886480424911795        47.567832874889113        34.461056809634336     
  -67.362480424911794        47.387086444634043        34.330113005285959     
  -65.838480424911793        47.206340014378974        34.199169200937583     
  -64.314480424911793        47.025593584123904        34.068225396589206     
  -58.208184098594721        46.301386718598003        33.543565507188625     
  -58.199629470340255        46.300372139517194        33.542830483849762     
  -58.187341586082390        46.298915134471798        33.541774939995804     
  -58.170665906940137        46.296938495604735        33.540342941518126     
  -58.148959968609844        46.294366699253786        33.538479774444333     
  -58.121595188887525        46.291126197129827        33.536132155892240     
  -58.087958645312867        46.287145711315361        33.533248447808447     
  -58.047454816864267        46.282356530993141        33.529778872006801     
  -57.999507283603812        46.276692808671974        33.525675724961047     
  -57.943560378177004        46.270091853538197        33.520893590787061     
  -57.879080783124870        46.262494378732022        33.515389521424879     
  -57.805559068070096        46.253832983034577        33.509114694262543     
  -57.722511161007695        46.244041286020980        33.502021034576750     
  -57.629479748174248        46.233063080618791        33.494067854485586     
  -57.526035597304798        46.220845411321221        33.485216853356768     
  -57.411778799528257        46.207338837144569        33.475432334334997     
  -57.286339925723880        46.192497700357038        33.464681442661544     
  -57.149381093881281        46.176280392279075        33.452934429081907     
  -57.000596944905858        46.158649603854833        33.440164943102808     
  -56.839715525413318        46.139572544584816        33.426350363227179     
  -56.666499077397653        46.119021108783677        33.411472174828958     
  -56.480744736272364        46.096971962966130        33.395516411325048     
  -56.282285140720518        46.073406522407829        33.378474181095875     
  -56.070988960105737        46.048310778462458        33.360342311593527     
  -55.846761347973469        46.021674930817895        33.341124153748346     
  -55.609544333528028        45.993492770166320        33.320830604796626     
  -55.359317167083098        45.963760746112342        33.299481426936502     
  -55.096096640630449        45.932476641523422        33.277106964190672     
  -54.819937411298788        45.899637756267509        33.253750392754640     
  -54.530932592223500        45.865238498493504        33.229470699703882     
  -54.229215785329821        45.829267326081307        33.204346706775866     
  -53.914961222809431        45.791702509660034        33.178482247541602     
  -53.588384060945636        45.752506604506074        33.152013075089904     
  -53.249741430349445        45.711620092306092        33.125115001602730     
  -52.899332896164971        45.668956760289532        33.098009454124821     
  -52.537499979718525        45.624402022327637        33.070964723664510     
  -52.164624698806286        45.577814345090829        33.044292688342651     
  -51.781127083215459        45.529029932586880        33.018340802743765     
  -51.387461835036419        45.477870074331328        32.993480236617437     
  -50.984114466299829        45.424150006193848        32.970091866331259     
  -50.571597270585997        45.367688068921964        32.948551928821253     
  -50.150445396733822        45.308314274108511        32.929218682669124     
  -49.721213171039373        45.245877817769674        32.912420792523150     
  -49.284470763992466        45.180253251856428        32.898447903356590     
  -48.840801693969063        45.111343639295150        32.887545920380617     
  -48.390801261738048        45.039084472328582        32.879920213359775     
  -47.935075060067241        44.963448616595009        32.875740404970372     
  -47.474237419426643        44.884438328322808        32.875135922859634     
  -47.008909835205195        44.802083305458844        32.878195976902752     
  -46.539719414294687        44.716439786936547        32.884970662202235     
  -46.067297364092639        44.627589466778730        32.895472445860769     
  -45.592277537057683        44.535638192382265        32.909678070084063     
  -45.115295037777877        44.440714435238299        32.927530871775772     
  -44.636984895074221        44.342967535618236        32.948943495550175     
  -44.157980798348191        44.242565732642710        32.973800959967896     
  -43.678913784920482        44.139694136848782        33.001964122184042     
  -43.200409840386669        44.034553959034255        33.033274410364669     
  -42.723088222233955        43.927360707079259        33.067558175099016     
  -42.247561567522737        43.818340368872022        33.104628934714064     
  -41.774435322332081        43.707726992238534        33.144288903027260     
  -41.304306401808127        43.595761425236219        33.186330775808976     
  -40.837761870664664        43.482690052285506        33.230539519882896     
  -40.375377659479668        43.368763506437297        33.276694152937218     
  -39.917717317472281        43.254235365184364        33.324569497804227     
  -39.465330802393403        43.139360837515248        33.373937896190718     
  -39.018753308122534        43.024395450184464        33.424570868139362     
  -38.578504130534093        42.909593741415605        33.476240704851364     
  -38.145085572177450        42.795207970446057        33.528721983879002     
  -37.718981886306288        42.681486851447822        33.581792997086808     
  -37.300658260794918        42.568674320402785        33.635237083164242     
  -36.890559842492301        42.457008343459520        33.688843857837746     
  -36.489110802588982        42.346719775141800        33.742410336264982     
  -36.096713443640539        42.238031274400043        33.795741943557815     
  -35.713747353165438        42.131156270779492        33.848653431655173     
  -35.340568622905963        42.026297917875816        33.900969790673884     
  -34.977509123003045        41.923648080464162        33.952527095397045     
  -34.624875809289094        41.823386448375103        34.003173176514714     
  -34.282950062770141        41.725679790877344        34.052768109850859     
  -33.951987063590373        41.630681351878124        34.101184532867258     
  -33.632215202178607        41.538530383866963        34.148307799992082     
  -33.323835530618972        41.449351816315364        34.194035990155761     
  -33.027021257564598        41.363256052230803        34.238279781344140     
  -32.741917301731192        41.280338801935130        34.280962140657721     
  -32.468640002015405        41.200680267681818        34.322017291202762     
  -32.207276779442111        41.124345182419027        34.361390175834842     
  -31.957885726904276        41.051383854613341        34.399036640060501     
  -31.720495254346016        40.981833315519772        34.434923622666048     
  -31.495103925899038        40.915717632980517        34.469028549920253     
  -31.281680372238426        40.853048228913650        34.501338665919413     
  -31.080163274083006        40.793824237895294        34.531850354371059     
  -30.890461417943914        40.738032901716949        34.560568458889463     
  -30.712453822329714        40.685650005632930        34.587505595221018     
  -30.545989939514332        40.636640334590723        34.612681482298122     
  -30.390889937908270        40.590958126798270        34.636122318645555     
  -30.246945065749781        40.548547518401577        34.657860210175109     
  -30.113918096042589        40.509342975677448        34.677932651996123     
  -29.991543852226570        40.473269712383512        34.696382065183990     
  -29.879529813631816        40.440244091143782        34.713255387823935     
  -29.777556799329503        40.410174008988754        34.728603718068420     
  -29.685279728555898        40.382959268409415        34.742482005404412     
  -29.602328455454607        40.358491936489770        34.754948784857788     
  -29.528308675481302        40.336656695754066        34.766065947576557     
  -29.462802900484999        40.317331191138550        34.775898540320696     
  -29.405371498557923        40.300386429074962        34.784514623900151     
  -29.355553503184876        40.285708498693886        34.792000892685394     
  -29.312868274666894        40.273162555709163        34.798435671507917     
  -29.276816785544298        40.262588261726734        34.803885070141291     
  -29.246882571146887        40.253823443149372        34.808420009171307     
  -29.222533056262058        40.246704013485825        34.812115715548998     
  -29.203220928504230        40.241063926678599        34.815051220594420     
  -29.188385555317442        40.236735167320212        34.817308865321429     
  -29.177454441448035        40.233547782967044        34.818973817982574     
  -29.169844723595070        40.231329963160732        34.820133608542520     
  -29.164964698798947        40.229908169175872        34.820877684452860     
  -29.162215382972970        40.229107317896080        34.821296991672170     
  -29.160992095826305        40.228751022557994        34.821483584388517     
  -23.064686068272870        38.453137322138467        35.751376704300426     
  -21.540686068272869        38.009256180475155        35.983838314387036     
  -20.016686068272868        37.565375038811844        36.216299924473645     
  -18.492686068272867        37.121493897148532        36.448761534560255     
