  -68.100335449553000        53.503967997846537        39.758132831406840     
  -66.576335449553000        53.439848048361696        39.710486094834735     
  -65.052335449552999        53.375728098876856        39.662839358262630     
  -63.528335449552998        53.311608149392015        39.615192621690525     
  -57.422546461230205        53.054716494866852        39.424299629898208     
  -57.414413204983809        53.054374300654473        39.424045349637154     
  -57.402730348311188        53.053883119126205        39.423680358755654     
  -57.386875304504073        53.053217200175503        39.423185522670188     
  -57.366236794090447        53.052351537542528        39.422542259541487     
  -57.340216511026590        53.051262022526316        39.421732654499650     
  -57.308230755683354        53.049925605878947        39.420739579957640     
  -57.269712029885845        53.048320466968924        39.419546821350480     
  -57.224110589331893        53.046426189295623        39.418139207654335     
  -57.170895948799512        53.044223941426822        39.416502746075189     
  -57.109558335658491        53.041696630877297        39.414624736927479     
  -57.039610087328562        53.038819947806331        39.412487119444009     
  -56.960586988493596        53.035569422231930        39.410071718148707     
  -56.872049544569940        53.031927485762914        39.407365494590607     
  -56.773584187157958        53.027878083911581        39.404356551508187     
  -56.664804407183254        53.023406901618145        39.401034313778503     
  -56.545351813494314        53.018501590973706        39.397389720051983     
  -56.414897113702906        53.013152009566298        39.393415436275035     
  -56.273141014708521        53.007350462925174        39.389106093298132     
  -56.119815040831774        53.001091940464477        39.384458550504661     
  -55.954682268795018        52.994374307261999        39.379472170855166     
  -55.777537985673867        52.987198219226030        39.374148952541127     
  -55.588210254012552        52.979567215971329        39.368493878483129     
  -55.386560388998539        52.971487835114651        39.362515398320518     
  -55.172483356426085        52.962969499261639        39.356225897773129     
  -54.945908092176609        52.954024187244549        39.349642214881989     
  -54.706797753438572        52.944665613947592        39.342786063419581     
  -54.455149885974620        52.934908669842464        39.335685005105219     
  -54.190996528817692        52.924768545377958        39.328373651328043     
  -53.914404276710769        52.914259158553641        39.320894951935692     
  -53.625474313558144        52.903390838258048        39.313301724073654     
  -53.324342394178075        52.892168349540341        39.305659486393111     
  -53.011178847366750        52.880587747177181        39.298049821623557     
  -52.686188584694669        52.868632025572715        39.290573840866770     
  -52.349610844409845        52.856268770702187        39.283355211796973     
  -52.001718640815639        52.843448902895034        39.276540695575463     
  -51.642817920581287        52.830106332919797        39.270297868154607     
  -51.273246315459701        52.816160831855854        39.264811541676899     
  -50.893371666255135        52.801521157041975        39.260277338899826     
  -50.503590328725366        52.786089412687659        39.256894432441008     
  -50.104325351937582        52.769766241372935        39.254858544800300     
  -49.696024705730864        52.752454492943421        39.254354485676998     
  -49.279159431803834        52.734063949910521        39.255550701513670     
  -48.854221939483487        52.714513953726254        39.258593850589691     
  -48.421724402177773        52.693735586311632        39.263606562283286     
  -47.982197433951448        52.671674572800505        39.270689658387170     
  -47.536188709221989        52.648295495645137        39.279925850966819     
  -47.084261545683042        52.623575813927921        39.291375766988040     
  -46.626993444068248        52.597504544124497        39.305077484698835     
  -46.164974592852047        52.570082025920527        39.321047090635780     
  -45.698806370526967        52.541319378904035        39.339279257806616     
  -45.229099814949201        52.511238157016756        39.359748288178878     
  -44.756474106198922        52.479869644310462        39.382409184516774     
  -44.281555033164906        52.447254083484779        39.407198988142078     
  -43.804973463899486        52.413439856325240        39.434038343570002     
  -43.327363789043289        52.378483334019123        39.462833830797251     
  -42.849362383573578        52.342447923652337        39.493479913162844     
  -42.371606089563876        52.305402761323201        39.525860764433986     
  -41.894730649309970        52.267421767488337        39.559852113930496     
  -41.419369107846677        52.228583136324886        39.595322549618274     
  -40.946150155612472        52.188969046364576        39.632134662627884     
  -40.475696521183245        52.148665563876229        39.670146362198970     
  -40.008623333151206        52.107762214947748        39.709211968199412     
  -39.545536551073653        52.066351719438934        39.749183433865170     
  -39.087031365920538        52.024529450300804        39.789911368840734     
  -38.633690678807767        51.982393132890479        39.831246228154463     
  -38.186083559840256        51.940042200648200        39.873039228624933     
  -37.744763787605429        51.897577435291602        39.915143441750047     
  -37.310268386767468        51.855100261363908        39.957414593940136     
  -36.883116239124419        51.812712321993743        39.999712018721702     
  -36.463806721281351        51.770514785345945        40.041899359024043     
  -36.052818397236678        51.728607801352659        40.083845300820670     
  -35.650607775070121        51.687089941184297        40.125424236994242     
  -35.257608095280915        51.646057474934025        40.166516724914118     
  -34.874228222375798        51.605604002559396        40.207010239932721     
  -34.500851563581534        51.565819458994525        40.246799389410818     
  -34.137835082917881        51.526789896406392        40.285786587889611     
  -33.785508361124585        51.488596686507258        40.323882132073443     
  -33.444172720295022        51.451316243004790        40.361004514643412     
  -33.114100429184425        51.415019898361962        40.397080729743443     
  -32.795533985431597        51.379772914207912        40.432045747550006     
  -32.488685474200906        51.345634081113268        40.465842316435847     
  -32.193735992608332        51.312655645489315        40.498420902936722     
  -31.910835144620716        51.280883388477648        40.529739645732256     
  -31.640100619786658        51.250356875931615        40.559764349326926     
  -31.381617859513398        51.221109482369762        40.588468222688327     
  -31.135439812419058        51.193168152990502        40.615831336171723     
  -30.901586766191517        51.166553560715172        40.641840335594004     
  -30.680046261178525        51.141280417847256        40.666488239302218     
  -30.470773103149760        51.117357488571592        40.689773968842289     
  -30.273689460379408        51.094787688253383        40.711701922276163     
  -30.088685041334532        51.073568341158172        40.732281645177927     
  -29.915617356433042        51.053691498901514        40.751527545000449     
  -29.754312072974880        51.035144172874944        40.769458557102816     
  -29.604563460558008        51.017908511875824        40.786097791397495     
  -29.466134918227688        51.001962046424268        40.801472261363287     
  -29.338759586186946        50.987277932212322        40.815612643477188     
  -29.222141041058578        50.973825182270041        40.828553059193084     
  -29.115954072178397        50.961568895669281        40.840330884867797     
  -29.019845538568681        50.950470460351951        40.850986569753957     
  -28.933435304116465        50.940487731712977        40.860563459423645     
  -28.856317245919307        50.931575217552187        40.869107644674784     
  -28.788060333540951        50.923684262653055        40.876667825129729     
  -28.728209776504901        50.916763272996910        40.883295213307079     
  -28.676288224030184        50.910776337945698        40.889058015733710     
  -28.631797060541672        50.905672017537803        40.894016448267450     
  -28.594217740398996        50.901379248116825        40.898219201609621     
  -28.563013160093035        50.897827610060283        40.901719210806867     
  -28.537629095096793        50.894947104801865        40.904573192557841     
  -28.517495683442370        50.892667948944975        40.906841186090674     
  -28.502028952117548        50.890920391344189        40.908586102782110     
  -28.490632382271926        50.889634558491700        40.909873289554511     
  -28.482698509118659        50.888740333009544        40.910770110803220     
  -28.477610552318364        50.888167269492065        40.911345553218894     
  -28.474744072539256        50.887844551354270        40.911669857408086     
  -28.473468649804087        50.887700991714105        40.911814179705019     
  -22.377149579162140        50.201508603905104        41.601651946313275     
  -20.853149579162139        50.029969485479207        41.774102361740809     
  -19.329149579162141        49.858430367053309        41.946552777168343     
  -17.805149579162141        49.686891248627411        42.119003192595876     
