  -60.808531123604965        118.89600148366915        90.509365684670712     
  -59.284531123604964        118.83172315339455        90.460433922223956     
  -57.760531123604963        118.76744482311994        90.411502159777200     
  -56.236531123604962        118.70316649284534        90.362570397330444     
  -50.129168007365372        118.44557390525178        90.166478506792444     
  -50.119726844451641        118.44517570171638        90.166175375072683     
  -50.106165222661367        118.44460399788350        90.165740166565826     
  -50.087760377499237        118.44382866937303        90.165149949142048     
  -50.063802634365217        118.44282035909923        90.164382374772316     
  -50.033597332058001        118.44155062320141        90.163415790616384     
  -49.996466706899241        118.43999208093274        90.162229353119386     
  -49.951751732254252        118.43811856684758        90.160803143846167     
  -49.898813908333040        118.43590528348665        90.159118285664988     
  -49.837036997278553        118.43332895264490        90.157157057783067     
  -49.765828698689909        118.43036794439895        90.154902993703999     
  -49.684622260981669        118.42699695964613        90.152336832762614     
  -49.592878024063971        118.42319126202774        90.149439740557142     
  -49.490084888704779        118.41893091950746        90.146196535739023     
  -49.375761708719033        118.41419760512947        90.142593250788366     
  -49.249458602023743        118.40897471840157        90.138617217797233     
  -49.110758176873254        118.40324750790413        90.134257150701742     
  -48.959276669860223        118.39700319356822        90.129503220328999     
  -48.794664992399163        118.39023108950934        90.124347119440941     
  -48.616609677560021        118.38292282099509        90.118782184147321     
  -48.424833730792066        118.37507252506443        90.112803480946383     
  -48.219097389595021        118.36667690389515        90.106407750853108     
  -47.999198778288871        118.35773534820373        90.099593364292787     
  -47.764974459762648        118.34825007693921        90.092360230571870     
  -47.516299881052625        118.33822635813027        90.084709691583527     
  -47.253089718680663        118.32767264891231        90.076644251156893     
  -46.975298120883885        118.31660074288229        90.068167174795519     
  -46.682918839859497        118.30502610431759        90.059282054984749     
  -46.375985257026066        118.29296837140387        90.049992274876814     
  -46.054570326344248        118.28045160569030        90.040299978382677     
  -45.718786398995753        118.26750509395374        90.030205066819065     
  -45.368784938505911        118.25416467456104        90.019704072540080     
  -45.004756205486942        118.24047337842715        90.008787815820341     
  -44.626928874790451        118.22648194697871        89.997438471106776     
  -44.235569486692690        118.21224945094204        89.985627660804596     
  -43.830981692015420        118.19784407030092        89.973316309904106     
  -43.413505374367325        118.18334267402777        89.960455321119198     
  -42.983515644021793        118.16882903183102        89.946987041551935     
  -42.541421651244633        118.15439216701330        89.932848349949325     
  -42.087665336499434        118.14012329665181        89.917973540832321     
  -41.622720065187565        118.12611313441771        89.902297669625341     
  -41.147089197817387        118.11244919941971        89.885759571145726     
  -40.661304581598586        118.09921371815037        89.868304723102469     
  -40.165925003805050        118.08648167494241        89.849887437088285     
  -39.661534610361173        118.07431994113834        89.830472121940218     
  -39.148741325497710        118.06278910817007        89.810034658611315     
  -38.628175199872267        118.05194635797839        89.788564308084815     
  -38.100486717205534        118.04184189094616        89.766060768288682     
  -37.566345035334393        118.03251837293720        89.742533494144212     
  -37.026436185061812        118.02401095825913        89.718001355892056     
  -36.481461225970008        118.01634741183155        89.692492237052264     
  -35.932134366569741        118.00954831151343        89.666042542237378     
  -35.379181061520775        118.00362725863526        89.638696554905181     
  -34.823336077657494        117.99859122087912        89.610505744694876     
  -34.265341546447914        117.99444091857306        89.581527967440564     
  -33.705944997778516        117.99117130671506        89.551826613138928     
  -33.145897385940451        117.98877207170227        89.521469660816734     
  -32.585951107011333        117.98722829912377        89.490528788368167     
  -32.026858001229584        117.98652119403719        89.459078646903507     
  -31.469367394306214        117.98662763940150        89.427195685116402     
  -30.914224113114148        117.98752027953681        89.394957537649489     
  -30.362166497125422        117.98916801974107        89.362442716922502     
  -29.813924429781551        117.99153656817040        89.329730328235840     
  -29.270217392033011        117.99458894599816        89.296899754320904     
  -28.731752564934641        117.99828558719373        89.264030030745189     
  -28.199222956972807        118.00258461034724        89.231199359045618     
  -27.673305569068276        118.00744210219054        89.198484639231367     
  -27.154659599679078        118.01281250595184        89.165961098263594     
  -26.643924699776019        118.01864887554322        89.133701837556643     
  -26.141719276458488        118.02490326785916        89.101777509556470     
  -25.648638855765071        118.03152697438048        89.070255902930185     
  -25.165254493248664        118.03847112535834        89.039201840479791     
  -24.692111256274682        118.04568703606614        89.008676918486927     
  -24.229726775963673        118.05312652737616        88.978739256424163     
  -23.778589871590192        118.06074225281249        88.949443247888965     
  -23.339159253687310        118.06848795350318        88.920839276482099     
  -22.911862302120873        118.07631876439692        88.892973540658915     
  -22.497093922148270        118.08419159640489        88.865888008372949     
  -22.095215490059061        118.09206532479446        88.839620299881872     
  -21.706553879943598        118.09990112161600        88.814203748242861     
  -21.331400590018649        118.10766250146881        88.789667311524127     
  -20.970010951157956        118.11531559865203        88.766035721153983     
  -20.622603441787724        118.12282913090212        88.743329451718893     
  -20.289359091954292        118.13017453414011        88.721564871498217     
  -19.970420986644189        118.13732608009893        88.700754425009265     
  -19.665893874830594        118.14426085764525        88.680906752546747     
  -19.375843877950654        118.15095871622424        88.662026814162601     
  -19.100298304757821        118.15740213130833        88.644115981472012     
  -18.839245573128565        118.16357597463157        88.627172078755407     
  -18.592635222744960        118.16946767227836        88.611189729299539     
  -18.360378038185210        118.17506716727479        88.596160566057634     
  -18.142346282024889        118.18036668716084        88.582073310566898     
  -17.938374027357728        118.18536063153931        88.568913945145340     
  -17.748257588585275        118.19004560511668        88.556665984828584     
  -17.571756059851818        118.19442028751901        88.545310615129907     
  -17.408591954760677        118.19848529230603        88.534826808276762     
  -17.258451945768947        118.20224302187687        88.525191421960798     
  -17.120987698692087        118.20569756096833        88.516379312302760     
  -16.995816802446281        118.20885457126526        88.508363433243147     
  -16.882523791923511        118.21172118062074        88.501114918575652     
  -16.780661260400692        118.21430587974092        88.494603157878601     
  -16.689751058445097        118.21661842575035        88.488795868101661     
  -16.609285576049835        118.21866975154558        88.483659162583848     
  -16.538729104557454        118.22047190623971        88.479157639288829     
  -16.477519273609740        118.22204956601101        88.475263169544164     
  -16.425068562678359        118.22342023059159        88.471940134207998     
  -16.380765879347219        118.22459145130084        88.469143475952038     
  -16.343978200164340        118.22557337753709        88.466828273651288     
  -16.314052271986185        118.22637842493231        88.464949633755225     
  -16.290316368149632        118.22702095283377        88.463462593003143     
  -16.272082094778042        118.22751695510352        88.462322035317257     
  -16.258646242394306        118.22788376807020        88.461482625441135     
  -16.249292677890967        118.22813979923349        88.460898761634724     
  -16.243294271796206        118.22830428002548        88.460524549478478     
  -16.239914855675572        118.22839704558511        88.460313798560790     
  -16.238411204423784        118.22843834410978        88.460220043525595     
  -10.142035038128309        118.39587832805933        88.080101341564031     
  -8.6180350381283084        118.43773574114842        87.985077529714601     
  -7.0940350381283093        118.47959315423751        87.890053717865172     
  -5.5700350381283084        118.52145056732660        87.795029906015742     
