  -65.911697176000246       -73.163683931138578        53.292461178951264     
  -64.387697176000245       -73.212634101947600        53.328116505983139     
  -62.863697176000244       -73.261584272756622        53.363771833015015     
  -61.339697176000243       -73.310534443565643        53.399427160046891     
  -55.234244971283850       -73.506638727218629        53.542269610858348     
  -55.226391465420718       -73.506890978172336        53.542453350569566     
  -55.215110341355711       -73.507253813415701        53.542717639928469     
  -55.199800290908136       -73.507747157177519        53.543076991752464     
  -55.179870842799254       -73.508390952480383        53.543545932548227     
  -55.154743946792962       -73.509205222344804        53.544139047092088     
  -55.123855523444256       -73.510210143114378        53.544871031838206     
  -55.086656975368463       -73.511426128821157        53.545756756363915     
  -55.042616655993683       -73.512873924251792        53.546811331142521     
  -54.991221291909063       -73.514574704938354        53.548050180335380     
  -54.931977355040459       -73.516550160421829        53.549489102348005     
  -54.864412381021658       -73.518816317890696        53.551139770769716     
  -54.788076230274584       -73.521388366697337        53.553013248162301     
  -54.702542288469481       -73.524285503406290        53.555123514455062     
  -54.607408603201726       -73.527527221984641        53.557484763378170     
  -54.502298953899292       -73.531133435455601        53.560111488745562     
  -54.386863852160900       -73.535124607792966        53.563018576618852     
  -54.260781469920914       -73.539521893306230        53.566221400485780     
  -54.123758490588237       -73.544347236953811        53.569735884306240     
  -53.975530877926822       -73.549623377947924        53.573578489728156     
  -53.815864576348631       -73.555374026494960        53.577766321685715     
  -53.644556128289210       -73.561623987647465        53.582317184605806     
  -53.461433208191707       -73.568399245395270        53.587249594638330     
  -53.266355073055948       -73.575727024092018        53.592582754960297     
  -53.059212923896709       -73.583635751193768        53.598336431796724     
  -52.839930183358462       -73.592155012896555        53.604530788907532     
  -52.608462695449397       -73.601315603349619        53.611186242392549     
  -52.364798835600503       -73.611149489527108        53.618323191481515     
  -52.108959522059877       -73.621689561619775        53.625961511457945     
  -51.840998136922991       -73.632969300618825        53.634119879683148     
  -51.561000397628455       -73.645022990578738        53.642815358466173     
  -51.269084125983539       -73.657885683936101        53.652062612482467     
  -50.965398902943775       -73.671592782543982        53.661872599116279     
  -50.650125689303337       -73.686180334807204        53.672251600679978     
  -50.323476356119741       -73.701685104562813        53.683200420086365     
  -49.985693070601393       -73.718143584986180        53.694713383703181     
  -49.637047662614066       -73.735591635383244        53.706778408896959     
  -49.277840890204757       -73.754063617382386        53.719377354934529     
  -48.908401569761253       -73.773590585050769        53.732486223216640     
  -48.529085724629560       -73.794199622291288        53.746076507385347     
  -48.140275580412343       -73.815912089112302        53.760115820123815     
  -47.742378534430920       -73.838742519417423        53.774568885050677     
  -47.335826081777981       -73.862697898433780        53.789398595585553     
  -46.921072626156878       -73.887776343452742        53.804566368585704     
  -46.498594325680081       -73.913967355386603        53.820033028377907     
  -46.068887810347590       -73.941253424166874        53.835759980668179     
  -45.632468924467233       -73.969613793990646        53.851711861025827     
  -45.189871371435402       -73.999020096806547        53.867853297621451     
  -44.741645347146068       -74.029436203419280        53.884148731691070     
  -44.288356126362366       -74.060818160858730        53.900562263662295     
  -43.830582605754969       -74.093114691759240        53.917057863075726     
  -43.368915834351903       -74.126267427569317        53.933599329360518     
  -42.903957485102588       -74.160211512916533        53.950150469058180     
  -42.436318342908343       -74.194876117000263        53.966675149008523     
  -41.966616714997883       -74.230185156726890        53.983137453929395     
  -41.495476884765758       -74.266057986867665        53.999501772500757     
  -41.023527467684303       -74.302410216874264        54.015732937096693     
  -40.551399845149511       -74.339154530707532        54.031796335278123     
  -40.079726470657640       -74.376201507006627        54.047658063949740     
  -39.609139296264857       -74.413460427615078        54.063285226282780     
  -39.140268034250191       -74.450839945440222        54.078646182335952     
  -38.673738590598973       -74.488248914893617        54.093710912288408     
  -38.210171298192947       -74.525596957415686        54.108451180927453     
  -37.750179370124030       -74.562795312783265        54.122840905929252     
  -37.294367123537945       -74.599757259523471        54.136856210696678     
  -36.843328463506751       -74.636398948104357        54.150475777353371     
  -36.397645123096879       -74.672639654465897        54.163680780136801     
  -35.957885186474087       -74.708402551801029        54.176455199565915     
  -35.524601379426237       -74.743614806776662        54.188785651003556     
  -35.098329633266225       -74.778208225769546        54.200661621022704     
  -34.679587473653683       -74.812119258759509        54.212075245409267     
  -34.268872614602643       -74.845289418333110        54.223021400892975     
  -33.866661507253156       -74.877665325582512        54.233497536388320     
  -33.473407942966347       -74.909198726343263        54.243503495638365     
  -33.089541816802125       -74.939846746826632        54.253041509258914     
  -32.715467760580900       -74.969571524008316        54.262115742931272     
  -32.351564108990267       -74.998340661104208        54.270732467122677     
  -31.998181666214585       -75.026126638253274        54.278899497547201     
  -31.655642738226128       -75.052906895617454        54.286626150473083     
  -31.324240205485040       -75.078663716640108        54.293923077970121     
  -31.004236577171351       -75.103383692389144        54.300801826461644     
  -30.695863311619878       -75.127057896648424        54.307274932517380     
  -30.399320090914124       -75.149681450996482        54.313355598601447     
  -30.114774195540818       -75.171253120358301        54.319057411572672     
  -29.842360074253850       -75.191775375563608        54.324394415865896     
  -29.582178916783256       -75.211253998023864        54.329380870563980     
  -29.334298322218565       -75.229697686061883        54.334031021171334     
  -29.098752120495654       -75.247117960079279        54.338359097663293     
  -28.875540282764529       -75.263529030831180        54.342379293704624     
  -28.664628879619436       -75.278947399456058        54.346105558404126     
  -28.465950170276020       -75.293391664245320        54.349551542295629     
  -28.279402796423746       -75.306882392312346        54.352730595988696     
  -28.104852074806129       -75.319442028851597        54.355655797442694     
  -27.942130357510582       -75.331094646900581        54.358339861449380     
  -27.791037498470558       -75.341865802400946        54.360795121317970     
  -27.651341415235319       -75.351782432513815        54.363033537191512     
  -27.522778739504314       -75.360872765960750        54.365066708092129     
  -27.405055555943967       -75.369166257562611        54.366905896329563     
  -27.297848224289979       -75.376693524938148        54.368562048412663     
  -27.200804278804565       -75.383486259458010        54.370045792737301     
  -27.113543410865720       -75.389577178240799        54.371367462756709     
  -27.035658528101315       -75.394999987212984        54.372537124760321     
  -26.966716886291273       -75.399789349082155        54.373564606746825     
  -26.906261290651106       -75.403980887828382        54.374459551968620     
  -26.853811364012056       -75.407624995730401        54.375241348113775     
  -26.808864874096930       -75.410763269004363        54.375922315709616     
  -26.770899120566657       -75.413425264331082        54.376505438869991     
  -26.739372377596968       -75.415643531506348        54.376995173748043     
  -26.713725385132673       -75.417453275417898        54.377397259737499     
  -26.693382885722531       -75.418892022539879        54.377718535333429     
  -26.677755202506592       -75.419999295760007        54.377966761301046     
  -26.666239853831147       -75.420816301167108        54.378150453613507     
  -26.658223199885828       -75.421385630185839        54.378278728421137     
  -26.653082116690459       -75.421750980162841        54.378361161096791     
  -26.650185692709794       -75.421956896184199        54.378407661168545     
  -26.648896943339611       -75.422048536549156        54.378428364696553     
  -20.552574538489999       -75.855545710632143        54.476364693184784     
  -19.028574538489998       -75.963914272763461        54.500847480462788     
  -17.504574538489997       -76.072282834894779        54.525330267740792     
  -15.980574538489998       -76.180651397026097        54.549813055018795     
