  -67.232367379822804       -61.234542817318165        44.851949233430688     
  -65.708367379822803       -61.240002177162857        44.855948004707855     
  -64.184367379822802       -61.245461537007550        44.859946775985023     
  -62.660367379822802       -61.250920896852243        44.863945547262190     
  -56.554787182230264       -61.272792654962004        44.879965769522421     
  -56.546827347296329       -61.272821169137337        44.879986655060023     
  -56.535393512411730       -61.272862546777567        44.880016962591220     
  -56.519876259278981       -61.272919492047983        44.880058672813149     
  -56.499677171813723       -61.272994983288577        44.880113967244746     
  -56.474210447402385       -61.273092364035662        44.880185294895192     
  -56.442904473851790       -61.273215444477842        44.880275446570941     
  -56.405203367758759       -61.273368612159850        44.880387635945183     
  -56.360568470126580       -61.273556950688317        44.880525586460756     
  -56.308479795164445       -61.273786365152063        44.880693623086138     
  -56.248437428329453       -61.274063686438026        44.880896748475479     
  -56.179962869804967       -61.274389116586477        44.881135108959413     
  -56.102600319758260       -61.274762138067516        44.881408321822363     
  -56.015917901730795       -61.275187442154696        44.881719815638320     
  -55.919508820026579       -61.275670339256990        44.882073464950508     
  -55.812992449836990       -61.276216914423351        44.882473697974135     
  -55.696015356370054       -61.276834207717243        44.882925618316079     
  -55.568252239848576       -61.277530392835480        44.883435118913383     
  -55.429406804203701       -61.278314966992930        44.884008994456892     
  -55.279212547276451       -61.279198948910818        44.884655045422569     
  -55.117433470604169       -61.280195080647474        44.885382164367421     
  -54.943864705339223       -61.281317954856746        44.886200338711966     
  -54.758333054227379       -61.282584112965459        44.887120592324095     
  -54.560697453599744       -61.284012309364726        44.888154994453160     
  -54.350849348931050       -61.285623702292817        44.889316542195132     
  -54.128712985177827       -61.287442026085387        44.890618932758805     
  -53.894245608007132       -61.289493548248657        44.892076051124668     
  -53.647437584604944       -61.291807190410772        44.893701411682187     
  -53.388312448055416       -61.294414947491099        44.895507601745884     
  -53.116926857880792       -61.297352171482842        44.897505343241860     
  -52.833370476942882       -61.300657597402122        44.899701994627158     
  -52.537765786994356       -61.304374049977554        44.902100059601871     
  -52.230267840881375       -61.308549497540781        44.904695295171216     
  -51.911063932716210       -61.313237631503398        44.907473998804804     
  -51.580373162007788       -61.318498406523737        44.910411148951802     
  -51.238445872368054       -61.324398254725089        44.913469838382426     
  -50.885562940404334       -61.331008529317771        44.916601034296576     
  -50.522034941334894       -61.338403960410879        44.919745068504163     
  -50.148201192639220       -61.346660443664462        44.922834063246526     
  -49.764428686656530       -61.355851635672281        44.925794312222806     
  -49.371110959870698       -61.366046840926749        44.928549791624533     
  -48.968666897419489       -61.377307878734555        44.931024623667916     
  -48.557539491799282       -61.389687079162805        44.933145810784652     
  -48.138194569544098       -61.403225518219223        44.934845414945336     
  -47.711119509525723       -61.417951786946183        44.936061500659740     
  -47.276821965997662       -61.433885193283878        44.936740478134489     
  -46.835828559724639       -61.451039156893550        44.936839335604589     
  -46.388683495415712       -61.469417001566356        44.936322386911613     
  -45.935947172261322       -61.489010790391958        44.935160212065284     
  -45.478194706655337       -61.509802022489787        44.933329865742174     
  -45.016014483273516       -61.531761591866115        44.930814420818365     
  -44.550006600151569       -61.554850595250834        44.927602991504799     
  -44.080781370482661       -61.579020581909482        44.923690201548901     
  -43.608957711214501       -61.604214637518631        44.919076119486192     
  -43.135161618909997       -61.630368175698344        44.913765843565365     
  -42.660024499679999       -61.657409929469168        44.907769112981782     
  -42.184181611159374       -61.685262842400327        44.901099742872809     
  -41.708270360848857       -61.713845205342430        44.893775162667303     
  -41.232928724888062       -61.743071671427160        44.885815977683137     
  -40.758793507024180       -61.772854129352709        44.877245831261575     
  -40.286498728163068       -61.803102564679875        44.868091404028426     
  -39.816673872846103       -61.833725730494599        44.858382264094629     
  -39.349942278571362       -61.864632013849160        44.848150841520351     
  -38.886919397001257       -61.895730022097453        44.837432194155014     
  -38.428211201734804       -61.926929426587861        44.826263951424089     
  -37.974412479499797       -61.958141419901800        44.814685984523685     
  -37.526105279438347       -61.989279512641694        44.802740323225855     
  -37.083857248120566       -62.020259820083218        44.790470720790537     
  -36.648220147040973       -62.051001823669850        44.777922572628356     
  -36.219728245788922       -62.081428437091311        44.765142358728895     
  -35.798896931491711       -62.111466753595941        44.752177598658605     
  -35.386221182750923       -62.141047884214636        44.739076183044780     
  -34.982174281301695       -62.170107673379583        44.725886369492571     
  -34.587206407050026       -62.198586400461508        44.712656074893175     
  -34.201743439827510       -62.226429309299533        44.699432763354508     
  -33.826185735585604       -62.253586487837673        44.686262880293171     
  -33.460906998910701       -62.280012974531175        44.673191522720636     
  -33.106253273666518       -62.305669061614111        44.660262314997269     
  -32.762541904334157       -62.330519641779013        44.647516673656710     
  -32.430060684529010       -62.354534392359206        44.634993741530778     
  -32.109067027437241       -62.377687541250893        44.622730084923226     
  -31.799787227686743       -62.399957696510818        44.610759500452929     
  -31.502415857654814       -62.421328071913948        44.599113159132585     
  -31.217115187413174       -62.441785958162754        44.587819261574836     
  -30.944014717494802       -62.461322457830477        44.576902929418459     
  -30.683210829843262       -62.479932565010714        44.566386380537509     
  -30.434766498427464       -62.497614767916865        44.556288795836281     
  -30.198711098063722       -62.514370731248647        44.546626271371956     
  -29.975040320395895       -62.530205205526649        44.537411952649492     
  -29.763716182347554       -62.545125922804573        44.528656173270690     
  -29.564667116054714       -62.559143257078674        44.520366438576872     
  -29.377788158906874       -62.572270039710368        44.512547534606327     
  -29.202941237532354       -62.584521418587848        44.505201671660203     
  -29.039955544667102       -62.595914771869154        44.498328658982281     
  -28.888628003536645       -62.606469529368887        44.491926002892285     
  -28.748723821373328       -62.616207005722657        44.485989001399176     
  -28.619977131962713       -62.625150298876108        44.480510871867160     
  -28.502091723756614       -62.633324199548952        44.475482872818667     
  -28.394741851353256       -62.640755109442296        44.470894418581416     
  -28.297573127988667       -62.647470971470376        44.466733190030389     
  -28.210203496377201       -62.653501207791386        44.462985239872943     
  -28.132224274835682       -62.658876642466375        44.459635078134497     
  -28.063201275934631       -62.663629440621186        44.456665762912763     
  -28.002675994339608       -62.667793095056375        44.454059020578129     
  -27.950166864157385       -62.671419186984657        44.451807146403368     
  -27.905170567935450       -62.674548721236746        44.449892996476699     
  -27.867163409657234       -62.677208158807105        44.448287336338673     
  -27.835602747179429       -62.679427663387756        44.446961791716227     
  -27.809928470752745       -62.681240665855150        44.445888678793089     
  -27.789564527769652       -62.682683435482573        44.445040843310203     
  -27.773920489481412       -62.683794663438604        44.444391512164870     
  -27.762393155324744       -62.684615063858658        44.443914160847591     
  -27.754368190407643       -62.685186997409417        44.443582399730204     
  -27.749221791624706       -62.685554121824836        44.443369881881587     
  -27.746322377806859       -62.685761073392804        44.443250234731032     
  -27.745032299258806       -62.685853182825646        44.443197017520170     
  -21.648709561999723       -63.121120345896969        44.191716754491580     
  -20.124709561999722       -63.229931375940787        44.128850017054397     
  -18.600709561999722       -63.338742405984604        44.065983279617214     
  -17.076709561999721       -63.447553436028421        44.003116542180031     
