  -67.670323787867716        42.237674997145476        57.302032735534716     
  -66.146323787867715        42.220172378881585        57.278287687904609     
  -64.622323787867714        42.202669760617695        57.254542640274501     
  -63.098323787867713        42.185167142353805        57.230797592644393     
  -56.992649557438234        42.115045564073704        57.135666670455748     
  -56.984611613952552        42.114953251044533        57.135541433348848     
  -56.973065612303365        42.114820927378965        57.135361915536478     
  -56.957396193316335        42.114641872156980        57.135118999036493     
  -56.936999131517773        42.114409700783128        57.134804022144735     
  -56.911282969357487        42.114118448175937        57.134408892298488     
  -56.879670617464463        42.113762658487985        57.133926207808059     
  -56.841600916490790        42.113337480526127        57.133349387347259     
  -56.796530156187735        42.112838767996067        57.132672806052035     
  -56.743933547459484        42.112263183645190        57.131891937054327     
  -56.683306643258277        42.111608285102513        57.131003468497070     
  -56.614166704318258        42.110866479860611        57.129997103700866     
  -56.536054005877602        42.110029754432084        57.128861979361872     
  -56.448533081710181        42.109094423066615        57.127593112389320     
  -56.351193901981915        42.108057499619804        57.126186485843455     
  -56.243652981665328        42.106916822586186        57.124639232587491     
  -56.125554416492093        42.105671190038109        57.122949841880114     
  -55.996570843768161        42.104320491158852        57.121118376039078     
  -55.856404326436341        42.102865722369657        57.119146552631321     
  -55.704787156783553        42.101309076171930        57.117037957715148     
  -55.541482578222748        42.099654076673829        57.114798368886923     
  -55.366285424908277        42.097905618935812        57.112436013159524     
  -55.179022678031998        42.096069949067470        57.109961834646107     
  -54.979553937862320        42.094154560983803        57.107389771767934     
  -54.767771809225302        42.092167970191952        57.104737032046984     
  -54.543602210730370        42.090119377123528        57.102024435115283     
  -54.307004604150457        42.088018154671410        57.099276803972629     
  -54.057972146188838        42.085873077903685        57.096523381313851     
  -53.796531768947595        42.083690975008132        57.093797949355093     
  -53.522744194124130        42.081475383632842        57.091139594577776     
  -53.236703889865851        42.079224890374469        57.088593879163106     
  -52.938538983464440        42.076930520628061        57.086213833357149     
  -52.628411144796694        42.074572312974809        57.084061317723638     
  -52.306515422450659        42.072115942461650        57.082209512531897     
  -51.973079918098016        42.069509733526395        57.080743931455039     
  -51.628365238937818        42.066683178865944        57.079762011096783     
  -51.272663711472823        42.063548001291608        57.079372479372516     
  -50.906298373607015        42.060000209054813        57.079692188782623     
  -50.529621752388778        42.055924093229557        57.080842369869330     
  -50.143014488422814        42.051197450268276        57.082944691971996     
  -49.746883893059042        42.045696180287344        57.086116072535795     
  -49.341662433143178        42.039299694981381        57.090465273118646     
  -48.927806236679373        42.031894823162538        57.096088735551980     
  -48.505793573121728        42.023379622335483        57.103067932430051     
  -48.076123441800206        42.013665256034088        57.111467800033836     
  -47.639314267215347        42.002678052243489        57.121339547580511     
  -47.195902552571589        41.990362433075710        57.132725227687423     
  -46.746441505774087        41.976676575433480        57.145652265687758     
  -46.291499583023331        41.961591827991370        57.160133177670730     
  -45.831659050778455        41.945092132896228        57.176165493557733     
  -45.367514459650998        41.927173889248913        57.193732573331019     
  -44.899671164374567        41.907845227923296        57.212803933872799     
  -44.428743752824552        41.887125657470868        57.233336417310994     
  -43.955354536468427        41.865045244015413        57.255275045812503     
  -43.480131947608172        41.841643703384712        57.278554062720232     
  -43.003709004241919        41.816969255482967        57.303097908681828     
  -42.526721697796518        41.791077833544065        57.328822918897245     
  -42.049807441101265        41.764031975158709        57.355638755357532     
  -41.573603432344157        41.735899917057189        57.383449854236758     
  -41.098745032051852        41.706755056796617        57.412156464596933     
  -40.625864077073302        41.676675530249376        57.441655499992393     
  -40.155587236898583        41.645743788767817        57.471841423462976     
  -39.688534350831119        41.614046187837289        57.502607170043497     
  -39.225316798526009        41.581672504672213        57.533845000687009     
  -38.766535872393753        41.548715461492520        57.565447357093063     
  -38.312781183979020        41.515270181717653        57.597307632709537     
  -37.864629083699064        41.481433656956149        57.629320925022355     
  -37.422641128033213        41.447304174384449        57.661384721756370     
  -36.987362557247856        41.412980706954308        57.693399477180563     
  -36.559320849384399        41.378562370797631        57.725269250736105     
  -36.139024267516518        41.344147714060782        57.756902032197971     
  -35.726960522985934        41.309834278494073        57.788210395292587     
  -35.323595409668719        41.275717765879492        57.819111507824509     
  -34.929371587609886        41.241891722588747        57.849527808758204     
  -34.544707339927832        41.208446620134715        57.879386846087989     
  -34.169995475569010        41.175469514301120        57.908621874876374     
  -33.805602245330277        41.143043310400266        57.937171760605700     
  -33.451866342011115        41.111246214110650        57.964980963170390     
  -33.109097993635736        41.080151441027439        57.991999731603400     
  -32.777578089181191        41.049826762662796        58.018183904722946     
  -32.457557425711933        41.020334664740297        58.043495426084668     
  -32.149256010385855        40.991731979490986        58.067901986281811     
  -31.852862435624278        40.964069435005044        58.091376402817730     
  -31.568533359306684        40.937391764593585        58.113896678916760     
  -31.296393061455468        40.911737631146565        58.135445699909397     
  -31.036533086554918        40.887139587170367        58.156010886051916     
  -30.789011978690709        40.863624280316102        58.175584119788113     
  -30.553855104884949        40.841212609623142        58.194161545113857     
  -30.331054566974558        40.819919782283009        58.211743175953792     
  -30.120569204700072        40.799755516072182        58.228332678419534     
  -29.922324688542172        40.780724324176823        58.243937244048993     
  -29.736213703303214        40.762825750178187        58.258567360414965     
  -29.562096222717976        40.746054547936062        58.272236494190331     
  -29.399799873138051        40.730400933362347        58.284960896020976     
  -29.249120386452855        40.715850836368837        58.296759431794861     
  -29.109822140648838        40.702386155168320        58.307653446977099     
  -28.981638787650361        40.689984983974846        58.317666625309734     
  -28.864273967378988        40.678621796820870        58.326824816980867     
  -28.757402103609660        40.668267645194206        58.335155918513003     
  -28.660669280187992        40.658890348831562        58.342689772731525     
  -28.573694195306903        40.650454674416281        58.349458077568620     
  -28.496069191011649        40.642922504236473        58.355494301767635     
  -28.427361354869152        40.636252997308858        58.360833605304158     
  -28.367113690538119        40.630402775675257        58.365512805559938     
  -28.314846356503523        40.625338574729831        58.369588329806064     
  -28.270057959295954        40.621016130162261        58.373105462952417     
  -28.232226909025169        40.617377436876723        58.376094073777253     
  -28.200812832864422        40.614364513959366        58.378588159609016     
  -28.175258035883196        40.611919289018523        58.380625362056257     
  -28.154989008354082        40.609983494656973        58.382246490011205     
  -28.139417975425118        40.608498580878155        58.383495055984660     
  -28.127944484940912        40.607405646921826        58.384416831707412     
  -28.119957029100746        40.606645395636711        58.385059428530901     
  -28.114834695555050        40.606158113112976        58.385471907665519     
  -28.111948843465544        40.605883675900003        58.385704424728921     
  -28.110664799989816        40.605761587715811        58.385807912458866     
  -22.014343572599156        40.026117048437754        58.877142089814633     
  -20.490343572599155        39.881213549276531        58.999969161807805     
  -18.966343572599158        39.736310050115307        59.122796233800976     
  -17.442343572599157        39.591406550954083        59.245623305794147     
