     -23.6790841532239433       -1.9711471257410718     -121.1905541400351183
     -23.6797834747276319       -1.9850742987890504     -121.1903014538084875
     -23.6815440443259604       -2.0022208251816256     -121.1899555280872107
     -23.6850222526013248       -2.0229390839425809     -121.1894852883594353
     -23.6908408122532670       -2.0464906514170536     -121.1888787334798820
     -23.6996188336473992       -2.0722306166091342     -121.1881226662693081
     -23.7119676213829322       -2.0995152024627224     -121.1872044554261976
     -23.7284874464392459       -2.1276449725525759     -121.1861132042630516
     -23.7497647028462495       -2.1558214456477791     -121.1848407059909363
     -23.7763690968238954       -2.1831038403638532     -121.1833824112918307
     -23.8088505892101026       -2.2083553880134303     -121.1817385863955678
     -23.8477357253426092       -2.2301654293171929     -121.1799158943677952
     -23.8935226858625462       -2.2467223192461581     -121.1779298233164184
     -23.9466735873010421       -2.2555822099336629     -121.1758088973874123
     -24.0077628685513567       -2.2592465954273617     -121.1734843358371450
     -24.0774288348350218       -2.2634100767430656     -121.1708234441395433
     -24.1561346768589011       -2.2681131722113106     -121.1678041756895823
     -24.2443186880925268       -2.2733815921297613     -121.1644048633107076
     -24.3423934139502336       -2.2792392896924372     -121.1606039519344904
     -24.4507445147611371       -2.2857083296889296     -121.1563799955385292
     -24.5697296996684358       -2.2928087516459517     -121.1517116614214302
     -24.6996777344827549       -2.3005584276035629     -121.1465777431183000
     -24.8408875263049467       -2.3089729148747864     -121.1409571831362371
     -24.9936272882494563       -2.3180653044372512     -121.1348291134194852
     -25.1581337906855893       -2.3278460663908196     -121.1281729518349550
     -25.3346116905920766       -2.3383228915667940     -121.1209684577431460
     -25.5232329461243559       -2.3495005313779518     -121.1131957942965727
     -25.7241363207486309       -2.3613806378472173     -121.1048356210017118
     -25.9374269782051279       -2.3739616054925889     -121.0958692107784174
     -26.1631761838587344       -2.3872384188243720     -121.0862786886385294
     -26.4014210910602465       -2.4012025007839091     -121.0760471639678570
     -26.6521646129598295       -2.4158415641308952     -121.0651588262475542
     -26.9153753966367688       -2.4311394732733396     -121.0535991348327798
     -27.1909879199602393       -2.4470761221073101     -121.0413552006036895
     -27.4789026472109086       -2.4636273220705394     -121.0284159146461178
     -27.7789862791496169       -2.4807647082698803     -121.0147720624369470
     -28.0910721497758153       -2.4984556736691919     -121.0004167489774716
     -28.4149606930378553       -2.5166633251072987     -120.9853456606343372
     -28.7504199670768621       -2.5353464626279085     -120.9695570861400995
     -29.0971863601851162       -2.5544596000900484     -120.9530524109212024
     -29.4549653319960427       -2.5739530135709181     -120.9358362866143608
     -29.8234322283635436       -2.5937728241199518     -120.9179166717496088
     -30.2022332881582649       -2.6138611303699291     -120.8993053575359653
     -30.5909866018938388       -2.6341561684518813     -120.8800178258462523
     -30.9892832678973313       -2.6545925247897815     -120.8600735701736113
     -31.3966885796889237       -2.6751013880686432     -120.8394961893073827
     -31.8127432530622869       -2.6956108437271142     -120.8183133105336537
     -32.2369647742717760       -2.7160462355520871     -120.7965568382568335
     -32.6688486927781341       -2.7363305786447163     -120.7742626379286293
     -33.1078701504216184       -2.7563850351246546     -120.7514707217409580
     -33.5534852947764435       -2.7761294232732596     -120.7282248466548396
     -34.0051329100627129       -2.7954827789742072     -120.7045725334946980
     -34.4622359313112412       -2.8143639445619226     -120.6805646219810484
     -34.9242031451481054       -2.8326921959771640     -120.6562550883260201
     -35.3904307839641490       -2.8503878890040069     -120.6317005725106810
     -35.8603042764456461       -2.8673731269539919     -120.6069600305737879
     -36.3331998952401420       -2.8835724354435510     -120.5820942336433461
     -36.8084865370722483       -2.8989134396071146     -120.5571652735892769
     -37.2855274001892383       -2.9133275347233338     -120.5322360628614433
     -37.7636817727061000       -2.9267505387224078     -120.5073697233547847
     -38.2423067200701965       -2.9391233237584311     -120.4826291240158866
     -38.7207588864208461       -2.9503924062326972     -120.4580761856789479
     -39.1983964802252274       -2.9605104468606154     -120.4337714773714509
     -39.6745813340153362       -2.9694365663984330     -120.4097734782916831
     -40.1486806102808131       -2.9771365756567869     -120.3861382899097094
     -40.6200684953377760       -2.9835831411763003     -120.3629189421199754
     -41.0881278129491179       -2.9887559088480833     -120.3401652173486980
     -41.5522516285394303       -2.9926415599206004     -120.3179230302468028
     -42.0118447891315654       -2.9952338228929429     -120.2962343843356621
     -42.4663254399473402       -2.9965334129545487     -120.2751368431461003
     -42.9151264964840777       -2.9965479246887905     -120.2546636514848188
     -43.3576970918829190       -2.9952916436865249     -120.2348432681419723
     -43.7935040141794332       -2.9927853067750210     -120.2156997208635119
     -44.2220328271712617       -2.9890044111226501     -120.1972534276252844
     -44.6427879048757177       -2.9835623008979510     -120.1795297408408203
     -45.0552964913320864       -2.9759617368219802     -120.1625519517189673
     -45.4591100804625015       -2.9657795724715168     -120.1463375009906542
     -45.8538027781426152       -2.9526695332998507     -120.1308974116682720
     -46.2389707579912610       -2.9363633839242271     -120.1162371818608960
     -46.6142319274992118       -2.9166710890508383     -120.1023566555235647
     -46.9792257336245811       -2.8934800226031210     -120.0892504540274359
     -47.3336133901589591       -2.8667532206017339     -120.0769086565734938
     -47.6770787990426541       -2.8365266033413916     -120.0653165790216121
     -48.0093303902019102       -2.8029051395885034     -120.0544559263572211
     -48.3301036167565812       -2.7660578340268165     -120.0443048560146195
     -48.6391636773949756       -2.7262116076436147     -120.0348383846711329
     -48.9363080841956162       -2.6836442310395765     -120.0260294281342652
     -49.2213691136962979       -2.6386764305625645     -120.0178488932028245
     -49.4942145592443623       -2.5916635219267752     -120.0102662823191793
     -49.7547474213116274       -2.5429870916903132     -120.0032506263514449
     -50.0029056091327959       -2.4930468848233547     -119.9967707685128886
     -50.2386616769379302       -2.4422529847717116     -119.9907955892228841
     -50.4620225784501883       -2.3910183736886212     -119.9852947275131072
     -50.6730293888781347       -2.3397519293677829     -119.9802388839705287
     -50.8717569867592871       -2.2888519350697965     -119.9755999209156414
     -51.0583136910190589       -2.2387001689632902     -119.9713509392408781
     -51.2328408526597698       -2.1896566299407234     -119.9674665569918375
     -51.3955123813945676       -2.1420549324556184     -119.9639229527042801
     -51.5465342078595796       -2.0961984025944709     -119.9606978407028492
     -51.6861436783507955       -2.0523568916610588     -119.9577703950037062
     -51.8146088794279009       -2.0107643104054302     -119.9551211226491603
     -51.9322278952382561       -1.9716168770673699     -119.9527318415658499
     -52.0393279908440221       -1.9350720546357369     -119.9505855762459561
     -52.1362647227404850       -1.9012481459907227     -119.9486664208808833
     -52.2234209778851408       -1.8702245052786535     -119.9469594011320197
     -52.3012059423730946       -1.8420423147626757     -119.9454503387491116
     -52.3700540014345250       -1.8167058691526918     -119.9441257223834043
     -52.4304235728953074       -1.7925165578556359     -119.9429975227128153
     -52.4827958767073284       -1.7675771645401930     -119.9420793485887486
     -52.5276736433531610       -1.7422752771625236     -119.9413501667432911
     -52.5655797644092857       -1.7169656396574673     -119.9407898123716336
     -52.5970558887087591       -1.6919688537271571     -119.9403789374778171
     -52.6226609677137134       -1.6675778436775881     -119.9400988446617617
     -52.6429697539435182       -1.6440640776824758     -119.9399313301298236
     -52.6585712564426203       -1.6216842815035417     -119.9398585278576235
     -52.6700671573989183       -1.6006886353920911     -119.9398627435789564
     -52.6780701941374900       -1.5813320947242433     -119.9399262589149799
     -52.6832025108133024       -1.5638920283386157     -119.9400310660849982
     -52.6860939842135139       -1.5486991980303237     -119.9401584447924023
     -52.6873805281536249       -1.5361964747973309     -119.9402881989373242
     -52.6877023810140699       -1.5260706727331634     -119.9404096999831637
     -52.6873805281536249       -1.5159450573023516     -119.9405458693454705
     -52.6860939842135139       -1.5034430801907308     -119.9407342643545320
     -52.6832025108133024       -1.4882519273004928     -119.9409934785043674
     -52.6780701941374900       -1.4708148401104770     -119.9413324333770987
     -52.6700671573988970       -1.4514629496405682     -119.9417614276272701
     -52.6585712564424426       -1.4304739931104515     -119.9422914061025125
     -52.6429697539423458       -1.4081032941696170     -119.9429335946088315
     -52.6226609677074180       -1.3846014022756052     -119.9436993163409539
     -52.5970558886809414       -1.3602254146486445     -119.9445998996589111
     -52.5655797643037914       -1.3352471747466461     -119.9456466354916131
     -52.5276736430008739       -1.3099599877871835     -119.9468507623072497
     -52.4827958756495008       -1.2846848440172487     -119.9482234647664285
     -52.4304235699944954       -1.2597768857506113     -119.9497758754011016
     -52.3700539940810543       -1.2356241110347164     -119.9515191592914789
     -52.3012059248470393       -1.2103295724343941     -119.9534879829910921
     -52.2234209381226862       -1.1821949068011059     -119.9557135976382227
     -52.1362646364394777       -1.1512247556669251     -119.9582094012143330
     -52.0393278109194029       -1.1174606575402009     -119.9609885201004147
     -51.9322275336696038       -1.0809823387273934     -119.9640639057304412
     -51.8146081770161828       -1.0419084994530676     -119.9674484504686944
     -51.6861423558394151       -1.0003970385537475     -119.9711551209039158
     -51.5465317891414685       -0.9566446678115890     -119.9751971057325193
     -51.3955080760053704       -0.9108858761636435     -119.9795879482404644
     -51.2328333803408782       -0.8633912148372611     -119.9843416147376871
     -51.0583010257278289       -0.8144648884480070     -119.9894726864411183
     -50.8717359910162088       -0.7644416477204551     -119.9949965202308135
     -50.6729953016760248       -0.7136829953318714     -120.0009293777554831
     -50.4619683109591151       -0.6625727315584582     -120.0072885062939463
     -50.2385768596619116       -0.6115118815755594     -120.0140920039725501
     -50.0027753215141146       -0.5609130659669749     -120.0213589062626482
     -49.7545505190759982       -0.5111943882980414     -120.0291092680813705
     -49.4939214943024695       -0.4627729314074747     -120.0373640614940314
     -49.2209391130043628       -0.4160579717395579     -120.0461446729472357
     -48.9356855119591572       -0.3714440431016384     -120.0554729167550647
     -48.6382733387763722       -0.3293039940592528     -120.0653710084869346
     -48.3288447718416236       -0.2899822055990381     -120.0758609062982885
     -48.0075714551381623       -0.2537880451860610     -120.0869639245228626
     -47.6746559840948834       -0.2209892896367835     -120.0987007284407326
     -47.3303332628623679       -0.1918054553378596     -120.1110903362404088
     -46.9748718787085195       -0.1664011417943756     -120.1241497160216056
     -46.6085750939779615       -0.1448794847170765     -120.1378936766864172
     -46.2317809388906582       -0.1272759246997340     -120.1523336812085461
     -45.8448613196858048       -0.1135525847986108     -120.1674780858619158
     -45.4482202210836448       -0.1035935484207448     -120.1833314654330422
     -45.0422913646497989       -0.0972012750269599     -120.1998942864757822
     -44.6275356300951813       -0.0940943091561436     -120.2171630708242276
     -44.2044380763464844       -0.0939063951007474     -120.2351296406282728
     -43.7735038521836586       -0.0961881962252134     -120.2537818642936287
     -43.3352569386059798       -0.1005920068936468     -120.2731027293452684
     -42.8902415422231371       -0.1071235623182360     -120.2930706409309920
     -42.4390193027756553       -0.1158251127156683     -120.3136590578667295
     -41.9821675389708560       -0.1267238520646878     -120.3348371036925073
     -41.5202777003458792       -0.1398318478272103     -120.3565691709214605
     -41.0539537649675950       -0.1551461173577831     -120.3788155061049423
     -40.5838105971516256       -0.1726488532885062     -120.4015320497633468
     -40.1104722710374020       -0.1923077989165779     -120.4246710870473436
     -39.6345703959661719       -0.2140767673860028     -120.4481812603773818
     -39.1567424121821261       -0.2378962989862529     -120.4720082966891539
     -38.6776299218984221       -0.2636944445385366     -120.4960951633379409
     -38.1978769844709163       -0.2913876646338658     -120.5203828389158787
     -37.7181285027403987       -0.3208818262775164     -120.5448105884827896
     -37.2390288198743562       -0.3520732302950890     -120.5693167120592477
     -36.7612203716566484       -0.3848495778813846     -120.5938389115563609
     -36.2853419892788907       -0.4190909479549737     -120.6183149940284096
     -35.8120272685073928       -0.4546708167889689     -120.6426833240994654
     -35.3419028663045296       -0.4914571104789587     -120.6668834324054984
     -34.8755869030198085       -0.5293132771603631     -120.6908564909250003
     -34.4136872952749826       -0.5680993673822321     -120.7145458030892513
     -33.9568002041384958       -0.6076731107145765     -120.7378972583374974
     -33.5055084161265313       -0.6478909768925983     -120.7608596800497196
     -33.0603798549612975       -0.6886092115733705     -120.7833852327338633
     -32.6219660199759716       -0.7296848352811495     -120.8054296095749436
     -32.1908005833153865       -0.7709765985756886     -120.8269524017544256
     -31.7673978933132197       -0.8123458819855082     -120.8479170766843396
     -31.3522516765365147       -0.8536575381286214     -120.8682913214135795
     -30.9458336237750373       -0.8947806641754995     -120.8880468225766549
     -30.5485921863838499       -0.9355893097855285     -120.9071595739851972
     -30.1609512552904100       -0.9759631192965802     -120.9256095417360370
     -29.7833090659238735       -1.0157879059339483     -120.9433807899723092
     -29.4160371102312546       -1.0549561385653825     -120.9604612612610879
     -29.0594791070084923       -1.0933673420153722     -120.9768425131302507
     -28.7139501243561988       -1.1309284160088058     -120.9925197847113765
     -28.3797356474443276       -1.1675538671275907     -121.0074914445856962
     -28.0570908356131881       -1.2031659679830689     -121.0217589914219900
     -27.7462398114709750       -1.2376948411865774     -121.0353267912532260
     -27.4473749931822475       -1.2710784737346670     -121.0482016127040055
     -27.1606565920361369       -1.3032626746824267     -121.0603926226200713
     -26.8862121410755677       -1.3342009748759640     -121.0719110576749813
     -26.6241360985729081       -1.3638544778509725     -121.0827698290334808
     -26.3744895870537803       -1.3921916730026249     -121.0929834307713264
     -26.1373002094676785       -1.4191882139730871     -121.1025677711463402
     -25.9125619253616541       -1.4448266673839580     -121.1115398045085527
     -25.7002350450965338       -1.4690962428167895     -121.1199173567315626
     -25.5002463306518159       -1.4919925083008585     -121.1277190448156915
     -25.3124891801103864       -1.5135170927052792     -121.1349641241999109
     -25.1368238863789522       -1.5336773821695422     -121.1416722676851947
     -24.9730779992083285       -1.5524862192405211     -121.1478634607357208
     -24.8210467791393050       -1.5699616071988620     -121.1535579174065873
     -24.6804937436459255       -1.5861264225257046     -121.1587760314715894
     -24.5511512992250829       -1.6010081370166429     -121.1635383187967534
     -24.4327214556751287       -1.6146385506831917     -121.1678653326478354
     -24.3248766294890935       -1.6270535372913475     -121.1717776346599038
     -24.2272605296773698       -1.6382928021829741     -121.1752957805880158
     -24.1394891230176647       -1.6483996519222968     -121.1784403157475225
     -24.0611516759752000       -1.6574207748718350     -121.1812317789270281
     -23.9918118703422287       -1.6654060314161707     -121.1836907134442214
     -23.9310093433801754       -1.6724214300940847     -121.1858374890551602
     -23.8784124286658646       -1.6841888083873358     -121.1876085116513480
     -23.8335818207331265       -1.7032377498547191     -121.1889858341604764
     -23.7959248824539848       -1.7271531603953933     -121.1900244423420929
     -23.7648469060105185       -1.7541532585224473     -121.1907707491520796
     -23.7397463883999151       -1.7828582675585973     -121.1912662649745727
     -23.7200131502261833       -1.8121632277422517     -121.1915494966354885
     -23.7050278181490057       -1.8411599983918843     -121.1916570176180272
     -23.6941619957472476       -1.8690834746896212     -121.1916241393745537
     -23.6867787480592078       -1.8952682350716274     -121.1914854221951856
     -23.6822331115469176       -1.9191050576763862     -121.1912752091055836
     -23.6798722682186877       -1.9399840284084764     -121.1910284132285369
     -23.6790347835310726       -1.9572020634116769     -121.1907819424107515
     -23.6790841532239433       -1.9711471257410718     -121.1905541400351183
