  -62.103004320115758       -108.38971671461087       -79.293168423117052     
  -60.579004320115757       -108.37487076201334       -79.282307774566306     
  -59.055004320115756       -108.36002480941582       -79.271447126015559     
  -57.531004320115755       -108.34517885681829       -79.260586477464813     
  -51.423264858377301       -108.28568068718114       -79.217060223046516     
  -51.413510983689690       -108.28558567040866       -79.216990712938255     
  -51.399500137895174       -108.28544942459530       -79.216891041469736     
  -51.380485575054379       -108.28526497398246       -79.216756105481664     
  -51.355734047507980       -108.28502565395870       -79.216581029435119     
  -51.324527785370705       -108.28472518572794       -79.216361220034088     
  -51.286166434561139       -108.28435775642178       -79.216092424823216     
  -51.239968948086705       -108.28391810389267       -79.215770794194015     
  -51.185275425424287       -108.28340160539216       -79.215392946191017     
  -51.121448894970932       -108.28280436932077       -79.214956033468496     
  -51.047877034691560       -108.28212330671330       -79.214457795215068     
  -50.963973826255774       -108.28134969294921       -79.213891846402248     
  -50.869181138140384       -108.28047416845273       -79.213251334519967     
  -50.762970233373956       -108.27949176134207       -79.212532610978499     
  -50.644843197819007       -108.27839801849193       -79.211732395429067     
  -50.514334284668990       -108.27718914221781       -79.210847866480719     
  -50.371011171044550       -108.27586217983543       -79.209876784814682     
  -50.214476125964545       -108.27441517188512       -79.208817576342327     
  -50.044367084611643       -108.27284733301187       -79.207669424639249     
  -49.860358626407617       -108.27115925792694       -79.206432360293050     
  -49.662162854784604       -108.26935314252925       -79.205107330600200     
  -49.449530176416118       -108.26743290364786       -79.203696151882852     
  -49.222249978815661       -108.26540431655005       -79.202201415131668     
  -48.980151205976490       -108.26327538166041       -79.200626478209315     
  -48.723102830712953       -108.26105661714617       -79.198975295019238     
  -48.451014222436370       -108.25876130081248       -79.197252063271051     
  -48.163835413266206       -108.25640577174603       -79.195460726177359     
  -47.861557267417687       -108.25400995262888       -79.193604387487753     
  -47.544211550674262       -108.25159781393356       -79.191684360565915     
  -47.211870905105670       -108.24919785721566       -79.189698809402643     
  -46.864648740204942       -108.24684419897417       -79.187641275345470     
  -46.502699041628993       -108.24457764572449       -79.185498463346306     
  -46.126216110759096       -108.24244716626809       -79.183247341822778     
  -45.735434228835160       -108.24051199971173       -79.180852005267980     
  -45.330627160443498       -108.23884244387894       -79.178260897945648     
  -44.912107460825354       -108.23752025967065       -79.175406051839175     
  -44.480225583083048       -108.23663765479405       -79.172203716521992     
  -44.035368782996713       -108.23629506084986       -79.168556679401533     
  -43.577959844139315       -108.23659773618834       -79.164357854169779     
  -43.108455658514202       -108.23765181744848       -79.159494698560948     
  -42.627345706837843       -108.23956052416966       -79.153854009811852     
  -42.135150470749259       -108.24242040092015       -79.147326292689002     
  -41.632419796376439       -108.24631825634971       -79.139809791019843     
  -41.119731222156027       -108.25132854573835       -79.131213750374457     
  -40.597688333194789       -108.25751194915983       -79.121460104740862     
  -40.066919150342507       -108.26491778565283       -79.110485229542178     
  -39.528074475090236       -108.27358720434164       -79.098241891771238     
  -38.981826158810584       -108.28354933995954       -79.084696151144925     
  -38.428865326520274       -108.29482058714707       -79.069826489816876     
  -37.869900545714529       -108.30740492610788       -79.053623568416640     
  -37.305655956897091       -108.32129423423095       -79.036089784245448     
  -36.736869373973846       -108.33646871885814       -79.017238703225303     
  -36.164290344807398       -108.35289762697926       -78.997094475790448     
  -35.588678198554888       -108.37053992912243       -78.975691019959754     
  -35.010800065535378       -108.38934526277271       -78.953071193729500     
  -34.431428879667081       -108.40925494417893       -78.929285841312776     
  -33.851341378766740       -108.43020303404087       -78.904392727553585     
  -33.271316083873494       -108.45211756300591       -78.878455479967457     
  -32.692131271997368       -108.47492160261821       -78.851542592006695     
  -32.114562924817513       -108.49853403171747       -78.823726808098826     
  -31.539382660609281       -108.52287032730101       -78.795084751651402     
  -30.967355689991756       -108.54784332205061       -78.765696512325306     
  -30.399238778149378       -108.57336390001640       -78.735645171692383     
  -29.835778224723612       -108.59934168272301       -78.705016312883600     
  -29.277707882970113       -108.62568571247340       -78.673897526833642     
  -28.725747192976861       -108.65230514948452       -78.642377934962525     
  -28.180599263571317       -108.67910992391505       -78.610547692075869     
  -27.642948993668654       -108.70601134755775       -78.578497481227217     
  -27.113461230085839       -108.73292265403914       -78.546317983758684     
  -26.592778996169674       -108.75975955020164       -78.514099391347770     
  -26.081521754188955       -108.78644066902861       -78.481930886694911     
  -25.580283750308965       -108.81288802950976       -78.449900173884970     
  -25.089632409649219       -108.83902737590408       -78.418092972642825     
  -24.610106811236253       -108.86478851341217       -78.386592552037513     
  -24.142216238687826       -108.89010562917417       -78.355479248181652     
  -23.686438807354197       -108.91491756001224       -78.324829971938556     
  -23.243220180232292       -108.93916803300023       -78.294717795416716     
  -22.812972360026308       -108.96280579405386       -78.265211562744767     
  -22.396072577178952       -108.98578470086879       -78.236375579778965     
  -21.992862265329702       -109.00806374964586       -78.208269355868424     
  -21.603646129987577       -109.02960704350484       -78.180947399752753     
  -21.228691323704417       -109.05038374809288       -78.154459094988354     
  -20.868226704536298       -109.07036794279148       -78.128848582901128     
  -20.522442218701819       -109.08953851923833       -78.104154753315569     
  -20.191488366517611       -109.10787896676543       -78.080411219597437     
  -19.875475786490078       -109.12537717040156       -78.057646359350400     
  -19.574474948314762       -109.14202520433817       -78.035883398985149     
  -19.288515942352880       -109.15781909052356       -78.015140511602041     
  -19.017588389870490       -109.17275856805323       -77.995430951961183     
  -18.761641461652378       -109.18684685752226       -77.976763208748295     
  -18.520583998349952       -109.20009041316409       -77.959141164931154     
  -18.294284745636805       -109.21249868621220       -77.942564286887162     
  -18.082572700657426       -109.22408392519623       -77.927027844310132     
  -17.885237562474920       -109.23486092345877       -77.912523080189743     
  -17.702030289561016       -109.24484678311993       -77.899037376262285     
  -17.532663765062154       -109.25406073245784       -77.886554437660664     
  -17.376813566173517       -109.26252394898570       -77.875054461322890     
  -17.234118835407418       -109.27025938820817       -77.864514287844727     
  -17.104183249312445       -109.27729170598154       -77.854907599798779     
  -16.986576084556660       -109.28364716010080       -77.846205086270515     
  -16.880833378059055       -109.28935350366609       -77.838374585065097     
  -16.786459177360793       -109.29443989183767       -77.831381221003483     
  -16.702926877710482       -109.29893679971951       -77.825187542336522     
  -16.629680642105939       -109.30287598232421       -77.819753681169644     
  -16.566136900411045       -109.30630443006785       -77.815047473168462     
  -16.511685923084617       -109.30926044651515       -77.811027615859913     
  -16.465693465510487       -109.31177032395485       -77.807641496103273     
  -16.427502478435819       -109.31386354676549       -77.804836207102497     
  -16.396434879747215       -109.31557241948636       -77.802558483449857     
  -16.371793382856659       -109.31693170187776       -77.800754647062817     
  -16.352863376768433       -109.31797825453874       -77.799370566335611     
  -16.338914852773552       -109.31875069914358       -77.798351630962713     
  -16.329204372593992       -109.31928909711921       -77.797642744603166     
  -16.322977072685294       -109.31963465027276       -77.797188337282037     
  -16.319468699305858       -109.31982942651587       -77.796932399137390     
  -16.317907668875247       -109.31991611342262       -77.796818536825725     
  -10.221517148072937       -109.65845995360402       -77.352144875187705     
  -8.6975171480729365       -109.74309049206377       -77.240983580972070     
  -7.1735171480729374       -109.82772103052352       -77.129822286756436     
  -5.6495171480729365       -109.91235156898327       -77.018660992540802     
