     -12.4797446902521205       74.3736978670297617      101.3638856396788412
     -12.4808756039878901       74.3890568782400550      101.3526043688545428
     -12.4835000949724666       74.4079502312525420      101.3387111468367010
     -12.4885215912667018       74.4307552564749102      101.3219176191594073
     -12.4967838444703752       74.4566461017089694      101.3028190593442872
     -12.5091268455075806       74.4849004245425164      101.2819353195518914
     -12.5263799256437895       74.5147976283227393      101.2597858251978238
     -12.5493566371857277       74.5455563775909695      101.2369357836495425
     -12.5788503285445863       74.5762869220722280      101.2140315649068896
     -12.6156297662443642       74.6059435755477836      101.1918360033401996
     -12.6604342899568802       74.6332656904798881      101.1712721689572874
     -12.7139678278219836       74.6566919113135157      101.1534867652236755
     -12.7768905482229069       74.6742201371813366      101.1399533722284332
     -12.8498054495999678       74.6831525657041198      101.1326600095955541
     -12.9335309470490909       74.6862345403738459      101.1295708523157799
     -13.0290127495002555       74.6897250218890179      101.1260499500176593
     -13.1368865617502042       74.6936583748731238      101.1220591318371902
     -13.2577539393529094       74.6980524169536579      101.1175714024071226
     -13.3921812935928681       74.7029227457652496      101.1125602405452923
     -13.5406983387099036       74.7082825554746961      101.1069996210709121
     -13.7037966341387847       74.7141424492447470      101.1008640429657675
     -13.8819282256868597       74.7205102486759642      101.0941285644037322
     -14.0755043874795298       74.7273907878175692      101.0867688267065745
     -14.2848944685721548       74.7347856971864815      101.0787610731781143
     -14.5104248530625650       74.7426932223694109      101.0700822213734824
     -14.7523780303510801       74.7511080327766848      101.0607099265402979
     -15.0109917770424026       74.7600210228022064      101.0506226367000124
     -15.2864584484198680       74.7694190908752603      101.0397996166646948
     -15.5789244027055176       74.7792849808786002      101.0282210515325545
     -15.8884895451340160       74.7895970970939317      101.0158681061717658
     -16.2152069836905284       74.8003290279074946      101.0027225867472112
     -16.5590828333365678       74.8114494041294620      100.9887670504529353
     -16.9200761495858529       74.8229220476311241      100.9739852909390834
     -17.2980989672481265       74.8347065470691035      100.9583633759061030
     -17.6930164926715285       74.8467579074988549      100.9418894047616249
     -18.1046474348437094       74.8590271656375279      100.9245545335409417
     -18.5327644615848293       74.8714618062324035      100.9063536883987382
     -18.9770947742029286       74.8840050562508424      100.8872847180648193
     -19.4373208215136657       74.8965959400351551      100.8673485190371224
     -19.9130811762682320       74.9091698875132153      100.8465498451847679
     -20.4039715474192818       74.9216596892813982      100.8248985166651721
     -20.9095459052701038       74.9339954145767564      100.8024091598402521
     -21.4293177589823003       74.9461050616527871      100.7791018567409225
     -21.9627615577985651       74.9579150089633401      100.7550024452889659
     -22.5093142203066812       74.9693506561999214      100.7301429906517711
     -23.0683768034173937       74.9803370792831316      100.7045621886278184
     -23.6393162280175950       74.9907994692774764      100.6783053849443519
     -24.2214670986314502       75.0006640479253832      100.6514250979574996
     -24.8141336004429434       75.0098585806725566      100.6239808515416030
     -25.4165915392978619       75.0183131311798661      100.5960392190632717
     -26.0280904905622990       75.0259608649593588      100.5676738315027023
     -26.6478559719673562       75.0327385734086079      100.5389649172891211
     -27.2750917223908118       75.0385873999164659      100.5099990303130966
     -27.9089820452717383       75.0434535104276677      100.4808686327712195
     -28.5486941538439218       75.0472885363434443      100.4516713168119821
     -29.1933805838007423       75.0500501051131721      100.4225091034752353
     -29.8421816480361279       75.0517023276573099      100.3934876607755200
     -30.4942278631720747       75.0522160708308093      100.3647152296428118
     -31.1486423994884767       75.0515692253624849      100.3363015587483602
     -31.8045435500066205       75.0497469322083219      100.3083568182245386
     -32.4610471601193424       75.0467416543112193      100.2809903610468041
     -33.1172690809019201       75.0425531751392043      100.2543094683371265
     -33.7723281257143668       75.0371884643884499      100.2284181819914721
     -34.4253490200789258       75.0306612329400053      100.2034162160149862
     -35.0754647820290515       75.0229913862412729      100.1793979711829081
     -35.7218190017819097       75.0142044711155052      100.1564516478978533
     -36.3635680618209349       75.0043310666400487      100.1346583870818421
     -36.9998832590732292       74.9934061479315517      100.1140914777490849
     -37.6299528606492686       74.9814684929410618      100.0948157257711699
     -38.2529841144772362       74.9685600632982272      100.0768868942375178
     -38.8682051930470394       74.9547253738354868      100.0603512400332988
     -39.4748670951613789       74.9400109745455580      100.0452453211249093
     -40.0722455577518986       74.9244648614652107      100.0315958457793215
     -40.6596424174415603       74.9080794793945870      100.0194618872390180
     -41.2363849622382759       74.8904437337875493      100.0091955997397122
     -41.8018327629936053       74.8710189133295927      100.0012349217121539
     -42.3553795339890513       74.8493414500821217       99.9959517009112631
     -42.8964495794370748       74.8250264970771894       99.9936496651517359
     -43.4244961955284623       74.7977695130902021       99.9945631565706492
     -43.9390005630161866       74.7673473903212056       99.9988573428138352
     -44.4394708976806712       74.7336181757954705      100.0066286321249152
     -44.9254424018425595       74.6965201355820057      100.0179063393852203
     -45.3964785854553838       74.6560696219067523      100.0326550934280618
     -45.8521742208252121       74.6123576555505110      100.0507781986298994
     -46.2921596097141475       74.5655452531083967      100.0721222623073885
     -46.7161052706842739       74.5158570621375560      100.0964824922432683
     -47.1237263530138009       74.4635740843044260      100.1236093403259275
     -47.5147869266339029       74.4090252363852045      100.1532157831370142
     -47.8891011599048539       74.3525781566083879      100.1849849049624197
     -48.2465325844062178       74.2946304959392876      100.2185779381070176
     -48.5869934336656470       74.2356007640458273      100.2536410534163878
     -48.9104441161769188       74.1759202555945620      100.2898128248370426
     -49.2168927097585893       74.1160247777539780      100.3267304950768448
     -49.5063944620374059       74.0563469195325439      100.3640358836172481
     -49.7790512808355246       73.9973092219646134      100.4013812753925805
     -50.0350111655814160       73.9393175345117442      100.4384341887712111
     -50.2744675824101748       73.8827550547820380      100.4748815803986020
     -50.4976587805955290       73.8279773096632965      100.5104337494689446
     -50.7048670248695004       73.7753077153482337      100.5448273879535890
     -50.8964177401618585       73.7250338098018574      100.5778278693647252
     -51.0726785709549631       73.6774043679997988      100.6092310580043119
     -51.2340583535555965       73.6326274529511551      100.6388647361970499
     -51.3810059872009575       73.5908690664678176      100.6665892422341955
     -51.5140092084298686       73.5522525243432597      100.6922975645267684
     -51.6335932691613309       73.5168585287631373      100.7159149537625069
     -51.7403195193893168       73.4847258902250218      100.7373981066943145
     -51.8347838964427723       73.4558528138793321      100.7567339406230928
     -51.9176153233346653       73.4283496219635481      100.7752853665108290
     -51.9894740195622944       73.4001051721701003      100.7945740182690031
     -52.0510497280766984       73.3715411916326161      100.8142752081482882
     -52.1030598628899781       73.3430435423147458      100.8340915448360420
     -52.1462475820100266       73.3149607014690190      100.8537538742893673
     -52.1813797906521302       73.2876108501254890      100.8730159493324265
     -52.2092450800171619       73.2612886969531019      100.8916493027626728
     -52.2306516071262692       73.2362728563300465      100.9094377333551762
     -52.2464249213797984       73.2128348824001165      100.9261706091549513
     -52.2574057436631492       73.1912517828459812      100.9416336695082350
     -52.2644477039563711       73.1718255620067026      100.9555947573021655
     -52.2684150435195320       73.1549175977375796      100.9677788315685376
     -52.2701802878239263       73.1410138473395364      100.9778206788552950
     -52.2706218964802005       73.1297602267653417      100.9859634066808098
     -52.2701802878239263       73.1185129412301649      100.9941148826550545
     -52.2684150435195320       73.1046345203570809      101.0041917078560232
     -52.2644477039563711       73.0877835211473155      101.0164544460122045
     -52.2574057436631492       73.0684585406038849      101.0305553380223813
     -52.2464249213797558       73.0470336368315287      101.0462368532616040
     -52.2306516071259566       73.0238236007637056      101.0632844918136470
     -52.2092450800150161       72.9991184215036952      101.0815019192594377
     -52.1813797906405838       72.9732029391408901      101.1006968504010928
     -52.1462475819589528       72.9463694877601654      101.1206720297538340
     -52.1030598626963766       72.9189270764115065      101.1412187377031699
     -52.0510497274301400       72.8912089297644883      101.1621115009934471
     -51.9894740176208572       72.8635794881010810      101.1831032089749982
     -51.9176153180107107       72.8364416832783803      101.2039200418870450
     -51.8347838829467307       72.8102355709994811      101.2242626208788039
     -51.7403194872232746       72.7828568187551070      101.2456619805871725
     -51.6335931961843642       72.7524209905400596      101.2694882637361786
     -51.5140090500399097       72.7189399629031783      101.2957472527724718
     -51.3810056569823672       72.6824669996364747      101.3244155755824210
     -51.2340576899643736       72.6430983229980001      101.3554398620498631
     -51.0726772818136823       72.6009741237315751      101.3887363066900207
     -50.8964153129536854       72.5562789672867581      101.4241907109083485
     -50.7048625858029780       72.5092415333427311      101.4616590315777671
     -50.4976508789496989       72.4601336255501138      101.5009684398107623
     -50.2744538685643860       72.4092682627384221      101.5419186912532865
     -50.0349879212123270       72.3569971412362349      101.5842842494048597
     -49.7790127478583813       72.3037074021268182      101.6278170747551428
     -49.5063319027999356       72.2498175141277699      101.6722497835941965
     -49.2167931144946635       72.1957722300195996      101.7172990479299131
     -48.9102884543191507       72.1420370509627986      101.7626697399879419
     -48.5867543223596599       72.0890920570125644      101.8080594761415654
     -48.2461712187444860       72.0374247642019441      101.8531628909701254
     -47.8885633118500778       71.9875228781183836      101.8976766359725730
     -47.5139977673704834       71.9398667922567085      101.9413046151111217
     -47.1225837762902771       71.8949213436403340      101.9837624412690644
     -46.7144712732582548       71.8531283158660870      102.0247828437822619
     -46.2898493042389276       71.8148984767098426      102.0641198710912505
     -45.8489461089795469       71.7806042754072564      102.1015533517180813
     -45.3920320549853145       71.7505721837626282      102.1368931296620133
     -44.9194224266970110       71.7250746514052935      102.1699833254197500
     -44.4314802550566199       71.7043221450799848      102.2007070750356235
     -43.9286184511123139       71.6884548518652451      102.2289909446872969
     -43.4113003986797423       71.6775347117050643      102.2548094060259700
     -42.8800386886354445       71.6715381172736556      102.2781890218716399
     -42.3353922893980581       71.6703495365371737      102.2992118473899552
     -41.7779627427207743       71.6737568839851491      102.3180185436332295
     -41.2083899300642784       71.6814480344419991      102.3348099006099119
     -40.6273472047696842       71.6930095691368336      102.3498480067241729
     -40.0355344343163324       71.7079284686561351      102.3634549910127305
     -39.4336763654985916       71.7257996237889870      102.3758677144233502
     -38.8225258021163242       71.7466087942670470      102.3870397318382715
     -38.2028591920257341       71.7703766697072183      102.3968907244236703
     -37.5754741035982391       71.7971011997025670      102.4053474089213580
     -36.9411871129187617       71.8267578772138364      102.4123440442188127
     -36.3008316113217759       71.8593001876596418      102.4178227951861828
     -35.6552555554352395       71.8946603884888873      102.4217341750651400
     -35.0053191613757448       71.9327505470658366      102.4240374634210440
     -34.3518925941982545       71.9734637665190604      102.4247010103640321
     -33.6958536668343598       72.0166756612648982      102.4237025347568277
     -33.0380855167395708       72.0622460231272441      102.4210293592327616
     -32.3794743009827926       72.1100206009610787      102.4166785054941755
     -31.7209069780957549       72.1598330300108159      102.4106567477048628
     -31.0632695724702117       72.2115067916973317      102.4029806706176515
     -30.4074453838653547       72.2648569603114908      102.3936766603941066
     -29.7543127083139609       72.3196919450566043      102.3827808880274546
     -29.1047425320302366       72.3758152902130973      102.3703392649933193
     -28.4595962028322376       72.4330273735202042      102.3564071709881773
     -27.8197231350958418       72.4911270628266209      102.3410490702169255
     -27.1859585677393376       72.5499133987409976      102.3243381425534437
     -26.5591213237639785       72.6091871152105170      102.3063556938839582
     -25.9400116005242793       72.6687520040392485      102.2871903839730123
     -25.3294088434283466       72.7284163140269158      102.2669375682229429
     -24.7280696490394973       72.7879939679622652      102.2456984731879857
     -24.1367257045585717       72.8473055115409380      102.2235791094832962
     -23.5560818411307977       72.9061791697343722      102.2006894710648908
     -22.9868141252368439       72.9644516475741653      102.1771425284817809
     -22.4295680175542032       73.0219686583787109      102.1530530090024058
     -21.8849566338663415       73.0785856814047037      102.1285366700066106
     -21.3535590093373031       73.1341682072248034      102.1037090028796825
     -20.8359185679803751       73.1885921340452370      102.0786843282427725
     -20.3325416929213638       73.2417440679183755      102.0535749770424303
     -19.8438963826994836       73.2935211871114518      102.0284900870416891
     -19.3704110288688938       73.3438314333089636      102.0035350738587141
     -18.9124732722110132       73.3925931885030280      101.9788105961874578
     -18.4704289924004037       73.4397356415127689      101.9544126799633261
     -18.0445813728527185       73.4851978205715142      101.9304311752945864
     -17.6351900843289684       73.5289281403812822      101.9069491038291346
     -17.2424706044401006       73.5708843021017884      101.8840426516228064
     -16.8665936509663759       73.6110338561709767      101.8617822159489208
     -16.5076847121947203       73.6493532381176976      101.8402314553505335
     -16.1658236881916544       73.6858270902300205      101.8194468408855187
     -15.8410446604565607       73.7204480835399636      101.7994779842597382
     -15.5333357990607102       73.7532159281038275      101.7803669114195486
     -15.2426393630364387       73.7841367768843099      101.7621479322870499
     -14.9688518505207320       73.8132229640319792      101.7448480095886936
     -14.7118242917171163       73.8404929260832006      101.7284874088113469
     -14.4713626262200936       73.8659708504754207      101.7130799814024158
     -14.2472282003469992       73.8896863254859682      101.6986334429365115
     -14.0391383985291611       73.9116740507755878      101.6851497188683027
     -13.8467673870779642       73.9319735324779543      101.6726252464573435
     -13.6697469748388993       73.9506287871088688      101.6610512614956576
     -13.5076675893510743       73.9676880571708040      101.6504140706355912
     -13.3600793718491744       73.9832035833625241      101.6406953694781095
     -13.2264933804424629       73.9972313765046579      101.6318725281669941
     -13.1063828996441814       74.0098309988110827      101.6239188591922442
     -12.9991848538655752       74.0210653611463982      101.6168038792005035
     -12.9043013210666810       74.0310005337577763      101.6104935650009367
     -12.8211017909509248       74.0397201400158025      101.6049399776872519
     -12.7492024517804943       74.0535616693327654      101.5955333732798778
     -12.6880324925915815       74.0753301789686702      101.5802348662972037
     -12.6367497402437063       74.1023621953330007      101.5609914441265573
     -12.5945171557815332       74.1326953257294718      101.5392398130235279
     -12.5604934723315775       74.1648126626277957      101.5160933372808216
     -12.5338290230871188       74.1975021169649551      101.4924446796712516
     -12.5136640497784484       74.2297700606057447      101.4690286287733727
     -12.4991282562839068       74.2607817167171049      101.4464653423589340
     -12.4893409228259991       74.2898130884499466      101.4252951733488288
     -12.4834110547517820       74.3162027735859141      101.4060136352967874
     -12.4804369061622040       74.3392890174948207      101.3891172638851543
     -12.4795037805547686       74.3583075386735715      101.3751783385914109
     -12.4797446902521205       74.3736978670297617      101.3638856396788412
