  -66.596889997430125       -111.75766430491890       -74.593099213721459     
  -65.072889997430124       -111.74053620123441       -74.581666992536555     
  -63.548889997430123       -111.72340809754991       -74.570234771351650     
  -62.024889997430122       -111.70627999386541       -74.558802550166746     
  -55.918642393771890       -111.63765240719960       -74.512996793464097     
  -55.910128047977942       -111.63755671520644       -74.512932923461236     
  -55.897897710517285       -111.63741940346723       -74.512841274192695     
  -55.881299533323038       -111.63723332517714       -74.512717075495004     
  -55.859693451798009       -111.63699157402095       -74.512555717720005     
  -55.832452912946607       -111.63668753715000       -74.512352787093604     
  -55.798966567348430       -111.63631495148806       -74.512104103293098     
  -55.758639920369575       -111.63586796297709       -74.511805758979179     
  -55.710896938113663       -111.63534118837086       -74.511454161007819     
  -55.655181603732892       -111.63472977918599       -74.511046073035885     
  -55.590959419850904       -111.63402946971803       -74.510578647391370     
  -55.517718852993198       -111.63323150653129       -74.510046040364301     
  -55.434972716077098       -111.63232657318254       -74.509442031028840     
  -55.342259485182403       -111.63130873290173       -74.508762651380664     
  -55.239144547005367       -111.63017238044803       -74.508004149270079     
  -55.125221373376476       -111.62891232903732       -74.507163041952666     
  -55.000112619481406       -111.62752390769282       -74.506236173567714     
  -54.863471143884261       -111.62600308095371       -74.505220782857847     
  -54.714980946705502       -111.62434657924905       -74.504114570963040     
  -54.554358023569009       -111.62255203969463       -74.502915765843738     
  -54.381351133157075       -111.62061815643618       -74.501623178258825     
  -54.195742476201687       -111.61854483424777       -74.500236239092061     
  -53.997348282661989       -111.61633330982896       -74.498754986360652     
  -53.786019309526779       -111.61398632261232       -74.497180046178229     
  -53.561641246787680       -111.61150830520495       -74.495512574389494     
  -53.324135029453196       -111.60890556559755       -74.493754123161622     
  -53.073457053439903       -111.60618645036178       -74.491906403433532     
  -52.809599298644095       -111.60336153927568       -74.489970948788226     
  -52.532589364094768       -111.60044394114419       -74.487948691016157     
  -52.242490409008091       -111.59744953992606       -74.485839299144303     
  -51.939401003588692       -111.59439696212689       -74.483640065656644     
  -51.623454892958790       -111.59130829498916       -74.481344940185664     
  -51.294820674990881       -111.58821003667077       -74.478943247327464     
  -50.953701380605736       -111.58513440875861       -74.476418308123712     
  -50.600333966594263       -111.58211972009765       -74.473746067926598     
  -50.234988678673304       -111.57921068589336       -74.470894800898478     
  -49.857968282753745       -111.57645874315513       -74.467825983876438     
  -49.469607221813732       -111.57392012317669       -74.464494913013553     
  -49.070270644679169       -111.57165302090723       -74.460851742864449     
  -48.660353338562579       -111.56971605860029       -74.456843983309668     
  -48.240278573739715       -111.56816681737682       -74.452419169076563     
  -47.810496878391554       -111.56705997660549       -74.447527047663485     
  -47.371484758844524       -111.56644587177603       -74.442121638117882     
  -46.923743353944005       -111.56636885544815       -74.436162630932770     
  -46.467797058932064       -111.56686696123501       -74.429616475990841     
  -46.004192111496621       -111.56797329387688       -74.422457302733648     
  -45.533495130597800       -111.56971877450360       -74.414668566358415     
  -45.056291596363550       -111.57212829461773       -74.406240340894271     
  -44.573184279192070       -111.57522074466728       -74.397169171721373     
  -44.084791623841340       -111.57900886910740       -74.387457744519253     
  -43.591746097332845       -111.58349930262109       -74.377114582648957     
  -43.094692501045827       -111.58869234348246       -74.366153468819789     
  -42.594286251387878       -111.59458234288792       -74.354593169563003     
  -42.091191634765920       -111.60115785121778       -74.342456897096866     
  -41.586080041617400       -111.60840205527248       -74.329771867069482     
  -41.079628181084459       -111.61629322115660       -74.316568777124488     
  -40.572516287382498       -111.62480503658963       -74.302881144582656     
  -40.065426310839982       -111.63390728086915       -74.288744811977082     
  -39.559040110918588       -111.64356613444231       -74.274197295637521     
  -39.054037631362412       -111.65374476081986       -74.259277607796079     
  -38.551095088772762       -111.66440346627694       -74.244025906288584     
  -38.050883159431351       -111.67550024393526       -74.228483392525064     
  -37.554065189850888       -111.68699104048483       -74.212692018017108     
  -37.061295419217693       -111.69883023345230       -74.196694325704641     
  -36.573217228765301       -111.71097098649139       -74.180533211076948     
  -36.090461419461526       -111.72336566397769       -74.164251724729482     
  -35.613644518064682       -111.73596623616854       -74.147892876473051     
  -35.143367127980959       -111.74872463947935       -74.131499418711769     
  -34.680212310628832       -111.76159317826611       -74.115113671429057     
  -34.224744025965663       -111.77452483599414       -74.098777302611310     
  -33.777505607895428       -111.78747363613977       -74.082531161314378     
  -33.339018309786461       -111.80039492049855       -74.066415077180594     
  -32.909779892410668       -111.81324563711483       -74.050467690769864     
  -32.490263288087853       -111.82598455462674       -74.034726255268453     
  -32.080915320658974       -111.83857250345244       -74.019226453083789     
  -31.682155500661310       -111.85097261988220       -74.004002227913006     
  -31.294374894690822       -111.86315050554532       -73.989085607747725     
  -30.917935059276417       -111.87507435439704       -73.974506557156474     
  -30.553167072595784       -111.88671504102621       -73.960292853867401     
  -30.200370623384451       -111.89804617622616       -73.946469991930655     
  -29.859813205830235       -111.90904413510421       -73.933061112595041     
  -29.531729388544520       -111.91968805154910       -73.920086955858267     
  -29.216320169377184       -111.92995978927659       -73.907565836031154     
  -28.913752435545508       -111.93984390425108       -73.895513647197703     
  -28.624158499076831       -111.94932755701552       -73.883943867074890     
  -28.347635731056773       -111.95840041999747       -73.872867584775605     
  -28.084246298616208       -111.96705458975309       -73.862293554589442     
  -27.834016985919696       -111.97528446349268       -73.852228244599246     
  -27.596939113141122       -111.98308661427355       -73.842675898619532     
  -27.372968556679353       -111.99045967536465       -73.833638614301492     
  -27.162025864324768       -111.99740421955438       -73.825116426008293     
  -26.963996460679539       -112.00392262110428       -73.817107386317048     
  -26.778730951559275       -112.01001893004229       -73.809607657851174     
  -26.606045523578189       -112.01569875431808       -73.802611604467799     
  -26.445722438084555       -112.02096915242905       -73.796111881418611     
  -26.297510614609823       -112.02583852457354       -73.790099515473443     
  -26.161126305183448       -112.03031651342897       -73.784563981662288     
  -26.036253858341421       -112.03441391714462       -73.779493278104212     
  -25.922546569643888       -112.03814261044737       -73.774873996455227     
  -25.819627616351831       -112.04151547338587       -73.770691388338776     
  -25.727091073749083       -112.04454632722313       -73.766929428541715     
  -25.644503010336361       -112.04724987665014       -73.763570875917296     
  -25.571402658378833       -112.04964165553011       -73.760597331915079     
  -25.507303657228388       -112.05173800362454       -73.757989316656833     
  -25.451695366071903       -112.05356704052065       -73.755733574764790     
  -25.404044241734450       -112.05514986884754       -73.753810806039951     
  -25.363795278496212       -112.05649796943067       -73.752194046404199     
  -25.330373505975022       -112.05762515679849       -73.750856623603866     
  -25.303185540588917       -112.05854729181155       -73.749772065069877     
  -25.281621186586019       -112.05928200092184       -73.748914013001581     
  -25.265055082307484       -112.05984840556310       -73.748256148864499     
  -25.252848387230657       -112.06026686501556       -73.747772129288705     
  -25.244350505231289       -112.06055873587243       -73.747435535155390     
  -25.238900839407947       -112.06074615097046       -73.747219835459276     
  -25.235830573727863       -112.06085182033986       -73.747098367320973     
  -25.234464476682493       -112.06089885638906       -73.747044333296344     
  -19.138122722083235       -112.27080182899024       -73.505912210486613     
  -17.614122722083234       -112.32327463040478       -73.445632559188397     
  -16.090122722083237       -112.37574743181932       -73.385352907890180     
  -14.566122722083234       -112.42822023323386       -73.325073256591963     
