  -64.553092961476310        32.298674650824317       -100.09339176594588     
  -63.029092961476302        32.318312439725872       -100.15424915154860     
  -61.505092961476308        32.337950228627427       -100.21510653715130     
  -59.981092961476307        32.357588017528983       -100.27596392275400     
  -53.875647470524996        32.436260884787011       -100.51977064881643     
  -53.867799545147392        32.436362010706880       -100.52008403741281     
  -53.856526440721119        32.436507435598436       -100.52053470824688     
  -53.841227280798108        32.436705105096642       -100.52114728479182     
  -53.821312020820415        32.436962947121167       -100.52194633562142     
  -53.796203031997550        32.437288888779392       -100.52295642679204     
  -53.765336650934245        32.437690877445661       -100.52420218716698     
  -53.728164690894673        32.438176905486991       -100.52570838504117     
  -53.684155910695786        32.438755038059469       -100.52750001428070     
  -53.632797437339050        32.439433443360592       -100.52960238807209     
  -53.573596138615663        32.440220417612416       -100.53204121633901     
  -53.506079942057440        32.441122364784519       -100.53483634490424     
  -53.429799096750337        32.442145371309088       -100.53800663549661     
  -53.344327374677050        32.443296787619381       -100.54157486688305     
  -53.249263207727793        32.444584009517392       -100.54556395824919     
  -53.144230757580765        32.446014508131995       -100.54999706189294     
  -53.028880917562368        32.447595872932666       -100.55489769627717     
  -52.902892241858588        32.449335852933586       -100.56028987332051     
  -52.765971800088735        32.451242397757831       -100.56619822502229     
  -52.617855955116397        32.453323697601022       -100.57264812633812     
  -52.458311062093017        32.455588220278663       -100.57966580852938     
  -52.287134085459847        32.458044733983321       -100.58727842754212     
  -52.104153128388575        32.460702288735988       -100.59551400343307     
  -51.909227887606555        32.463570244428958       -100.60440150289401     
  -51.702250022566858        32.466658280886882       -100.61397086432264     
  -51.483143437444127        32.469976384140828       -100.62425294688435     
  -51.251864469382276        32.473534773464941       -100.63527929298134     
  -51.008401984655855        32.477343780399011       -100.64708173797867     
  -50.752777411251067        32.481413847630499       -100.65969238622785     
  -50.485044675443689        32.485755457931425       -100.67314336361031     
  -50.205290030217093        32.490378929394893       -100.68746614692435     
  -49.913631808887075        32.495294258950821       -100.70269103119230     
  -49.610220121024419        32.500511106385702       -100.71884701680882     
  -49.295236426224918        32.506038569854141       -100.73596103921049     
  -48.968893018301017        32.511884913172871       -100.75405706995583     
  -48.631432485054390        32.518057573244171       -100.77315612225567     
  -48.283127027154094        32.524562848360723       -100.79327530609656     
  -47.924277711339862        32.531405638915253       -100.81442708666765     
  -47.555213699985799        32.538589446163137       -100.83661937641648     
  -47.176291319403823        32.546115945753549       -100.85985432909972     
  -46.787893139979921        32.553984979755832       -100.88412843526304     
  -46.390426950004709        32.562194379404396       -100.90943208608103     
  -45.984324651112843        32.570739748826071       -100.93574900313997     
  -45.570041153301901        32.579614574952835       -100.96305666183581     
  -45.148053127284498        32.588809946582849       -100.99132546485889     
  -44.718857795901258        32.598315534169956       -101.02052177877322     
  -44.282971592790105        32.608120389458264       -101.05061040611406     
  -43.840928840076536        32.618211851187738       -101.08155119049921     
  -43.393280338099167        32.628575214508899       -101.11329798743942     
  -42.940591942362872        32.639193894925143       -101.14579916551411     
  -42.483443094428246        32.650049420042784       -101.17899757084173     
  -42.022425317353729        32.661121599040676       -101.21283103901600     
  -41.558140695359185        32.672388599976827       -101.24723261781990     
  -41.091200304065637        32.683827144789774       -101.28213115132914     
  -40.622222649456226        32.695412647060543       -101.31745168331310     
  -40.151832044352581        32.707119436503767       -101.35311612659228     
  -39.680657020374127        32.718920939614122       -101.38904379396683     
  -39.209328658850453        32.730789923377728       -101.42515212279967     
  -38.738478991069819        32.742698705360453       -101.46135729801243     
  -38.268739291546765        32.754619393412909       -101.49757497648039     
  -37.800738481672916        32.766524112357260       -101.53372097458693     
  -37.335101395871789        32.778385221273496       -101.56971192634101     
  -36.872447202536129        32.790175551371256       -101.60546600490930     
  -36.413387658045238        32.801868583323007       -101.64090345632435     
  -35.958525557602421        32.813438685732173       -101.67594732252421     
  -35.508452997306172        32.824861239279599       -101.71052381015198     
  -35.063749865870683        32.836112863727408       -101.74456297822839     
  -34.624982141534488        32.847171483941246       -101.77799892723338     
  -34.192700431180768        32.858016529281564       -101.81077040185420     
  -33.767438339373847        32.868628950992367       -101.84282083021898     
  -33.349711052526601        32.878991372197824       -101.87409877467348     
  -32.940013830962066        32.889088084600836       -101.90455790816937     
  -32.538820621166622        32.898905101711797       -101.93415716667882     
  -32.146582730595419        32.908430187933597       -101.96286082737117     
  -31.763727460078552        32.917652779888634       -101.99063825288566     
  -31.390656990016968        32.926564082387841       -102.01746417710369     
  -31.027747086943648        32.935156876221022       -102.04331809964793     
  -30.675346126108625        32.943425595825211       -102.06818451828838     
  -30.333774026497110        32.951366191007089       -102.09205249391613     
  -30.003321292391110        32.958976017785915       -102.11491530746177     
  -29.684248255794927        32.966253871466392       -102.13677055899637     
  -29.376784223354772        32.973199766384759       -102.15761948345289     
  -29.081126834459685        32.979814885993548       -102.17746679549110     
  -28.797441529106401        32.986101556628377       -102.19632060892428     
  -28.525860994380416        32.992063047178952       -102.21419181788436     
  -28.266484787835047        32.997703499655806       -102.23109388449110     
  -28.019379087428927        33.003027914928076       -102.24704279823024     
  -27.784576451576218        33.008041994844739       -102.26205659104470     
  -27.562075710114112        33.012752049202305       -102.27615505385445     
  -27.351841976862033        33.017164954523864       -102.28935961395960     
  -27.153806755663961        33.021288114297107       -102.30169321725386     
  -26.967868103306667        33.025129350030717       -102.31317999648016     
  -26.793890911215584        33.028696846667849       -102.32384510798749     
  -26.631707284105641        33.031999111752803       -102.33371461091696     
  -26.481117014304459        33.035044949849450       -102.34281539339091     
  -26.341888141389251        33.037843432128028       -102.35117508343809     
  -26.213757589943210        33.040403848698439       -102.35882190615685     
  -26.096431902646056        33.042735687268625       -102.36578462210872     
  -25.989588057748382        33.044848618072415       -102.37209248481500     
  -25.892874367476590        33.046752482510378       -102.37777520945812     
  -25.805911454672504        33.048457285104938       -102.38286295158842     
  -25.728293304777495        33.049973188361555       -102.38738629461956     
  -25.659588390498214        33.051310511244687       -102.39137624836684     
  -25.599340864575439        33.052479738050252       -102.39486427968930     
  -25.547071817565268        33.053495999303628       -102.39789619327077     
  -25.502280598312609        33.054371446233105       -102.40050851796127     
  -25.464446192345342        33.055114210731446       -102.40272528892700     
  -25.433028654163589        33.055733287383610       -102.40457317090232     
  -25.407470589314308        33.056238434990512       -102.40608115654663     
  -25.387198682016358        33.056640079605948       -102.40728026957709     
  -25.371625263986019        33.056949220184819       -102.40820327607342     
  -25.360149920012937        33.057177337883196       -102.40888440716871     
  -25.352161125750012        33.057336309980371       -102.40935909612232     
  -25.347037913109915        33.057438329312681       -102.40966373251960     
  -25.344151558605041        33.057495830017885       -102.40983543606083     
  -25.342867289927096        33.057521420287244       -102.40991185208883     
  -19.246546006038471        33.178996393893733       -102.77265266006110     
  -17.722546006038471        33.209363536823936       -102.86333308282863     
  -16.198546006038470        33.239730679754139       -102.95401350559617     
  -14.674546006038470        33.270097822684342       -103.04469392836370     
