     -24.3498180004012070     -116.7645764787411053        0.5053666775980471
     -24.3507281079038513     -116.7644739819773179        0.5191935078304686
     -24.3527420332710101     -116.7643045300221587        0.5362029104266111
     -24.3565171293677381     -116.7640348669304871        0.5567350730383015
     -24.3626604154453439     -116.7636388550032791        0.5800469134056550
     -24.3717767766000257     -116.7630902522180065        0.6054883044029469
     -24.3844633571542460     -116.7623634724187127        0.6324103536218609
     -24.4013054733556842     -116.7614341424050082        0.6601090250665573
     -24.4228731151654124     -116.7602795913061300        0.6877820776474378
     -24.4497174820372436     -116.7588793514321850        0.7144861340834366
     -24.4823671120171440     -116.7572157319237505        0.7390833913535305
     -24.5213230275793563     -116.7552745451050811        0.7601642839476171
     -24.5670518498215671     -116.7530461323540578        0.7759212974635360
     -24.6199745701040840     -116.7505270166154361        0.7839193833552963
     -24.6807002414040184     -116.7476707205823914        0.7866353143286364
     -24.7499507198699114     -116.7444020245101228        0.7897173750681866
     -24.8281863858717067     -116.7406944767734274        0.7931988520252971
     -24.9158426090202312     -116.7365219673026075        0.7970987077576827
     -25.0133290991045278     -116.7318586167104826        0.8014345645770780
     -25.1210287676855373     -116.7266787798036205        0.8062225969388046
     -25.2392966588662730     -116.7209570493476747        0.8114774193588978
     -25.3684589536902472     -116.7146682741314265        0.8172119705353939
     -25.5088120505489577     -116.7077875878785704        0.8234373943299516
     -25.6606217242263668     -116.7002904500075289        0.8301629183727322
     -25.8241223660350983     -116.6921526995265737        0.8373957311487072
     -25.9995163123374269     -116.6833506629661912        0.8451408588395698
     -26.1869732611311328     -116.6738612979424516        0.8534010429339599
     -26.3866297634910900     -116.6636622526254001        0.8621766190418771
     -26.5985888091632070     -116.6527319793158597        0.8714653993801300
     -26.8229195075499121     -116.6410498761432279        0.8812625599886110
     -27.0596568929384169     -116.6285965756811009        0.8915605311912360
     -27.3088018063674234     -116.6153541491701873        0.9023488887953169
     -27.5703208485509457     -116.6013061927702523        0.9136142510725096
     -27.8441464504267167     -116.5864380552309001        0.9253401863206079
     -28.1301770812632945     -116.5707373058591685        0.9375071339463735
     -28.4282774969319263     -116.5541938542972815        0.9500923366001379
     -28.7382790906049372     -116.5368000851727857        0.9630697883012501
     -29.0599804179802526     -116.5185513977189089        0.9764102040431718
     -29.3931477566364698     -116.4994463949501409        0.9900810069812465
     -29.7375157435290660     -116.4794869465164169        1.0040463369831316
     -30.0927882254321979     -116.4586788009804792        1.0182670883598293
     -30.4586390780230687     -116.4370315814746419        1.0327009687830722
     -30.8347131740815570     -116.4145589882433143        1.0473025879414817
     -31.2206275043005554     -116.3912792507692302        1.0620235779420157
     -31.6159722326816386     -116.3672148980262762        1.0768127382264809
     -32.0203120275070958     -116.3423932404174792        1.0916162183162419
     -32.4331872775346426     -116.3168461689601827        1.1063777295201673
     -32.8541154385756755     -116.2906103016618147        1.1210388172505823
     -33.2825924211719908     -116.2637269456862583        1.1355391951220419
     -33.7180940418315345     -116.2362418917125098        1.1498171231327070
     -34.1600776029562425     -116.2082054105947009        1.1638098283997333
     -34.6079834059773646     -116.1796718383991873        1.1774539592284332
     -35.0612364463484099     -116.1506994852687029        1.1906860756716713
     -35.5192479883382646     -116.1213500973016721        1.2034431639869279
     -35.9814173284733485     -116.0916886088144224        1.2156631767084605
     -36.4471334229116195     -116.0617825488528325        1.2272855854987623
     -36.9157766829573859     -116.0317016320097281        1.2382519452457645
     -37.3867206380701305     -116.0015171418255164        1.2485064579073999
     -37.8593337334052151     -115.9713013840276545        1.2579965312033949
     -38.3329810092184715     -115.9411270763521173        1.2666733227568638
     -38.8070258755118616     -115.9110667132258783        1.2744922620060326
     -39.2808318304766573     -115.8811919812639388        1.2814135385777417
     -39.7537646691123783     -115.8515730713794483        1.2874024622449391
     -40.2251946349688012     -115.8222781142677889        1.2924295835706527
     -40.6944981656351956     -115.7933725679847896        1.2964707071936539
     -41.1610595088985605     -115.7649187491628737        1.2995068672596499
     -41.6242723164161248     -115.7369753277095583        1.3015242662197382
     -42.0835411612883590     -115.7095969473531056        1.3025141797586113
     -42.5382830250061730     -115.6828338478651830        1.3024728267681274
     -42.9879287237255880     -115.6567316208998477        1.3014012051282777
     -43.4319243107837565     -115.6313309355179655        1.2993048891657621
     -43.8697324489334690     -115.6066674935784704        1.2961937870475302
     -44.3008337854651302     -115.5827717762097819        1.2920818447543070
     -44.7247278823260430     -115.5596698947325933        1.2869357754944355
     -45.1409324230205513     -115.5373868119375658        1.2803608065795709
     -45.5489888302844435     -115.5159439034570710        1.2718501482125604
     -45.9484636129122563     -115.4953563227664262        1.2609680835595183
     -46.3389451592145889     -115.4756341306746208        1.2473530457835682
     -46.7200421461761053     -115.4567818185937114        1.2307192982027917
     -47.0913824375908234     -115.4387992512846353        1.2108577731301147
     -47.4526121758912893     -115.4216817767206464        1.1876360377215236
     -47.8033955701515580     -115.4054204253197469        1.1609973608660307
     -48.1434158956708131     -115.3900028623507978        1.1309587642086409
     -48.4723778396602256     -115.3754130041044732        1.0976078496740080
     -48.7900110270755789     -115.3616318779260581        1.0610982713192127
     -49.0960739046559596     -115.3486380533899762        1.0216438173669911
     -49.3903573652974544     -115.3364075094828678        0.9795112675684235
     -49.6726883291288317     -115.3249145899233099        0.9350122079786081
     -49.9429306630277665     -115.3141324895762523        0.8884942136846452
     -50.2009844550850346     -115.3040333470993488        0.8403321482137125
     -50.4467854229791968     -115.2945890550401202        0.7909197969290062
     -50.6803044191863776     -115.2857717548536129        0.7406618706652808
     -50.9015469772283424     -115.2775539594622245        0.6899664356707582
     -51.1105528804719782     -115.2699086890305864        0.6392378334375897
     -51.3073957409972650     -115.2628098858696291        0.5888701506899567
     -51.4921825484386133     -115.2562325173379065        0.5392412894351150
     -51.6650531850103150     -115.2501525833434073        0.4907076843186907
     -51.8261798953120447     -115.2445469828686981        0.4435997027662192
     -51.9757667159140055     -115.2393935841497949        0.3982177537063479
     -52.1140488483768110     -115.2346712308276580        0.3548291159157306
     -52.2412919684748900     -115.2303596253301805        0.3136654865107201
     -52.3577914718838571     -115.2264391993024049        0.2749212388835318
     -52.4638716538854197     -115.2228909785346218        0.2387523675693288
     -52.5598848215065004     -115.2196964449273509        0.2052760870036824
     -52.6462103375831205     -115.2168374010760061        0.1745710416414067
     -52.7232535978373988     -115.2142958627829330        0.1466780766150832
     -52.7914449408304378     -115.2120539505492900        0.1216015110386671
     -52.8512384927881342     -115.2100952036389145        0.0976587032445748
     -52.9031109497214587     -115.2084019242150390        0.0729703265587864
     -52.9475602993305330     -115.2069539419209860        0.0479205133403166
     -52.9851044858278968     -115.2057314512270807        0.0228608515396030
     -53.0162800209770566     -115.2047149387418870       -0.0018908976738258
     -53.0416405448391259     -115.2038851052063109       -0.0260443925107687
     -53.0617553399880109     -115.2032227939313742       -0.0493305451115055
     -53.0772078031060346     -115.2027089283267998       -0.0714948688595099
     -53.0885938780055540     -115.2023244614349267       -0.0922893569926370
     -53.0965204542401352     -115.2020503411987988       -0.1114612673461234
     -53.1016037355706416     -115.2018674972803325       -0.1287356492601681
     -53.1044675826401686     -115.2017568605663200       -0.1437846552254290
     -53.1057418342873007     -115.2016994368665337       -0.1561693770353802
     -53.1060606119907064     -115.2016750712839581       -0.1661998481891572
     -53.1057418342873007     -115.2016704951839472       -0.1762303478929443
     -53.1044675826401686     -115.2016921841886017       -0.1886151838376896
     -53.1016037355706345     -115.2017593985508626       -0.2036644463862152
     -53.0965204542401281     -115.2018923987927366       -0.2209392839642202
     -53.0885938780055255     -115.2021111999081597       -0.2401119054484583
     -53.0772078031057575     -115.2024356654890909       -0.2609074163485658
     -53.0617553399861777     -115.2028855767669313       -0.2830731305238178
     -53.0416405448292778     -115.2034806962105336       -0.3063610972016824
     -53.0162800209335145     -115.2042408346183890       -0.3305168858649601
     -52.9851044856628377     -115.2051859250188386       -0.3552714650391193
     -52.9475602987792797     -115.2063361043389165       -0.3803345497972861
     -52.9031109480662067     -115.2077118027614375       -0.4053884365010453
     -52.8512384882489954     -115.2093338402301725       -0.4300815955520915
     -52.7914449293238164     -115.2112234954604730       -0.4540299537423859
     -52.7232535704127585     -115.2133930438418616       -0.4791128794746030
     -52.6462102753628969     -115.2158540913608249       -0.5070130515767962
     -52.5598846864622473     -115.2186245306030372       -0.5377261955944961
     -52.4638713723371666     -115.2217224648709220       -0.5712115046331449
     -52.3577909060939817     -115.2251663208449628       -0.6073903607097390
     -52.2412908693208635     -115.2289749590818957       -0.6461455549036423
     -52.1140467788603914     -115.2331678112926312       -0.6873210621915947
     -51.9757629309860789     -115.2377650191736080       -0.7307224187185750
     -51.8261731579802500     -115.2427875694016564       -0.7761177398517413
     -51.6650414917844856     -115.2482574225848708       -0.8232394063568206
     -51.4921627287047556     -115.2541976292174155       -0.8717864335615255
     -51.3073628847549514     -115.2606323234878261       -0.9214275238217954
     -51.1104995368702717     -115.2675866546710211       -0.9718047888062645
     -50.9014620522575996     -115.2750869249718448       -1.0225381143801968
     -50.6801716843194754     -115.2831605907347523       -1.0732301195371705
     -50.4465815267161233     -115.2918361744658284       -1.1234716461619367
     -50.2006763047598454     -115.3011428733667714       -1.1728476959952596
     -49.9424720121956724     -115.3111104594378986       -1.2209437203867854
     -49.6720153613094553     -115.3217692084781021       -1.2673521412772113
     -49.3893829989100652     -115.3331494767824950       -1.3116789579241157
     -49.0946804404492028     -115.3452809937500376       -1.3535502727715145
     -48.7880407758414165     -115.3581929067089504       -1.3926185539120606
     -48.4696248233601068     -115.3719133058697253       -1.4285685786630442
     -48.1396237085652601     -115.3864680378261909       -1.4611235485481624
     -47.7982613828104945     -115.4018805651415818       -1.4900515658096327
     -47.4457971500636191     -115.4181711663159291       -1.5151723690417760
     -47.0825276015567766     -115.4353557147788081       -1.5363642532048245
     -46.7087872984391481     -115.4534457577187396       -1.5535709435000797
     -46.3249478199492373     -115.4724473370027198       -1.5668080016111949
     -45.9314155262379771     -115.4923607773896066       -1.5761683900355388
     -45.5286284957536438     -115.5131805497013886       -1.5818268640150248
     -45.1170530754711763     -115.5348945003529906       -1.5840429791782444
     -44.6971799552796085     -115.5574845286195824       -1.5831625966402363
     -44.2695184072347914     -115.5809259435511649       -1.5796164941372635
     -43.8345951315276707     -115.6051906717104742       -1.5737372887904904
     -43.3929571710354551     -115.6302497178436397       -1.5655097439258878
     -42.9451683926594541     -115.6560694743185422       -1.5548848617404671
     -42.4918075574236624     -115.6826106782371397       -1.5418309616702714
     -42.0334667777995818     -115.7098288764020424       -1.5263337046364915
     -41.5707498964089410     -115.7376743685877045       -1.5083959435970837
     -41.1042708198820392     -115.7660927277774903       -1.4880374086440074
     -40.6346518404435528     -115.7950249600937411       -1.4652942142963965
     -40.1625219357885044     -115.8244081310432989       -1.4402182050196961
     -39.6885150986985309     -115.8541756786179349       -1.4128761381397326
     -39.2132686489162836     -115.8842581414929640       -1.3833487260246558
     -38.7374216086998047     -115.9145835787514756       -1.3517295437373724
     -38.2616130904364411     -115.9450783532332849       -1.3181238320741930
     -37.7864811837699861     -115.9756676028435436       -1.2826472944040852
     -37.3126617360297175     -116.0062759886147745       -1.2454250256342541
     -36.8407868037877790     -116.0368282539489684       -1.2065904477147325
     -36.3714829623644107     -116.0672499308282255       -1.1662842010593117
     -35.9053697589057990     -116.0974679404646537       -1.1246529999712145
     -35.4430580428957569     -116.1274111718625193       -1.0818484659943783
     -34.9851484720218906     -116.1570110903279840       -1.0380259524642068
     -34.5322298758855624     -116.1862021468151909       -0.9933433706543463
     -34.0848778237773971     -116.2149223642425682       -0.9479600330866311
     -33.6436530349722531     -116.2431135534995263       -0.9020355206176001
     -33.2091000178164251     -116.2707218582776250       -0.8557285900451427
     -32.7817455442727947     -116.2976977677297015       -0.8091961250177699
     -32.3620973629979289     -116.3239965773512381       -0.7625921468580233
     -31.9506427692178683     -116.3495782539652197       -0.7160668852232670
     -31.5478473810068394     -116.3744077424955918       -0.6697659226509712
     -31.1541538283652848     -116.3984548107473103       -0.6238294075382834
     -30.7699805220716058     -116.4216940419726853       -0.5783913273624244
     -30.3957205718979964     -116.4441048516874417       -0.5335788571706760
     -30.0317406690485740     -116.4656710568534805       -0.4895118015953370
     -29.6783802014891371     -116.4863810775131867       -0.4463021371428370
     -29.3359502534769803     -116.5062273560862565       -0.4040536463778074
     -29.0047327907257682     -116.5252062775723516       -0.3628616468490225
     -28.6849799071428748     -116.5433180138910387       -0.3228128075293662
     -28.3769130542094068     -116.5605659330709614       -0.2839850467100700
     -28.0807224669065008     -116.5769565930247893       -0.2464475082511175
     -27.7965666092103696     -116.5924994164862909       -0.2102606062662896
     -27.5245716681081767     -116.6072061941628277       -0.1754761317454206
     -27.2648312042616361     -116.6210909935464599       -0.1421374143890992
     -27.0174058676893303     -116.6341699500960232       -0.1102795304209445
     -26.7823231586660420     -116.6464608153717393       -0.0799295486842048
     -26.5595773169270046     -116.6579827525600308       -0.0511068079883141
     -26.3491293188715474     -116.6687562626907351       -0.0238232178928755
     -26.1509069429086800     -116.6788029252265630        0.0019164227277919
     -25.9648049283226818     -116.6881451399072347        0.0261140920188923
     -25.7906852304138496     -116.6968059921937027        0.0487782058429080
     -25.6283773675447684     -116.7048091503127836        0.0699232809661346
     -25.4776788633308016     -116.7121788047350606        0.0895696047815831
     -25.3383557655364946     -116.7189395125669336        0.1077429144936929
     -25.2101432608603631     -116.7251161100040946        0.1244740880596285
     -25.0927463802162585     -116.7307336639711650        0.1397988483926936
     -24.9858407891770611     -116.7358174368081762        0.1537574815547176
     -24.8890736611808023     -116.7403928629690029        0.1663945689583153
     -24.8020646309778172     -116.7444855373736345        0.1777587329493711
     -24.7244068260345848     -116.7481212188084498        0.1879023945724964
     -24.6556679706874746     -116.7513258260989062        0.1968815418279990
     -24.5953921173207455     -116.7541253955826051        0.2047685933875217
     -24.5433386274375103     -116.7565247625393283        0.2172531759673104
     -24.4991105245935152     -116.7585390342851355        0.2368551175617140
     -24.4620819884303273     -116.7602015935863022        0.2611839643282746
     -24.4316349108046538     -116.7615444365511337        0.2884784533338505
     -24.4071506292971456     -116.7625992604560707        0.3173767951410164
     -24.3880060953414990     -116.7633979356290297        0.3467903518708603
     -24.3735721575111448     -116.7639726950136492        0.3758261617510626
     -24.3632129028275806     -116.7643561943748693        0.4037335080302940
     -24.3562854705662843     -116.7645815287807949        0.4298608439110261
     -24.3521398887901590     -116.7646822719284074        0.4536125850785807
     -24.3501183692856031     -116.7646926222082016        0.4743925838782287
     -24.3495531213461192     -116.7646477949936354        0.4915122602731475
     -24.3498180004012070     -116.7645764787411053        0.5053666775980471
