  -63.355702381014069        37.092101006537192       -113.81486685358969     
  -61.831702381014068        37.102884545513412       -113.84795549022141     
  -60.307702381014067        37.113668084489632       -113.88104412685313     
  -58.783702381014066        37.124451623465852       -113.91413276348484     
  -52.678070194137490        37.167653934923628       -114.04669644120035     
  -52.670067157398911        37.167710562914834       -114.04687020076373     
  -52.658571256442535        37.167792025585946       -114.04712016403941     
  -52.642969753942928        37.167902807603518       -114.04746009195509     
  -52.622660967710566        37.168047404987405       -114.04790378027622     
  -52.597055888694854        37.168230341169711       -114.04846510888302     
  -52.565579764356535        37.168456186115520       -114.04915810044632     
  -52.527673643177017        37.168729578134986       -114.04999698737285     
  -52.482795876178415        37.169055247986869       -114.05099628580687     
  -52.430423571444898        37.169438044861352       -114.05217087546117     
  -52.370053997757793        37.169786966278096       -114.05324152139907     
  -52.301205933610078        37.170279801794145       -114.05475376167563     
  -52.223420958003906        37.170837329840829       -114.05646451313490     
  -52.136264679589971        37.171463175666382       -114.05838490679329     
  -52.039327900881716        37.172161004324408       -114.06052620289313     
  -51.932227714453930        37.172934570912282       -114.06289995089504     
  -51.814608528222038        37.173787777132880       -114.06551817282664     
  -51.686143017095098        37.174724732261630       -114.06839356626713     
  -51.546532998500517        37.175749815791988       -114.07153972168078     
  -51.395510228699969        37.176867730046304       -114.07497132245527     
  -51.232837116500320        37.178083524616660       -114.07870427785863     
  -51.058307358373455        37.179402646944084       -114.08275596341498     
  -50.871746488887744        37.180830966533783       -114.08714541796803     
  -50.673012345277058        37.182374767106708       -114.09189349346316     
  -50.461995444704591        37.184040694933131       -114.09702293883673     
  -50.238619268299786        37.185835603581154       -114.10255825702555     
  -50.002840465323111        37.187766420941792       -114.10852574997895     
  -49.754648970193024        37.189839957076444       -114.11495353855733     
  -49.494068026771636        37.192062582822942       -114.12187138990753     
  -49.221154113346437        37.194439694026016       -114.12931015338454     
  -48.935996798069056        37.196975221347245       -114.13730168577921     
  -48.638718508068287        37.199670980956228       -114.14587875177439     
  -48.329474194263540        37.202525639441767       -114.15507435782671     
  -48.008450922598989        37.205533636271063       -114.16492140291119     
  -47.675867391430650        37.208684485970956       -114.17545266542376     
  -47.331973326251074        37.211962203612046       -114.18669972503344     
  -46.977048805697486        37.215345372928340       -114.19869232528872     
  -46.611403509925132        37.218807794694477       -114.21145789479549     
  -46.235375847090850        37.222319202179136       -114.22501992866611     
  -45.849332046767486        37.225846650080236       -114.23939765296447     
  -45.453665147497240        37.229355684425364       -114.25460484331583     
  -45.048793923184363        37.232811535312592       -114.27064899173830     
  -44.635161760677917        37.236180328827771       -114.28753106206500     
  -44.213235442433344        37.239429809567476       -114.30524442520765     
  -43.783503920770364        37.242530081946583       -114.32377539162691     
  -43.346476999156920        37.245454682559703       -114.34310650169814     
  -42.902683998980720        37.248182479261743       -114.36322259943988     
  -42.452672346110113        37.250695205528800       -114.38410342514204     
  -41.997006133355114        37.252977199999137       -114.40572301062974     
  -41.536264627790366        37.255015205044657       -114.42804935038144     
  -41.071040745914473        37.256798411346765       -114.45104494152677     
  -40.601939496461242        37.258318256855709       -114.47466670971571     
  -40.129576383911107        37.259568412749054       -114.49886664273102     
  -39.654575801154763        37.260544556040934       -114.52359191019947     
  -39.177569375321127        37.261244305882045       -114.54878560852374     
  -38.699194326356512        37.261666970082217       -114.57438704085131     
  -38.220091767874223        37.261813438746628       -114.60033254279030     
  -37.740905047093712        37.261685918613175       -114.62655589272580     
  -37.262278013757431        37.261287841070875       -114.65298914714747     
  -36.784853353004948        37.260623772325964       -114.67956310240716     
  -36.309270836601996        37.259699461257512       -114.70620803772009     
  -35.836165663231768        37.258521809800783       -114.73285423189790     
  -35.366166713212927        37.257098885990743       -114.75943262388283     
  -34.899894910274632        37.255439896840038       -114.78587535804428     
  -34.437961498549186        37.253555161502341       -114.81211633244833     
  -33.980966442203616        37.251456079562367       -114.83809173120852     
  -33.529496741322660        37.249155061412800       -114.86374043171806     
  -33.084124890021485        37.246665488691136       -114.88900449480774     
  -32.645407245998740        37.244001601400072       -114.91382941088389     
  -32.213882571236802        37.241178457090712       -114.93816455017881     
  -31.790070469159296        37.238211766514233       -114.96196320569385     
  -31.374470027973505        37.235117855869838       -114.98518300012914     
  -30.967558350078619        37.231913462270732       -115.00778574592363     
  -30.569789302995808        37.228615693296994       -115.02973778441100     
  -30.181592185433836        37.225241799960429       -115.05100975479600     
  -29.803370565843956        37.221809075307547       -115.07157672964665     
  -29.435501144796092        37.218334690882614       -115.09141809948127     
  -29.078332662335018        37.214835512392405       -115.11051732102662     
  -28.732184979366167        37.211328054746382       -115.12886203207863     
  -28.397348108683527        37.207828259755807       -115.14644355182924     
  -28.074081435779053        37.204351450506081       -115.16325686442205     
  -27.762612992788618        37.200912241998786       -115.17930041154304     
  -27.463138771859189        37.197524387413544       -115.19457562984431     
  -27.175822211604807        37.194200781256107       -115.20908692583772     
  -26.900793728121418        37.190953388364342       -115.22284137959538     
  -26.638150318425414        37.187793149014873       -115.23584833559347     
  -26.387955304872310        37.184729987414926       -115.24811928266699     
  -26.150238165360189        37.181772813380505       -115.25966768838278     
  -25.924994423101094        37.178929461099713       -115.27050861795867     
  -25.712185656626968        37.176206691118118       -115.28065853485697     
  -25.511739614265018        37.173610224773554       -115.29013519058226     
  -25.323550413180225        37.171144766076225       -115.29895746202268     
  -25.147478818109796        37.168813998268604       -115.30714510640263     
  -24.983352624867955        37.166620614771837       -115.31471863033389     
  -24.830967135255364        37.164566354313671       -115.32169918218315     
  -24.690085722844810        37.162652042826394       -115.32810847728469     
  -24.560440484329980        37.160877631384935       -115.33396872385286     
  -24.441732971073343        37.159242220223241       -115.33930251872439     
  -24.333635008428683        37.157744096152307       -115.34413279759721     
  -24.235789596341164        37.156380771615332       -115.34848280242116     
  -24.147811888045613        37.155149023763968       -115.35237605944884     
  -24.069290244077092        37.154044933743656       -115.35583636656125     
  -23.999787358605658        37.153063926445746       -115.35888778833643     
  -23.938841465340609        37.152294945798843       -115.36184895014533     
  -23.885967557264205        37.151545061714906       -115.36415933122552     
  -23.840658773037870        37.150906758634434       -115.36615263337414     
  -23.802387735832042        37.150370684443111       -115.36784601138551     
  -23.770608001417205        37.149927680103310       -115.36925891150275     
  -23.744755545623082        37.149568735553430       -115.37041280082788     
  -23.724250298332713        37.149284948426022       -115.37133090188421     
  -23.708497719765973        37.149067486539650       -115.37203793546541     
  -23.696890414697325        37.148907555023136       -115.37255987474629     
  -23.688809780156237        37.148796368844181       -115.37292371343185     
  -23.683627682074125        37.148725131426765       -115.37315725048741     
  -23.680708156272324        37.148685019951571       -115.37328889372721     
  -23.679409129129350        37.148667177838654       -115.37334748424530     
  -17.583084153223943        37.064934271107717       -115.64831236141532     
  -16.059084153223942        37.044002160309439       -115.71704991632969     
  -14.535084153223943        37.023070049511162       -115.78578747124405     
  -13.011084153223942        37.002137938712885       -115.85452502615841     
