     -20.7411158427782070       40.8376118017339564     -127.8020783801938052
     -20.7422188167506363       40.8236751093075299     -127.8065272853815486
     -20.7445235778965653       40.8065373325471441     -127.8119926904301025
     -20.7487302671941904       40.7858603886557987     -127.8185787913456721
     -20.7554748468274077       40.7623982467113706     -127.8260411979471201
     -20.7653919623871133       40.7368111645778015     -127.8341657389776174
     -20.7791080908533417       40.7097581824046912     -127.8427390692291254
     -20.7972366540910372       40.6819539988052554     -127.8515306769468225
     -20.8203738913048966       40.6542124340693007     -127.8602791963434839
     -20.8490947698772686       40.6274897743145686     -127.8686787746461135
     -20.8839483621947153       40.6029385715904994     -127.8763621099272996
     -20.9254519398463188       40.5819857019887422     -127.8828757429358092
     -20.9740824250327087       40.5664596903631747     -127.8876396024668622
     -21.0302622025967096       40.5588223047783032     -127.8898732140026482
     -21.0998802048710452       40.4608508493204795     -127.9206663998570832
     -21.1734299475739043       40.4563461496213890     -127.9218390951021718
     -21.2565256913456970       40.4512562093194603     -127.9231607287912311
     -21.3496309630102346       40.4455527399453629     -127.9246373905218093
     -21.4531822351877892       40.4392092988615985     -127.9262744710849802
     -21.5675877264651881       40.4322014367739015     -127.9280766152190267
     -21.6932262735366450       40.4245068528234057     -127.9300476764354073
     -21.8304462783353976       40.4161055566495051     -127.9321906741869554
     -21.9795647330142003       40.4069800367680259     -127.9345077539852298
     -22.1408663253547289       40.3971154344617887     -127.9370001510544199
     -22.3146026275133487       40.3864997230092229     -127.9396681606281589
     -22.5009913707416906       40.3751238917294870     -127.9425111175678609
     -22.7002158047759828       40.3629821287173343     -127.9455273710193097
     -22.9124241467824206       40.3500720045556065     -127.9487142673634139
     -23.1377291215523755       40.3363946545631578     -127.9520681406724094
     -23.3762076017502238       40.3219549611924180     -127.9555843215302531
     -23.6279003630938753       40.3067617347062139     -127.9592571477298861
     -23.8928119265122838       40.2908278868868805     -127.9630799593971773
     -24.1709104929331602       40.2741706012135054     -127.9670451139047742
     -24.4621279865477987       40.2568115009426890     -127.9711440379473970
     -24.7663601939293940       40.2387767897690338     -127.9753672465797365
     -25.0834670071618007       40.2200973718292332     -127.9797043613629910
     -25.4132727857490615       40.2008089665468802     -127.9841441880133885
     -25.7555668164403038       40.1809521851831164     -127.9886747594166536
     -26.1101038772934047       40.1605725729160810     -127.9932833672218493
     -26.4766049279201710       40.1397206408036311     -127.9979566705153360
     -26.8547578865708161       40.1184518360719196     -128.0026807277949956
     -27.2442185265342722       40.0968264891074071     -128.0074410842018438
     -27.6446114812103012       40.0749097219848380     -128.0122228746069197
     -28.0555313345010191       40.0527712871580306     -128.0170108500601600
     -28.4765438391694481       40.0304853905981020     -128.0217895072646570
     -28.9071871997428715       40.0081304342544684     -128.0265431179939242
     -29.3469734446092545       39.9857887312611098     -128.0312558484356202
     -29.7953897495255831       39.9635461148487892     -128.0359118179513871
     -30.2518999023894750       39.9414914728942350     -128.0404952172346214
     -30.7159458593539796       39.9197162027399415     -128.0449903920556380
     -31.1869493833911484       39.8983136013279207     -128.0493819206477326
     -31.6643137261165073       39.8773782041421754     -128.0536547136111949
     -32.1474253776868863       39.8570050709149442     -128.0577941111683913
     -32.6356558447186629       39.8372890279499359     -128.0617859866755168
     -33.1283634862022538       39.8183238706917919     -128.0656168414955118
     -33.6248953576948750       39.8002015334590382     -128.0692738833898829
     -34.1245891037012612       39.7830112101261264     -128.0727450030495049
     -34.6267748398200652       39.7668385216776699     -128.0760189217293998
     -35.1307770702571318       39.7517646515574725     -128.0790852181083892
     -35.6359165809138361       39.7378655225219859     -128.0819344326283442
     -36.1415123485386758       39.7252109687607629     -128.0845580608247474
     -36.6468834932282661       39.7138639839732193     -128.0869486348367161
     -37.1513519722278076       39.7038801252042930     -128.0890997108766669
     -37.6542452845729159       39.6953072189911680     -128.0910057663055852
     -38.1548984032115754       39.6881852295827997     -128.0926621659175169
     -38.6526555669551684       39.6825461362252341     -128.0940649657888173
     -39.1468719845997484       39.6784139489583154     -128.0952109782953983
     -39.6369154758735078       39.6758046843197860     -128.0960975210089714
     -40.1221680263429974       39.6747265206168009     -128.0967225550128035
     -40.6020272958633655       39.6751798829506015     -128.0970843985799377
     -41.0759080684873723       39.6771577428269069     -128.0971819217718917
     -41.5432436970314214       39.6806458464196581     -128.0970142749052343
     -42.0034875589155448       39.6856231729152569     -128.0965810843239865
     -42.4561137652201452       39.6921310815733932     -128.0958608694819247
     -42.9006149359158044       39.7006977683821205     -128.0946798644103524
     -43.3365110461870486       39.7120017622618846     -128.0928160079980671
     -43.7633509946452719       39.7266248012436662     -128.0900758489710256
     -44.1807062209000279       39.7450475329033921     -128.0862955269023757
     -44.5881672618521137       39.7676474226428240     -128.0813419185056716
     -44.9853410851582751       39.7946976330247608     -128.0751126447722470
     -45.3718488626303440       39.8263673703717558     -128.0675365459928230
     -45.7473249852398141       39.8627233328067021     -128.0585733225788658
     -46.1114181631014119       39.9037326012958431     -128.0482129423005802
     -46.4637950107046294       39.9492671206766303     -128.0364745103837834
     -46.8041456319145723       39.9991099074468934     -128.0234043841067830
     -47.1321899166985574       40.0529633026684166     -128.0090745090668065
     -47.4476834903297942       40.1104586237374221     -127.9935796594054978
     -47.7504235655635227       40.1711672339675019     -127.9770344116164722
     -48.0402502837884740       40.2346124795703304     -127.9595700006702401
     -48.3170452872014238       40.3002813611118853     -127.9413307626731893
     -48.5807305221267143       40.3676358522994860     -127.9224708543816291
     -48.8312672838264774       40.4361237712594175     -127.9031511970299135
     -49.0686554071329226       40.5051890079304115     -127.8835363129727796
     -49.2929325459347893       40.5742810781347600     -127.8637912708193198
     -49.5041735059109840       40.6428639859598491     -127.8440789759268625
     -49.7024895969498388       40.7104242341104694     -127.8245575655348460
     -49.8880279851535064       40.7764779336045180     -127.8053779811304196
     -50.0609710279458042       40.8405769526112437     -127.7866817049291086
     -50.2215355794915084       40.9023141821270357     -127.7685990247398280
     -50.3699722544221729       40.9613277960735047     -127.7512475064597481
     -50.5065646408321030       41.0173045070803823     -127.7347306861927052
     -50.6316284556158394       41.0699818612158865     -127.7191370686171723
     -50.7455106366553963       41.1191496058969079     -127.7045394358654704
     -50.8485883677539547       41.1646501823470174     -127.6909944748219914
     -50.9412680359037395       41.2063783760994866     -127.6785426306150839
     -51.0239841179779248       41.2442802221968279     -127.6672082513081676
     -51.0971979970620751       41.2783512437318549     -127.6569999996642224
     -51.1613967091108748       41.3975192853200511     -127.6191128104728563
     -51.2170916283753996       41.4228966262650928     -127.6114940110786478
     -51.2648170761483044       41.4486168236844392     -127.6036716614802771
     -51.3051288831538557       41.4743224251300617     -127.5957672070517930
     -51.3386028855897010       41.4996907027513444     -127.5878915010673182
     -51.3658333698789065       41.5244271007849619     -127.5801468528121063
     -51.3874314678631805       41.5482589278240795     -127.5726289984867066
     -51.4040235067589748       41.5709285507964879     -127.5654292385550264
     -51.4162493183395455       41.5921850901226051     -127.5586370692693663
     -51.4247605119260598       41.6117729588229182     -127.5523438506149887
     -51.4302187158717601       41.6294140186138222     -127.5466485657225917
     -51.4332937923075733       41.6447762564294308     -127.5416679909965580
     -51.4346620299861783       41.6574144354765608     -127.5375560299589210
     -51.4350043201157590       41.6676473254519451     -127.5342170582110271
     -51.4346620299861783       41.6778776817222010     -127.5308703314274510
     -51.4332937923075733       41.6905057340783785     -127.5267273751288712
     -51.4302187158717601       41.7058452200160161     -127.5216771626109562
     -51.4247605119260598       41.7234459214874178     -127.5158583510257557
     -51.4162493183395100       41.7429709238522975     -127.5093727142872240
     -51.4040235067586266       41.7641373002838705     -127.5023045789967568
     -51.3874314678607789       41.7866848259572166     -127.4947311098586482
     -51.3658333698659888       41.8103581757697071     -127.4867281964962871
     -51.3386028855325449       41.8348955086296144     -127.4783742596917193
     -51.3051288829372183       41.8600202109101858     -127.4697530307538500
     -51.2648170754248795       41.8854341413594540     -127.4609558448204893
     -51.2170916262031923       41.9108113764202912     -127.4520837743101680
     -51.1613967031541392       41.9357917123302713     -127.4432498446030024
     -51.0971979771042299       42.0543415417027262     -127.4034704698146356
     -51.0239840704116858       42.0878674049084367     -127.3915936430020963
     -50.9412679279891947       42.1251500066524045     -127.3783639546710020
     -50.8485881335393586       42.1661806102571148     -127.3637770588580906
     -50.7455101483641542       42.2109012676959239     -127.3478451708672026
     -50.6316274743916352       42.2592031476955370     -127.3305977770914552
     -50.5065627346810402       42.3109255547759844     -127.3120821682933155
     -50.3699686655998846       42.3658557143295198     -127.2923637702266433
     -50.2215290161711607       42.4237293596362619     -127.2715261632879020
     -50.0609593454566593       42.4842321971122061     -127.2496708475737961
     -49.8880077101117223       42.5470022795077440     -127.2269167190010108
     -49.7024552329522891       42.6116333027011223     -127.2033992360460246
     -49.5041165418934312       42.6776787973623684     -127.1792691858640012
     -49.2928400675385134       42.7446571931975114     -127.1546910450322514
     -49.0685081870893853       42.8120578253860060     -127.1298412733554954
     -48.8310371987468912       42.8793477039634467     -127.1049062101984646
     -48.5803771088180838       42.9459789708898185     -127.0800796314577923
     -48.3165112091669329       43.0113969186099752     -127.0555599528104267
     -48.0394554231878459       43.0750485259273361     -127.0315473884462278
     -47.7492573790206194       43.1363912816867696     -127.0082409103574861
     -47.4459951531177282       43.1949020452041594     -126.9858348851082326
     -47.1297756007008886       43.2500858452162831     -126.9645158222823795
     -46.8007322918687976       43.3014843869155399     -126.9444593941047401
     -46.4590260399850692       43.3486840103949191     -126.9258271881005555
     -46.1048497292667676       43.3913239066135148     -126.9087635959579217
     -45.7384330093448099       43.4291047604130895     -126.8933926937565246
     -45.3600471019554874       43.4617974508574605     -126.8798144012023954
     -44.9700086644099457       43.4892521754238572     -126.8681013364669639
     -44.5686814354877683       43.5114073160394170     -126.8582954336754796
     -44.1564752048209073       43.5282976365025647     -126.8504047381836841
     -43.7338425362320820       43.5400613516568313     -126.8444007141692964
     -43.3012741089027031       43.5469454926291775     -126.8402157166014348
     -42.8592934867242334       43.5493097198569927     -126.8377419178551833
     -42.4084510052026999       43.5476278633722274     -126.8368302141622337
     -41.9493146322375026       43.5424859500726171     -126.8372912898910982
     -41.4824687305381659       43.5343373082956546     -126.8389793815513542
     -41.0085199745195723       43.5231692376000581     -126.8419069724160551
     -40.5280921017486122       43.5089228256224985     -126.8461001570470046
     -40.0418234792431136       43.4915612680384172     -126.8515754052581173
     -39.5503653480654904       43.4710697507732178     -126.8583392416316400
     -39.0543799533667411       43.4474553021939514     -126.8663885577295929
     -38.5545386338714451       43.4207462644661106     -126.8757105557046287
     -38.0515198823854064       43.3909917006004306     -126.8862832410440404
     -37.5460074245701279       43.3582604767775166     -126.8980756775749512
     -37.0386883176588029       43.3226402328862719     -126.9110485827282844
     -36.5302510933280189       43.2842361274459648     -126.9251548731290313
     -36.0213839529833351       43.2431694411164287     -126.9403403382309961
     -35.5127730836850901       43.1995760656025851     -126.9565444240841430
     -35.0051017436553877       43.1536049646874744     -126.9737009183549787
     -34.4990492979055503       43.1054168509887319     -126.9917387428084368
     -33.9952895486314333       43.0551828086666077     -127.0105825752059872
     -33.4944889993358359       43.0030829219560076     -127.0301536694132380
     -32.9973051749828343       42.9493048122105847     -127.0503705360116555
     -32.5043849584621398       42.8940421760552510     -127.0711496996648151
     -32.0163629796175684       42.8374932931308194     -127.0924063848217429
     -31.5338600348919691       42.7798595849236420     -127.1140553172755858
     -31.0574815518111826       42.7213441589945617     -127.1360113959265306
     -30.5878160978760079       42.6621503876027077     -127.1581903311036115
     -30.1254339286411152       42.6024805324258296     -127.1805092393630190
     -29.6708855914572851       42.5425344325783428     -127.2028872052314199
     -29.2247005666424826       42.4825082602659521     -127.2252457866212580
     -28.7873859704297388       42.4225933702969087     -127.2475095109571868
     -28.3594252989281657       42.3629752191021467     -127.2696062631830074
     -27.9412771936047655       42.3038323801948053     -127.2914676462681456
     -27.5333742208642249       42.2453356276947858     -127.3130292815703228
     -27.1361218078254858       42.1876471122182011     -127.3342310487143720
     -26.7498972796120391       42.1309196677329680     -127.3550173031916302
     -26.3750489298136408       42.0752962166201741     -127.3753369705908085
     -26.0118951768936881       42.0209093260518785     -127.3951436871485470
     -25.6607237530552723       41.9678808406985837     -127.4143957749438556
     -25.3217909753747428       41.9163216504820539     -127.4330562490468850
     -24.9953210794117133       41.8663315571656085     -127.4510927714607220
     -24.6815056109258713       41.8179992221217276     -127.4684775257714193
     -24.3805029090629830       41.7714022256998732     -127.4851871356745221
     -24.0924376525896697       41.7266071864381942     -127.5012025026335181
     -23.8174004844680987       41.6836699475421568     -127.5165086188908816
     -23.5554477295310463       41.6426358378636721     -127.5310944124677377
     -23.3066011898134811       41.6035399703272901     -127.5449525452029889
     -23.0708480243935838       41.5664075753248454     -127.5580791893317638
     -22.8481407248316266       41.5312543734029092     -127.5704738275734940
     -22.6383971946746811       41.4980869743499667     -127.5821390604831436
     -22.4415009222306558       41.4669032872425163     -127.5930803870391657
     -22.2573012299947948       41.4376929414623376     -127.6033060001136477
     -22.0856136168660697       41.4104377079149657     -127.6128265967872863
     -21.9262201965285293       41.3851119142189035     -127.6216552013003707
     -21.7788702302223314       41.3616828485451791     -127.6298069971907552
     -21.6432807513811554       41.3401111473963638     -127.6372991636003462
     -21.5191372837483677       41.3203511700932538     -127.6441507304736547
     -21.4060946496064695       41.3023513570884191     -127.6503824467504131
     -21.3037778655940606       41.2860545717295508     -127.6560166602888984
     -21.2117831235639684       41.2713984261877158     -127.6610772087791617
     -21.1296788538012592       41.2583155930304031     -127.6655893207682340
     -21.0570068677118449       41.2467341044570475     -127.6695795256274550
     -20.9984085292233473       41.1427147589160640     -127.7033366177348199
     -20.9433558819510530       41.1296944055349201     -127.7077150492449391
     -20.8966705961378594       41.1095665318703070     -127.7143508016315963
     -20.8576648642789415       41.0847344478395655     -127.7224699704439388
     -20.8256654865643682       41.0569674586602815     -127.7315034966621425
     -20.8000027856716443       41.0276324450030287     -127.7410127985554169
     -20.7800052600417580       40.9978211834722686     -127.7506487561231836
     -20.7649969704091575       40.9684284127968112     -127.7601264655026512
     -20.7542962905426336       40.9402056562788417     -127.7692077701387490
     -20.7472152644802676       40.9138046042497763     -127.7776871586759313
     -20.7430589885680448       40.8898206329932492     -127.7853776519684459
     -20.7411242882598614       40.8688497552526968     -127.7920924340910886
     -20.7406964735126174       40.8515812076398461     -127.7976151368849003
     -20.7411158427782070       40.8376118017339564     -127.8020783801938052
