  -63.355702381014069       -70.413960789875119        96.800588537523311     
  -61.831702381014068       -70.434842621989489        96.829295538461977     
  -60.307702381014067       -70.455724454103859        96.858002539400644     
  -58.783702381014066       -70.476606286218228        96.886709540339311     
  -52.681508392047029       -70.560218484647947        97.001654217878155     
  -52.676362032426468       -70.560289000013825        97.001751157871894     
  -52.668969587388581       -70.560390385266643        97.001890535802417     
  -52.658937040536763       -70.560528156174854        97.002079934394061     
  -52.645877487423512       -70.560707801304218        97.002326898974317     
  -52.629412176922450       -70.560934789266597        97.002638947440232     
  -52.609171530434722       -70.561214578434587        97.003023583615004     
  -52.584796136199678       -70.561552628825467        97.003488313590566     
  -52.555937716048618       -70.561954415831011        97.004040664616909     
  -52.522260062014773       -70.562425445445541        97.004688206071066     
  -52.483439940295440       -70.562971265492521        97.005438564970319     
  -52.439167960150513       -70.563595995670894        97.006297405340433     
  -52.389149405413583       -70.564303461297996        97.007269987144937     
  -52.333105026402258       -70.565098331859843        97.008362732119807     
  -52.270771790116683       -70.565985235230428        97.009582007196272     
  -52.201903586725585       -70.566968778782808        97.010934155501289     
  -52.126271890463698       -70.568053572853842        97.012425531934085     
  -52.043666373187740       -70.569244255577345        97.014062542696237     
  -51.953895468969350       -70.570545517731261        97.015851687958914     
  -51.856786888238453       -70.571962125835810        97.017799606698418     
  -51.752188080132143       -70.573498941294559        97.019913122652085     
  -51.639966641849469       -70.575160932897546        97.022199290369727     
  -51.520010673957714       -70.576953179387132        97.024665440341565     
  -51.392229079951953       -70.578880842737831        97.027319201180404     
  -51.256551809678953       -70.580949114521260        97.030168508034293     
  -51.112930048637111       -70.583163180445695        97.033221666803072     
  -50.961336349791964       -70.585528139775931        97.036487396861176     
  -50.801764708370868       -70.588048886112887        97.039974873660952     
  -50.634230579762850       -70.590729944498861        97.043693780401512     
  -50.458770839739728       -70.593575237080728        97.047654351677110     
  -50.275443685574544       -70.596587730699625        97.051867373133476     
  -50.084328487057107       -70.599769105424116        97.056344366818749     
  -49.885525581559364       -70.603119294833547        97.061097809099152     
  -49.679156013390305       -70.606635930385892        97.066141367409770     
  -49.465361212474129       -70.610313861835678        97.071489959435425     
  -49.244302611594264       -70.614144857478749        97.077159569951803     
  -49.016161216594512       -70.618117752376293        97.083167164563577     
  -48.781137115588812       -70.622218787018397        97.089530315618987     
  -48.539448929277690       -70.626432095070328        97.096266577967029     
  -48.291333203876192       -70.630740223653163        97.103392645240532     
  -48.037043771248719       -70.635124969528789        97.110923882221968     
  -47.776851058983304       -70.639568095864348        97.118873789424782     
  -47.511041347852277       -70.644051802350745        97.127253308204672     
  -47.239915991685770       -70.648559144906827        97.136070289404643     
  -46.963790616105172       -70.653074477007976        97.145329514237474     
  -46.682994272196488       -70.657583942771296        97.155033373235952     
  -46.397868544677515       -70.662075948122393        97.165182594836139     
  -46.108766648573258       -70.666540358054334        97.175775199772943     
  -45.816052488107211       -70.670968351135002        97.186806371395889     
  -45.520099671621587       -70.675352143373274        97.198268176576661     
  -45.221290518912220       -70.679685022139083        97.210149753119978     
  -44.920015046551441       -70.683961384333799        97.222437549257435     
  -44.616669914665032       -70.688176429862494        97.235115136103829     
  -44.311657370824634       -70.692326116515574        97.248163424956488     
  -44.005384184083340       -70.696407194751458        97.261561038026841     
  -43.698260549855171       -70.700416893584872        97.275284237325252     
  -43.390698996430856       -70.704352834486329        97.289307198921222     
  -43.083113289698574       -70.708213040191708        97.303602442116556     
  -42.775917320607938       -70.711995653421653        97.318140822421924     
  -42.469523998361133       -70.715698941378761        97.332891787790729     
  -42.164344148290759       -70.719321411658527        97.347823740773563     
  -41.860785406799508       -70.722861654735567        97.362904027577216     
  -41.559251127648892       -70.726318377521196        97.378099193340830     
  -41.260139300385681       -70.729690508260290        97.393375338292600     
  -40.963841480543536       -70.732977076147066        97.408698164064873     
  -40.670741735041794       -70.736177228947668        97.424033208374553     
  -40.381215606214454       -70.739290324941265        97.439346179740909     
  -40.095629101688488       -70.742315852411778        97.454603050397040     
  -39.814337705533489       -70.745253414571891        97.469770233265479     
  -39.537685412170788       -70.748102808152353        97.484814881191227     
  -39.266003797697699       -70.750863984365594        97.499705015801496     
  -38.999611124409427       -70.753536998692738        97.514409631204572     
  -38.738811468162432       -70.756122067234443        97.528898934028518     
  -38.483893890767156       -70.758619556933851        97.543144483383273     
  -38.235131660430078       -70.761029925673597        97.557119263205621     
  -37.992781500485570       -70.763353719611587        97.570797827345473     
  -37.757082882173087       -70.765591573202968        97.584156427582286     
  -37.528257371225024       -70.767744183400083        97.597173083364723     
  -37.306508027111036       -70.769812277206256        97.609827620063896     
  -37.092018836061207       -70.771796618224329        97.622101739425247     
  -36.884954201255667       -70.773698004084451        97.633979056927018     
  -36.685458489795067       -70.775517259775640        97.645445114224145     
  -36.493655639130836       -70.777255229682510        97.656487372071155     
  -36.309648807962979       -70.778912782067835        97.667095204380331     
  -36.133520084097547       -70.780490815688140        97.677259881041138     
  -35.965330254267144       -70.781990264575626        97.686974535931739     
  -35.805118632453109       -70.783412104499874        97.696234126927706     
  -35.652902949996957       -70.784757360749495        97.705035389359693     
  -35.508679298650421       -70.786027116720661        97.713376784113251     
  -35.372422132480388       -70.787222522946607        97.721258441674905     
  -35.244084332303125       -70.788344806583254        97.728682103040484     
  -35.123597329306719       -70.789395282102134        97.735651057658202     
  -35.010871287502155       -70.790375361837221        97.742170080067467     
  -34.905795344737541       -70.791286565081691        97.748245367030606     
  -34.808237912290366       -70.792130525944103        97.753884476395839     
  -34.718047028898852       -70.792908997787222        97.759096265205599     
  -34.635050771344659       -70.793623856225437        97.763890830084051     
  -34.559057720596364       -70.794277100827841        97.768279450218486     
  -34.489857481322659       -70.794870855065867        97.772274532201436     
  -34.427221253293084       -70.795407364652220        97.775889556641019     
  -34.370902453040109       -70.795888994479199        97.779139026339990     
  -34.320637384013480       -70.796318224418087        97.782038415746271     
  -34.276145953320373       -70.796697644275454        97.784604121303403     
  -34.237132433015908       -70.797029955839179        97.786853422891227     
  -34.203286263995111       -70.797321148346441        97.788808854636216     
  -34.174282899434814       -70.797575079401739        97.790490635062511     
  -34.149784686283049       -70.797792730155592        97.791915590153550     
  -34.129441782288630       -70.797975663610387        97.793101915135196     
  -34.112893105488887       -70.798125948921495        97.794069025321846     
  -34.099767313737388       -70.798246087890348        97.794837408769453     
  -34.089683811543935       -70.798338944638914        97.795428482160020     
  -34.082253781432293       -70.798407679383104        97.795864451287443     
  -34.077081236961796       -70.798455687148490        97.796168177438361     
  -34.073764094508959       -70.798486542194837        97.796363050866859     
  -34.071895260862490       -70.798503948832547        97.796472872450110     
  -34.071063733651705       -70.798511699221876        97.796521744487023     
  -27.974855711603158       -70.855332432195212        98.154819223656716     
  -26.450855711603158       -70.869537130712416        98.244390536886129     
  -24.926855711603160       -70.883741829229621        98.333961850115543     
  -23.402855711603159       -70.897946527746825        98.423533163344956     
