     -38.1626683789506345      -45.5281154445204947       61.4360653316534879
     -38.1620349658141222      -45.5210450420164960       61.4413357330753627
     -38.1618215359531519      -45.5122698765354130       61.4478467431433941
     -38.1624141977962168      -45.5015610760848404       61.4557475553166128
     -38.1642619520363127      -45.4892419089939892       61.4647751249226886
     -38.1678043232561635      -45.4755888811122517       61.4747016635903236
     -38.1734758360164506      -45.4608786527988400       61.4852997596586661
     -38.1817083618614248      -45.4454169685088729       61.4963209643811339
     -38.1929326748906490      -45.4295608169287064       61.5074794645084921
     -38.2075800179188079      -45.4137405380201358       61.5184358249888845
     -38.2260843177879295      -45.3984872201276204       61.5287768125691557
     -38.2488858823235205      -45.3844723616707313       61.5379860953245625
     -38.2764380849017485      -45.3725724359573235       61.5453963885909374
     -38.3092203450803126      -45.3639861568845717       61.5501023094935533
     -38.3474015384962641      -45.3574072307697804       61.5530600422494487
     -38.3909445929455586      -45.3499117909219862       61.5564264285012541
     -38.4401381356586853      -45.3414432946691761       61.5602283509645574
     -38.4952563073666241      -45.3319545742236087       61.5644864177381166
     -38.5565572381864641      -45.3214013264949642       61.5692198365402419
     -38.6242823642880424      -45.3097422876925933       61.5744463247801690
     -38.6986557944755702      -45.2969394161927283       61.5801820161880542
     -38.7798837274513701      -45.2829580824636793       61.5864413590757707
     -38.8681539225713237      -45.2677672700433433       61.5932370090795516
     -38.9636352255769438      -45.2513397879928974       61.6005797153309373
     -39.0664771507396154      -45.2336524949889025       61.6084781997081308
     -39.1768095206973967      -45.2146865348204727       61.6169390294135937
     -39.2947421649715025      -45.1944275824797828       61.6259664834860743
     -39.4203646778048977      -45.1728660994359288       61.6355624142271523
     -39.5537462359369769      -45.1499975968214642       61.6457261059105193
     -39.6949354764805946      -45.1258229123710564       61.6564541442499277
     -39.8439604118360364      -45.1003484767480742       61.6677402769626042
     -40.0008284035698267      -45.0735865625769208       61.6795752757097446
     -40.1655262025842745      -45.0455555259448346       61.6919468143763083
     -40.3380200426996609      -45.0162800321834027       61.7048393586655664
     -40.5182557864473409      -44.9857912619544891       61.7182340725980794
     -40.7061591297897820      -44.9541271059261618       61.7321087649564717
     -40.9016358409444933      -44.9213323057912746       61.7464378297076877
     -41.1045720395273690      -44.8874585495202538       61.7611922031142129
     -41.3148345226559570      -44.8525645295409561       61.7763393612986675
     -41.5322711349714879      -44.8167159544251277       61.7918433567650283
     -41.7567111867572862      -44.7799855155018278       61.8076649065838950
     -41.9879658772425373      -44.7424527601444311       61.8237614754031881
     -42.2258287565739323      -44.7042039051580176       61.8400874076273865
     -42.4700762270604244      -44.6653315839064504       61.8565941069306007
     -42.7204680881244414      -44.6259345204846838       61.8732302589996905
     -42.9767480717917749      -44.5861171230897426       61.8899420897797228
     -43.2386444395996676      -44.5459890006373698       61.9066736636222288
     -43.5058707175496124      -44.5056644104779124       61.9233671887992543
     -43.7781264263640253      -44.4652616730421855       61.9399633335630639
     -44.0550977738292886      -44.4249025607680821       61.9564015982920111
     -44.3364583979797260      -44.3847116114669049       61.9726206814176166
     -44.6218701599348577      -44.3448153643655942       61.9885588280269673
     -44.9109839208067143      -44.3053416019663899       62.0041542671668822
     -45.2034403541865899      -44.2664185332122884       62.0193456366324867
     -45.4988708127214565      -44.2281738416506869       62.0340722753002396
     -45.7968981936922219      -44.1907338369030214       62.0482747026490173
     -46.0971378238889571      -44.1542226151634978       62.0618951394351726
     -46.3991983977312685      -44.1187610388279765       62.0748777867453541
     -46.7026829232356704      -44.0844658386801740       62.0871692724776523
     -47.0071896805775609      -44.0514488068807779       62.0987192045924985
     -47.3123132281475094      -44.0198157746809215       62.1094803824597079
     -47.6176453601216068      -43.9896657585650601       62.1194091899003595
     -47.9227754443757377      -43.9610902275857072       62.1284662248900048
     -48.2272907416926842      -43.9341718778336698       62.1366166505101418
     -48.5307773463848022      -43.9089834906206988       62.1438307997272119
     -48.8328212302447966      -43.8855870517169464       62.1500849986174728
     -49.1330093424062397      -43.8640326239375469       62.1553618407857016
     -49.4309307488036893      -43.8443574857864249       62.1596506064180900
     -49.7261777998792738      -43.8265856411506221       62.1629479493791877
     -50.0183473169198223      -43.8107271036006409       62.1652579869834767
     -50.3070417755097594      -43.7967774129985301       62.1665924288208771
     -50.5918704583806189      -43.7847176225639743       62.1669710825360937
     -50.8724505330252228      -43.7745140903615635       62.1664218055358759
     -51.1484086950643189      -43.7661450037703617       62.1649615057177911
     -51.4193851734689815      -43.7597652084827260       62.1624806583920630
     -51.6850284682782117      -43.7555755180719004       62.1588355912969774
     -51.9449960498695091      -43.7537265010261152       62.1539157571166285
     -52.1989616658931581      -43.7543183328054894       62.1476440544551920
     -52.4466201808031016      -43.7574027286648928       62.1399756988973024
     -52.6876917001518521      -43.7629857453535607       62.1308961014483145
     -52.9219252474392690      -43.7710315221744324       62.1204181640078232
     -53.1491013239482086      -43.7814670585879000       62.1085795453917981
     -53.3690326162206645      -43.7941872215652737       62.0954394419180886
     -53.5815624875593244      -43.8090596432522759       62.0810752801698627
     -53.7865616279473926      -43.8259292325494769       62.0655797458077814
     -53.9839239181387853      -43.8446222576101121       62.0490585425128529
     -54.1735623754577276      -43.8649496477948446       62.0316283828535475
     -54.3554049793739296      -43.8867096198080802       62.0134153706954336
     -54.5293940617689969      -43.9096898413084133       61.9945534730716190
     -54.6954878826434836      -43.9336700175314050       61.9751829222940529
     -54.8536619122331714      -43.9584248367800896       61.9554483912700533
     -55.0039097990629315      -43.9837270252157211       61.9354969154869366
     -55.1462440961464679      -44.0093504558596536       61.9154757497751476
     -55.2806967892625494      -44.0350732023891211       61.8955302208350062
     -55.4073196563622332      -44.0606804355820003       61.8758016080202680
     -55.5261844832057676      -44.0859672012589385       61.8564252506933414
     -55.6373831481586052      -44.1107409194428257       61.8375287721231004
     -55.7410275899516421      -44.1348235682987138       61.8192304590022914
     -55.8372496708530477      -44.1580535455580616       61.8016378529526165
     -55.9262009454832452      -44.1802871884077533       61.7848465720221611
     -56.0080523443121336      -44.2013999424346835       61.7689393734358205
     -56.0829937798194180      -44.2212871789846957       61.7539854625348852
     -56.1512336822339009      -44.2398646644586577       61.7400400417574389
     -56.2129984708760944      -44.2570686921578442       61.7271440883056499
     -56.2685319673656750      -44.2728559358095950       61.7153244035382684
     -56.3180947541014874      -44.2872030016444995       61.7045938509654377
     -56.3619634822462601      -44.3001057174697124       61.6949517764458619
     -56.4004301329729785      -44.3124400463106483       61.6857654947772005
     -56.4338012350366469      -44.3251842131791562       61.6763280039784618
     -56.4623970418106111      -44.3381356393898542       61.6667803361341100
     -56.4865506703568983      -44.3511089456933689       61.6572516448019456
     -56.5066072052015116      -44.3639365957072940       61.6478586805674311
     -56.5229227695128031      -44.3764655269351991       61.6387081486391750
     -56.5358635662832754      -44.3885539087093832       61.6298989785305906
     -56.5458048921612004      -44.4000676478283012       61.6215247804732513
     -56.5531301266269040      -44.4108761312261109       61.6136768580239789
     -56.5582296992577298      -44.4208463596965402       61.6064483882814855
     -56.5615000378747581      -44.4298338251782070       61.5999409595509917
     -56.5633425004095969      -44.4376665082559086       61.5942760822792579
     -56.5641622933706216      -44.4441145688559800       61.5896170342793710
     -56.5643673798228050      -44.4493382612607917       61.5858455583652784
     -56.5641622933706216      -44.4545631844182765       61.5820757876945493
     -56.5633425004095969      -44.4610161670091344       61.5774235592555428
     -56.5615000378747581      -44.4688599255454022       61.5717740273523333
     -56.5582296992577369      -44.4778670955133251       61.5652938997582382
     -56.5531301266269395      -44.4878681667855105       61.5581081636109175
     -56.5458048921615841      -44.4987212031637398       61.5503219706064044
     -56.5358635662859115      -44.5102958767094492       61.5420321989618841
     -56.5229227695269500      -44.5224643892744680       61.5333340523830188
     -56.5066072052640891      -44.5350956572354590       61.5243253109530031
     -56.4865506705941058      -44.5480511112136242       61.5151094227723476
     -56.4623970426027739      -44.5611812640172715       61.5057980466600895
     -56.4338012374152882      -44.5743225353147352       61.4965134141919094
     -56.4004301394958532      -44.5872939529562018       61.4873907844558758
     -56.3619634987814706      -44.5998978536582342       61.4785779983785972
     -56.3180947935107739      -44.6131133866652760       61.4693693308108564
     -56.2685320567752285      -44.6278169576595687       61.4591327016795503
     -56.2129986649301117      -44.6440078812130281       61.4478722707818505
     -56.1512340868031856      -44.6616665955452632       61.4356061769894950
     -56.0829945928147922      -44.6807540462634449       61.4223670756897917
     -56.0080539236811248      -44.7012113302634830       61.4082024806544666
     -55.9262039191023419      -44.7229596203686839       61.3931748740269612
     -55.8372551091729434      -44.7459004457218512       61.3773616299356775
     -55.7410372701664798      -44.7699163104534037       61.3608546783909574
     -55.6373999485952879      -44.7948716712148283       61.3437598979570780
     -55.5262129587789275      -44.8206142891825436       61.3261962290669942
     -55.4073668605161913      -44.8469769630706097       61.3082944981420397
     -55.2807734250449627      -44.8737796443795531       61.2901959463027808
     -55.1463660992579392      -44.9008319310091721       61.2720504600665947
     -55.0041004794982342      -44.9279359081507579       61.2540144740745660
     -54.8539548095931409      -44.9548893193509045       61.2362485433765684
     -54.6959305254951644      -44.9814891621841468       61.2189147405056318
     -54.5300528674964866      -45.0075355849826408       61.2021737373711261
     -54.3563715949148261      -45.0328360900490594       61.1861816052377989
     -54.1749618540512543      -45.0572100425344502       61.1710863463467689
     -53.9859252763216020      -45.0804934156045434       61.1570240541947783
     -53.7893913036432494      -45.1025438858420671       61.1441148141779820
     -53.5855162575859012      -45.1232462579109210       61.1324586571637951
     -53.3744786696940849      -45.1425172509597274       61.1221318841382271
     -53.1564745182284284      -45.1603092706211839       61.1131841008707610
     -52.9317121592276436      -45.1766129613268177       61.1056358989378623
     -52.7004078341021014      -45.1914587707160962       61.0994777085248728
     -52.4627828227032040      -45.2049174504242472       61.0946695057147124
     -52.2190626535244391      -45.2170996127675409       61.0911410033167783
     -51.9694780512758925      -45.2281545322221419       61.0887920065360674
     -51.7142669456257096      -45.2382688322944801       61.0874933981942831
     -51.4536768805721749      -45.2476649244074380       61.0870884001140624
     -51.1879680971319999      -45.2565989834695230       61.0873937490403307
     -50.9174191130486733      -45.2653584475504189       61.0882008755109851
     -50.6423257618033915      -45.2741678611679461       61.0893460147466314
     -50.3629942095004850      -45.2830607153862061       61.0908054213227629
     -50.0797431615474480      -45.2920410642274121       61.0925750239142360
     -49.7929036591733478      -45.3011100068585648       61.0946508761117215
     -49.5028182612567136      -45.3102660425476529       61.0970291787830604
     -49.2098402538755764      -45.3195050919909264       61.0997058407000111
     -48.9143328559037300      -45.3288206701150145       61.1026762103940584
     -48.6166683983471444      -45.3382043686675544       61.1059351816451084
     -48.3172274621558842      -45.3476460206811041       61.1094768227148180
     -48.0163979634655149      -45.3571339049161466       61.1132940144926025
     -47.7145741769898279      -45.3666553271182309       61.1173785576347726
     -47.4121557057464855      -45.3761969131999479       61.1217208621585470
     -47.1095463328217718      -45.3857448716287522       61.1263095795557518
     -46.8071522181162436      -45.3952855562651649       61.1311317634997877
     -46.5053801115394236      -45.4048055476640329       61.1361728703609089
     -46.2046361719702006      -45.4142915291753297       61.1414167513589319
     -45.9053248125713722      -45.4237304478326749       61.1468460581941429
     -45.6078475540986332      -45.4331094826677386       61.1524424006980070
     -45.3126018832212552      -45.4424159302933788       61.1581863991595682
     -45.0199800804664250      -45.4516373219616341       61.1640580489654226
     -44.7303680725497941      -45.4607614184098381       61.1700369163979261
     -44.4441443123754922      -45.4697761143729338       61.1761022039723628
     -44.1616786376413017      -45.4786695326168839       61.1822330577211417
     -43.8833311644187205      -45.4874300622737096       61.1884087828016803
     -43.6094512329876665      -45.4960463429418382       61.1946089665066921
     -43.3403763469447156      -45.5045073007844891       61.2008136493496337
     -43.0764311459951941      -45.5128021918384107       61.2070034824356739
     -42.8179264468248419      -45.5209206220562166       61.2131598293945771
     -42.5651583517499716      -45.5288525801435853       61.2192648572420453
     -42.3184074097982119      -45.5365885175619098       61.2253016242341772
     -42.0779377655210709      -45.5441194361738511       61.2312541187023243
     -41.8439963551150527      -45.5514369697045751       61.2371072897133573
     -41.6168121342818580      -45.5585334498073493       61.2428470682629040
     -41.3965953657097785      -45.5654019593172634       61.2484603831283252
     -41.1835369863882477      -45.5720363758846929       61.2539351758423436
     -40.9778080535840985      -45.5784314166717479       61.2592604289196601
     -40.7795592376960343      -45.5845826495155038       61.2644261602425004
     -40.5889203786630546      -45.5904864888009698       61.2694234072259221
     -40.4060001224801439      -45.5961401947519320       61.2742442247388510
     -40.2308856281878349      -45.6015418682187743       61.2788816847620836
     -40.0636423479648656      -45.6066904473535928       61.2833298848614092
     -39.9043138564834194      -45.6115856697261819       61.2875839149097317
     -39.7529217527262659      -45.6162280403624294       61.2916398348480911
     -39.6094656309486908      -45.6206188031827864       61.2954946584991021
     -39.4739231152640926      -45.6247599104219503       61.2991463345991932
     -39.3462499486466726      -45.6286539928077559       61.3025937287120968
     -39.2263801388707023      -45.6323043290186234       61.3058366115692053
     -39.1142261726823506      -45.6357147971338364       61.3088756255798089
     -39.0096792941870945      -45.6388898368949043       61.3117122568925623
     -38.9126098406598260      -45.6418344198333799       61.3143488079395382
     -38.8228676328891069      -45.6445540238793157       61.3167883663958193
     -38.7402824187554415      -45.6470546122655847       61.3190347710237873
     -38.6646643687224412      -45.6493426163916354       61.3210925748951183
     -38.5958046218551445      -45.6514249221529056       61.3229670065155901
     -38.5334758808562228      -45.6533088590863656       61.3246639294243536
     -38.4774330545930141      -45.6550021919449875       61.3261898014650484
     -38.4274139459488637      -45.6565131130602424       61.3275516334756077
     -38.3831399825053978      -45.6578502333500680       61.3287569466072071
     -38.3443161959239660      -45.6590159190884037       61.3298187260720198
     -38.3102926298758177      -45.6571582126035977       61.3328924987747683
     -38.2805976442062601      -45.6510384629386579       61.3389230541756092
     -38.2550442515470905      -45.6419162453871294       61.3469804839620139
     -38.2333953455096776      -45.6307328682301687       61.3563744306598124
     -38.2153785573542706      -45.6182282311640321       61.3665667007712159
     -38.2006948758325535      -45.6050049846521688       61.3771231804280930
     -38.1890243332321404      -45.5915677914640725       61.3876843199837907
     -38.1800302580435300      -45.5783503323962833       61.3979447618896259
     -38.1733629210845891      -45.5657370340150649       61.4076369104026085
     -38.1686632078935375      -45.5540848646719709       61.4165144570653609
     -38.1655671135795416      -45.5437519179770121       61.4243308484600092
     -38.1637123918823207      -45.5351440041923823       61.4308043191686437
     -38.1626683789506345      -45.5281154445204947       61.4360653316534879
