  -68.514382439271373        18.284999638131875       -59.694999086568117     
  -66.990382439271372        18.241793016035199       -59.553942520113331     
  -65.466382439271371        18.198586393938523       -59.412885953658545     
  -63.942382439271370        18.155379771841847       -59.271829387203759     
  -57.834293857511248        17.982210562468406       -58.706484240914548     
  -57.824250060836725        17.981925812778556       -58.705554619213054     
  -57.809822995734685        17.981516998503004       -58.704219964124661     
  -57.790244013156801        17.980962582784219       -58.702409964315791     
  -57.764758538799974        17.980241581848190       -58.700056114098636     
  -57.732628164287306        17.979333672549384       -58.697092064517562     
  -57.693132700296758        17.978219304545419       -58.693453989510701     
  -57.645572185056594        17.976879816609223       -58.689080965471454     
  -57.589268841635416        17.975297556629585       -58.683915362576499     
  -57.523568977497405        17.973456004921928       -58.677903246288899     
  -57.447844819876018        17.971339881701333       -58.670994725809472     
  -57.361496280647117        17.968929798506398       -58.663126487490544     
  -57.263952644563084        17.966206505949781       -58.654235652295142     
  -57.154674174950514        17.963155161105032       -58.644273688295470     
  -57.033153631285096        17.959762145268506       -58.633195986835162     
  -56.898917695654539        17.956015226805405       -58.620962333702224     
  -56.751528329616306        17.951903643854195       -58.607537077728992     
  -56.590584010311325        17.947418288259538       -58.592889566613941     
  -56.415720845047943        17.942551987238257       -58.576994806742242     
  -56.226613592122298        17.937299777718806       -58.559833959751245     
  -56.022976573639383        17.931659233489867       -58.541394811840789     
  -55.804564477013841        17.925630853998889       -58.521672163972326     
  -55.571173046093563        17.919218539157480       -58.500668116129816     
  -55.322639675015012        17.912430223346306       -58.478392346248562     
  -55.058843898834361        17.905278670843664       -58.454862212806361     
  -54.779707821968657        17.897782358895380       -58.430102211818458     
  -54.485196470083984        17.889966634567543       -58.404143104319260     
  -54.175317995109580        17.881865607478396       -58.377021849158609     
  -53.850123881858529        17.873524338350560       -58.348780421883291     
  -53.509709158821636        17.865001585526539       -58.319463745230060     
  -53.154212514327625        17.856373915834443       -58.289118522129129     
  -52.783816546601543        17.847740711705178       -58.257790287380757     
  -52.398748102196151        17.839230917882897       -58.225519884194107     
  -51.999278554173472        17.831011374587064       -58.192340740498871     
  -51.585723833547171        17.823292062936297       -58.158274873439780     
  -51.158443688474399        17.816327731636747       -58.123332010271376     
  -50.717840449253202        17.810414616309007       -58.087508422087879     
  -50.264357032421522        17.805882833254266       -58.050788197172054     
  -49.798474448317428        17.803084813117778       -58.013145123733111     
  -49.320708917594068        17.802381669412917       -57.974545556469501     
  -48.831608870003173        17.804129172794539       -57.934951420506600     
  -48.331751940048157        17.808664693122594       -57.894323233781641     
  -47.821742111814650        17.816295735988984       -57.852622656987066     
  -47.302206972123329        17.827290675926637       -57.809815043372247     
  -46.773795518974623        17.841873891839221       -57.765870397993091     
  -46.237176389862810        17.860227966263388       -57.720770024202011     
  -45.693036219940154        17.882496998037457       -57.674514618905398     
  -45.142077826484488        17.908784007050681       -57.627113279084405     
  -44.585018418628138        17.939151140489781       -57.578581485896116     
  -44.022587709844359        17.973620996245032       -57.528941837304998     
  -43.455526152027012        18.012177749093702       -57.478222882765607     
  -42.884583304626567        18.054768264625650       -57.426456781924010     
  -42.310515918347399        18.101304793281063       -57.373680695121905     
  -41.734086108781824        18.151667894659173       -57.319937500772042     
  -41.156059538222003        18.205709725421286       -57.265276472651102     
  -40.577203673035470        18.263257312821437       -57.209752800924093     
  -39.998286090197873        18.324116053060422       -57.153426987286373     
  -39.420072763527287        18.388073480715278       -57.096364469177068     
  -38.843326318867597        18.454902698371310       -57.038635269114842     
  -38.268804167309277        18.524364704444316       -56.980313955306656     
  -37.697256594640429        18.596210303466304       -56.921479679386067     
  -37.129424879142718        18.670182033296641       -56.862216162915978     
  -36.566039433352415        18.746016075663892       -56.802611585089650     
  -36.007817980036990        18.823444154979484       -56.742758366940315     
  -35.455463766912011        18.902195401010346       -56.682752868739470     
  -34.909663827837399        18.981998124516515       -56.622694899093254     
  -34.371087285697804        19.062581567251129       -56.562687230552037     
  -33.840383698229338        19.143677594052789       -56.502835119346329     
  -33.318181501087636        19.225022104789286       -56.443245119191765     
  -32.805086497077717        19.306356376432930       -56.384024043631136     
  -32.301680082812872        19.387429850128154       -56.325282498501259     
  -31.808517675146103        19.468002309974366       -56.267136313149393     
  -31.326127600708343        19.547843584242607       -56.209701451427684     
  -30.855009917370214        19.626734024014407       -56.153091586501297     
  -30.395635239106092        19.704465484736584       -56.097417093076487     
  -29.948443624775187        19.780842351888317       -56.042784325984307     
  -29.513843500693888        19.855682522461976       -55.989295367827168     
  -29.092210680737708        19.928818078083491       -55.937047426341564     
  -28.683887461395855        20.000095684528482       -55.886132131041514     
  -28.289181776373969        20.069376914828290       -55.836635101852131     
  -27.908366465657238        20.136538221662871       -55.788635130351786     
  -27.541678552508472        20.201471036121948       -55.742204164538741     
  -27.189318697627762        20.264081386053959       -55.697406406397064     
  -26.851450642026119        20.324289699748793       -55.654298361652465     
  -26.528200775004130        20.382030410715611       -55.612928616254486     
  -26.219657835384552        20.437251302270191       -55.573337256491271     
  -25.925872579209482        20.489913203068113       -55.535556466546439     
  -25.646857641309776        20.539989304926781       -55.499610252598622     
  -25.382587501654786        20.587464390538859       -55.465514111895494     
  -25.132998437746430        20.632334401954903       -55.433275703009286     
  -24.897988633348586        20.674605821109971       -55.402895050291832     
  -24.677418426131780        20.714294883748959       -55.374364419879157     
  -24.471110586391919        20.751427015042484       -55.347668793929749     
  -24.278850664394142        20.786036416171864       -55.322786658583006     
  -24.100387498220694        20.818165471973391       -55.299690190915335     
  -23.935433846303241        20.847864100511504       -55.278345203564918     
  -23.783667075547935        20.875189315035165       -55.258711529586535     
  -23.644729939942810        20.900204857856316       -55.240743473667663     
  -23.518231454826381        20.922980868115072       -55.224390235434953     
  -23.403747873474710        20.943593571193666       -55.209596281241168     
  -23.300823759964125        20.962124988093620       -55.196301674903928     
  -23.208973151077849        20.978662663149745       -55.184442380928317     
  -23.127680800814662        20.993299406794243       -55.173950551499900     
  -23.056403507742154        21.006133071744195       -55.164754873180584     
  -22.994571435161760        21.017278527520379       -55.156815419999766     
  -22.941589740945563        21.026846609892296       -55.150064971225440     
  -22.896840148508069        21.034940977111265       -55.144401227898193     
  -22.859682470859276        21.041671137033116       -55.139724716596184     
  -22.829456293371571        21.047151889636112       -55.135938227951257     
  -22.805482713897121        21.051502762654486       -55.132946281913028     
  -22.787066135752845        21.054847446051141       -55.130654632919835     
  -22.773496108983032        21.057313231037032       -55.128969827076752     
  -22.764049215192752        21.059030459078070       -55.127798822292824     
  -22.757990991123357        21.060131985900505       -55.127048681085867     
  -22.754577886022687        21.060752664977421       -55.126626344429781     
  -22.753059247747508        21.061028854398824       -55.126438493604084     
  -16.656679332428695        22.169756106293608       -54.372335281819169     
  -15.132679332428694        22.446920645800375       -54.183821227458417     
  -13.608679332428695        22.724085185307143       -53.995307173097665     
  -12.084679332428694        23.001249724813910       -53.806793118736913     
