  -65.476571036911665        29.409692710521174       -90.770190255907053     
  -63.952571036911664        29.430048503578750       -90.833016454967733     
  -62.428571036911663        29.450404296636325       -90.895842654028414     
  -60.904571036911662        29.470760089693901       -90.958668853089094     
  -54.799135299083240        29.552309293372094       -91.210362633283992     
  -54.791295475065674        29.552414008487126       -91.210685826423315     
  -54.780034004345282        29.552564609724900       -91.211150642670830     
  -54.764750626467013        29.552769343242119       -91.211782532996509     
  -54.744855899098930        29.553036447989406       -91.212606926129496     
  -54.719772779471363        29.553374176649047       -91.213649293178520     
  -54.688938171511460        29.553790821260666       -91.214935226719618     
  -54.651804434572064        29.554294742943977       -91.216490532520879     
  -54.607840849759491        29.554894405079207       -91.218341331918268     
  -54.556535039981441        29.555598409266857       -91.220514172724776     
  -54.497394339962995        29.556426818502601       -91.223070976945635     
  -54.429947112614535        29.557365812592327       -91.225969088703707     
  -54.353744008281851        29.558431457185133       -91.229258090492195     
  -54.268359163563730        29.559631641165360       -91.232962325193697     
  -54.173391335642677        29.560974344607711       -91.237106411796873     
  -54.068464968081379        29.562467664136033       -91.241715319259953     
  -53.953231190394810        29.564119863023198       -91.246814513752000     
  -53.827368744814486        29.565939419161179       -91.252430094704607     
  -53.690584838175170        29.567935072355372       -91.258588921835866     
  -53.542615917105408        29.570115872653073       -91.265318735181168     
  -53.383228364549765        29.572491229076974       -91.272648261762072     
  -53.212219114906709        29.575070952693963       -91.280607284225070     
  -53.029416181599210        29.577865266690317       -91.289226579266327     
  -52.834679108956131        29.580884861421183       -91.298537956265150     
  -52.627899340288423        29.584140954573780       -91.308574259903651     
  -52.409000498794754        29.587645344323786       -91.319369282417966     
  -52.177938575421983        29.591410431077705       -91.330957488443900     
  -51.934702020148080        29.595449196632071       -91.343373490125330     
  -51.679311777021915        29.599775375567486       -91.356651961206495     
  -51.411821224080271        29.604403614695055       -91.370827312744879     
  -51.132316004128256        29.609349568511750       -91.385932906832167     
  -50.840913776618983        29.614630108414026       -91.402000270632072     
  -50.537763924641567        29.620263848872352       -91.419058821453007     
  -50.223047138227294        29.626271557840070       -91.437134894802696     
  -49.896974895364615        29.632676290410142       -91.456250542026766     
  -49.559788930742421        29.639503548393332       -91.476423496239335     
  -49.211760556693314        29.646780797232978       -91.497666309400330     
  -48.853189901840430        29.654536623083661       -91.519985604617119     
  -48.484405143931113        29.662799937731570       -91.543382493268439     
  -48.105761566174898        29.671598554931240       -91.567851645630853     
  -47.717640625692880        29.680958120997033       -91.593381591298922     
  -47.320448932053623        29.690901015371548       -91.619954716926117     
  -46.914617127323304        29.701445225851927       -91.647546792928807     
  -46.500598792056358        29.712603790381255       -91.676127733626601     
  -46.078869196671803        29.724384116828777       -91.705660822380423     
  -45.649924105646875        29.736788967227152       -91.736105758345090     
  -45.214278452129484        29.749817334899085       -91.767421186116835     
  -44.772465023996368        29.763463345181041       -91.799561196730949     
  -44.325033076116405        29.777716003973669       -91.832474413937931     
  -43.872546916252489        29.792559389676004       -91.866104384573916     
  -43.415584461684709        29.807972783504287       -91.900389686155918     
  -42.954735746842381        29.823930924722131       -91.935264321987447     
  -42.490601426443874        29.840404281169835       -91.970658055032928     
  -42.023791221547640        29.857359396922551       -92.006496879632124     
  -41.554922379907374        29.874759279597697       -92.042703515734857     
  -41.084618070046730        29.892563836597525       -92.079197969431647     
  -40.613505811647983        29.910730348655669       -92.115898131543801     
  -40.142215822963102        29.929213966396635       -92.152720393156898     
  -39.671379435262608        29.947968201366145       -92.189580321868064     
  -39.201627397282742        29.966945316465772       -92.226393315457500     
  -38.733588288083844        29.986096718383727       -92.263075366518251     
  -38.267886788224430        30.005373297831301       -92.299543656120946     
  -37.805142105883469        30.024725834683945       -92.335717336117540     
  -37.345966230069486        30.044105301588559       -92.371517990780461     
  -36.890962381133320        30.063463267122088       -92.406870401762973     
  -36.440723268451045        30.082752146165351       -92.441702841855559     
  -35.995829573228384        30.101925581603567       -92.475947777659002     
  -35.556848242298813        30.120938636708619       -92.509541995652768     
  -35.124331005513390        30.139748130544071       -92.542427180734762     
  -34.698812749177293        30.158312784519548       -92.574549925992315     
  -34.280810060354604        30.176593474166527       -92.605862085977634     
  -33.870819736459161        30.194553365299004       -92.636320791882156     
  -33.469317343167745        30.212158040033000       -92.665888462187439     
  -33.076755916329859        30.229375674064372       -92.694532986813343     
  -32.693564532695397        30.246176993680432       -92.722227235031710     
  -32.320147210093985        30.262535508627188       -92.748949421305582     
  -31.956881584098987        30.278427377851497       -92.774682392919956     
  -31.604117906337812        30.293831555374751       -92.799413828843143     
  -31.262177989643583        30.308729732956344       -92.823135864071517     
  -30.931354201872878        30.323106221688896       -92.845844578757223     
  -30.611908714199355        30.336948047602188       -92.867540188370143     
  -30.304072634303733        30.350244735640260       -92.888226323686368     
  -30.008045332929555        30.362988235299568       -92.907909786781744     
  -29.723993919571502        30.375172922209092       -92.926600575066729     
  -29.452052673976361        30.386795367094724       -92.944311226829058     
  -29.192322649766432        30.397854225693894       -92.961056566097952     
  -28.944871422759629        30.408350210813889       -92.976853722331740     
  -28.709732849531850        30.418285904077194       -92.991721679285490     
  -28.486906944546970        30.427665607553820       -93.005680961916383     
  -28.276359884867414        30.436495255639738       -93.018753518582741     
  -28.078024118917178        30.444782345760547       -93.030962669631705     
  -27.891798526724216        30.452535777892990       -93.042332788369436     
  -27.717548696669972        30.459765744065002       -93.052889138020348     
  -27.555107303507278        30.466483640523052       -93.062657772742938     
  -27.404274581336125        30.472701993738795       -93.071665473632876     
  -27.264818887867364        30.478434395445728       -93.079939703657999     
  -27.136477343574651        30.483695410868005       -93.087508471486501     
  -27.018956566466606        30.488500516169900       -93.094400275027013     
  -26.911933493169819        30.492866047606448       -93.100644071237511     
  -26.815056281604651        30.496809156493910       -93.106269254889185     
  -26.727945292490475        30.500347769312040       -93.111305645235262     
  -26.650194146701338        30.503500552087871       -93.115783479428885     
  -26.581370855468101        30.506286878626774       -93.119733413082827     
  -26.521019018663729        30.508715208636961       -93.123151465271150     
  -26.468659094852779        30.510834890760385       -93.126155783518129     
  -26.423789719228083        30.512656761514325       -93.128746596327503     
  -26.385889094153796        30.514199575655905       -93.130946734014969     
  -26.354416427624159        30.515483442861424       -93.132781874912297     
  -26.328813422228741        30.516529685124578       -93.134280213219029     
  -26.308505809586890        30.517360695098066       -93.135472132335707     
  -26.292904925834499        30.517999796741591       -93.136389887658595     
  -26.281409323649164        30.518471109597925       -93.137067302585621     
  -26.273406416217888        30.518799417945004       -93.137539481214702     
  -26.268274148484910        30.519010045981840       -93.137842540910185     
  -26.265382690966369        30.519128740094299       -93.138013367573762     
  -26.264096151384202        30.519181559125244       -93.138089396084794     
  -20.167774299353152        30.769466755953690       -93.498353689235515     
  -18.643774299353151        30.832034751742736       -93.588415007533328     
  -17.119774299353153        30.894602747531781       -93.678476325831141     
  -15.595774299353151        30.957170743320827       -93.768537644128955     
