     -20.7411158427782070       40.8376118017339564     -127.8020783801938052
     -20.7422188167506363       40.8236751093075299     -127.8065272853815486
     -20.7445235778965653       40.8065373325471441     -127.8119926904301025
     -20.7487302671941904       40.7858603886557987     -127.8185787913456721
     -20.7554748468274077       40.7623982467113706     -127.8260411979471201
     -20.7653919623871133       40.7368111645778015     -127.8341657389776174
     -20.7791080908533417       40.7097581824046912     -127.8427390692291254
     -20.7972366540910372       40.6819539988052554     -127.8515306769468225
     -20.8203738913048966       40.6542124340693007     -127.8602791963434839
     -20.8490947698772686       40.6274897743145686     -127.8686787746461135
     -20.8839483621947153       40.6029385715904994     -127.8763621099272996
     -20.9254519398463188       40.5819857019887422     -127.8828757429358092
     -20.9740824250327087       40.5664596903631747     -127.8876396024668622
     -21.0302622025967096       40.5588223047783032     -127.8898732140026482
     -21.0946622925013401       40.5565793443465239     -127.8903661882850855
     -21.1681052076533049       40.5540358271153636     -127.8909212216767344
     -21.2510802838783768       40.5511615431728174     -127.8915451956019353
     -21.3440503983106176       40.5479404587328744     -127.8922403956356391
     -21.4474514268660386       40.5443576008742710     -127.8930086657618403
     -21.5616910513608673       40.5403991509544994     -127.8938513786779509
     -21.6871476395220100       40.5360525431317598     -127.8947694088547280
     -21.8241692008827997       40.5313065671854602     -127.8957631086388602
     -21.9730724214029181       40.5261514748685698     -127.8968322880071895
     -22.1341417793881519       40.5205790889865298     -127.8979761985347352
     -22.3076287455575084       40.5145829150636914     -127.8991935243552547
     -22.4937510700517684       40.5081582555679276     -127.9004823834399360
     -22.6926921549119953       40.5013023207818108     -127.9018403242531292
     -22.9046005167475961       40.4940143390659912     -127.9032643305268948
     -23.1295893412348335       40.4862956649131576     -127.9047508335737291
     -23.3677361367921819       40.4781498870023881     -127.9062957420271545
     -23.6190824985706627       40.4695829359426043     -127.9078944746653832
     -23.8836339600932881       40.4606031869220217     -127.9095419753085565
     -24.1613599389559930       40.4512215623432141     -127.9112327455731446
     -24.4521937895159773       40.4414516373461339     -127.9129609129468435
     -24.7560329499647871       40.4313097251657538     -127.9147202662918943
     -25.0727391901620500       40.4208149487219615     -127.9165042841720350
     -25.4021389752704430       40.4099893168193347     -127.9183062195518517
     -25.7440239248553482       40.3988577746405610     -127.9201191504552924
     -26.0981513710512516       40.3874482310116178     -127.9219360098498299
     -26.4642450390466450       40.3757915907722449     -127.9237496898905704
     -26.8419958105479459       40.3639217423454326     -127.9255530677601200
     -27.2310625997551305       40.3518755371624422     -127.9273390741495859
     -27.6310733350720774       40.3396927520953028     -127.9291007810693230
     -28.0416260190680724       40.3274159992737964     -127.9308314002438465
     -28.4622899121528263       40.3150906418531250     -127.9325243814186450
     -28.8926067760647740       40.3027646501674610     -127.9341734057694708
     -29.3320922088563201       40.2904884510739834     -127.9357724590154248
     -29.7802369555986921       40.2783146949614519     -127.9373158436953020
     -30.2365083453124655       40.2662979666177563     -127.9387982386703584
     -30.7003518104371231       40.2544944380623377     -127.9402147263118223
     -31.1711924839289942       40.2429614736153312     -127.9415608024546600
     -31.6484368416818214       40.2317572020811767     -127.9428324071891154
     -32.1314744095043494       40.2209400509493591     -127.9440259481010713
     -32.6196795011986609       40.2105682508385698     -127.9451383269950497
     -33.1124130127428060       40.2006993111631701     -127.9461669553534193
     -33.6090242286042269       40.1913894719586153     -127.9471097538717288
     -34.1088526765435702       40.1826931105314245     -127.9479650455767796
     -34.6112299762684046       40.1746621974443485     -127.9487316190332251
     -35.1154817265885342       40.1673457192381065     -127.9494086730587412
     -35.6209293720007736       40.1607891396842618     -127.9499958448718360
     -36.1268920912215279       40.1550338443171668     -127.9504931186424272
     -36.6326887148987623       40.1501166539245702     -127.9509008412581323
     -37.1376402091613329       40.1460694672353569     -127.9512196300807290
     -37.6410721622703974       40.1429191955265594     -127.9514502164335426
     -38.1423166865716610       40.1406878364790245     -127.9515933365606202
     -38.6407142120483655       40.1393925404542813     -127.9516494904383279
     -39.1356152089582068       40.1390457826072051     -127.9516189477690489
     -39.6263818606001692       40.1396554692674385     -127.9515014625309561
     -40.1123896626520633       40.1412251905635813     -127.9512963763343549
     -40.5930289842302159       40.1437543679726403     -127.9510023086337043
     -41.0677065737267029       40.1472385846929711     -127.9506173429131195
     -41.5358470552531216       40.1516698034333501     -127.9501387472245568
     -41.9968944208662620       40.1570367838754478     -127.9495631870130694
     -42.4503129495807201       40.1633773553792253     -127.9488701467919469
     -42.8955858921087909       40.1710992468431840     -127.9479215914179235
     -43.3322225204495268       40.1807258117547903     -127.9465415482635393
     -43.7597596558471409       40.1927093148251089     -127.9445751109387004
     -44.1777571754469633       40.2074274181764366     -127.9418892420170835
     -44.5857957316964573       40.2251811693050811     -127.9383739538027100
     -44.9834750469442781       40.2461935553512618     -127.9339424551020699
     -45.3704125248297885       40.2706091477101538     -127.9285318559648630
     -45.7462427839515655       40.2984944962812222     -127.9221031275195770
     -46.1106187494053472       40.3298396448230392     -127.9146408895419711
     -46.4632146013565546       40.3645609532514911     -127.9061527217931626
     -46.8037302101094923       40.4025053987990503     -127.8966677617974881
     -47.1318960814878807       40.4434567203205120     -127.8862355670774775
     -47.4474780106353933       40.4871427955486425     -127.8749239185566609
     -47.7502816344077061       40.5332443150850921     -127.8628163874386132
     -48.0401535449917958       40.5814042508617661     -127.8500098205389861
     -48.3169802870415950       40.6312370278920767     -127.8366114412467311
     -48.5806875098326998       40.6823373557864230     -127.8227362430846199
     -48.8312392812390783       40.7342886660918424     -127.8085046143569912
     -49.0686374896645816       40.7866709958656202     -127.7940398526333325
     -49.2929212908183345       40.8390683226834668     -127.7794657748977158
     -49.5041665730847527       40.8910753629720816     -127.7649046503695587
     -49.7024854146671728       40.9423036979196766     -127.7504752058354427
     -49.8880255175722596       40.9923871989789887     -127.7362907668589429
     -50.0609696061242602       41.0409867083389415     -127.7224575133060256
     -50.2215347807002459       41.0877940633081664     -127.7090732057875471
     -50.3699718176432611       41.1325353473846747     -127.6962260561963660
     -50.5065644088432961       41.1749733705491821     -127.6839937494350039
     -50.6316283361955968       41.2149094190202803     -127.6724426996218114
     -50.7455105772277335       41.2521843014626413     -127.6616275434133740
     -50.8485883392487779       41.2866787321219064     -127.6515908784360676
     -50.9412680227699610       41.3183130701709018     -127.6423631564021264
     -51.0239841121888560       41.3470464951406740     -127.6339627992583559
     -51.0971979946330990       41.3728756779357099     -127.6263965190838832
     -51.1613967091108748       41.3975192853200511     -127.6191128104728563
     -51.2170916283753996       41.4228966262650928     -127.6114940110786478
     -51.2648170761483044       41.4486168236844392     -127.6036716614802771
     -51.3051288831538557       41.4743224251300617     -127.5957672070517930
     -51.3386028855897010       41.4996907027513444     -127.5878915010673182
     -51.3658333698789065       41.5244271007849619     -127.5801468528121063
     -51.3874314678631805       41.5482589278240795     -127.5726289984867066
     -51.4040235067589748       41.5709285507964879     -127.5654292385550264
     -51.4162493183395455       41.5921850901226051     -127.5586370692693663
     -51.4247605119260598       41.6117729588229182     -127.5523438506149887
     -51.4302187158717601       41.6294140186138222     -127.5466485657225917
     -51.4332937923075733       41.6447762564294308     -127.5416679909965580
     -51.4346620299861783       41.6574144354765608     -127.5375560299589210
     -51.4350043201157590       41.6676473254519451     -127.5342170582110271
     -51.4346620299861783       41.6778776817222010     -127.5308703314274510
     -51.4332937923075733       41.6905057340783785     -127.5267273751288712
     -51.4302187158717601       41.7058452200160161     -127.5216771626109562
     -51.4247605119260598       41.7234459214874178     -127.5158583510257557
     -51.4162493183395100       41.7429709238522975     -127.5093727142872240
     -51.4040235067586266       41.7641373002838705     -127.5023045789967568
     -51.3874314678607789       41.7866848259572166     -127.4947311098586482
     -51.3658333698659888       41.8103581757697071     -127.4867281964962871
     -51.3386028855325449       41.8348955086296144     -127.4783742596917193
     -51.3051288829372183       41.8600202109101858     -127.4697530307538500
     -51.2648170754248795       41.8854341413594540     -127.4609558448204893
     -51.2170916262031923       41.9108113764202912     -127.4520837743101680
     -51.1613967031541392       41.9357917123302713     -127.4432498446030024
     -51.0971979795332061       41.9599820074095149     -127.4345786676591530
     -51.0239840762007546       41.9852960133718156     -127.4254355781555148
     -50.9412679411229803       42.0134464810416404     -127.4152509775529722
     -50.8485881620445426       42.0444267518720309     -127.4040214166756755
     -50.7455102077918170       42.0781929856722101     -127.3917561332697517
     -50.6316275938118849       42.1146628920104149     -127.3784775806671519
     -50.5065629666698399       42.1537149842271219     -127.3642218246009463
     -50.3699691023787892       42.1951884128475569     -127.3490387894563156
     -50.2215298149624090       42.2388833987763448     -127.3329922528519802
     -50.0609607672781962       42.2845623300355413     -127.3161596518606160
     -49.8880101776929621       42.3319515429165207     -127.2986316728778036
     -49.7024594152349550       42.3807437982974733     -127.2805116102553455
     -49.5041234747196270       42.4306014239203080     -127.2619144069096535
     -49.2928513226549114       42.4811601042324867     -127.2429653752694634
     -49.0685261045575771       42.5320333951446017     -127.2237989387392503
     -48.8310652013339705       42.5828177980199030     -127.2045570625693358
     -48.5804201211113522       42.6330983351389463     -127.1853874297043063
     -48.3165762093250493       42.6824545224681771     -127.1664413422600859
     -48.0395521619808505       42.7304667208491509     -127.1478716505737907
     -47.7493993101687906       42.7767226662737983     -127.1298305447861168
     -47.4462006327966961       42.8208239618832565     -127.1124670731659165
     -47.1300694358811967       42.8623924684175961     -127.0959248061206495
     -46.8011477136157623       42.9010764009381020     -127.0803397883300931
     -46.4596064492249781       42.9365559151564966     -127.0658382171973386
     -46.1056491427679447       42.9685490271798969     -127.0525342317207560
     -45.7395152102955294       42.9968180806171461     -127.0405276598050364
     -45.3614834391970945       43.0211764316856247     -127.0299009904789784
     -44.9718747017425358       43.0414957506992621     -127.0207169691883564
     -44.5710529643230231       43.0577133003292758     -127.0130158716533657
     -44.1594242483958581       43.0698388114950674     -127.0068128425642726
     -43.7374338724918132       43.0779605343780645     -127.0020956265270655
     -43.3055626313808517       43.0822499158726160     -126.9988223098645079
     -42.8643225265483849       43.0829650822239500     -126.9969203671652735
     -42.4142518162201299       43.0804524330701213     -126.9962855206318437
     -41.9559077651916041       43.0751454084221734     -126.9967824853003435
     -41.4898653670217215       43.0673789259795896     -126.9983075320196946
     -41.0167214641350526       43.0571368412700650     -127.0008743684491037
     -40.5370904088484281       43.0443699170889786     -127.0045057895036962
     -40.0516018395064179       43.0290475621405974     -127.0092163447123141
     -39.5608989616118265       43.0111576710689434     -127.0150120307901460
     -39.0656367295355480       42.9907064676159010     -127.0218906019846941
     -38.5664799921825079       42.9677180008058528     -127.0298414887029281
     -38.0641016058261101       42.9422336129037703     -127.0388462630859578
     -37.5591805575938764       42.9143111098462882     -127.0488788338947899
     -37.0524000957635167       42.8840238572055128     -127.0599059917690710
     -36.5444458913247274       42.8514596703452142     -127.0718878660249374
     -36.0360042348149108       42.8167195982085360     -127.0847785264689236
     -35.5277603219838909       42.7799166064021748     -127.0985266607715971
     -35.0203971216115022       42.7411742553137941     -127.1130761707672150
     -34.5145942003550985       42.7006256051779687     -127.1283668556012856
     -34.0110260191406724       42.6584120910829228     -127.1443349276520109
     -33.5103601756969596       42.6146824143370253     -127.1609137198558273
     -33.0132556992770390       42.5695913512775306     -127.1780342515619822
     -32.5203613557387001       42.5232985700736350     -127.1956258768938710
     -32.0323140039571683       42.4759674158026499     -127.2136168524825592
     -31.5497369772080631       42.4277637479650807     -127.2319350328305205
     -31.0732385102793671       42.3788547589895543     -127.2505084384509075
     -30.6034102062831046       42.3294078197871499     -127.2692657951311475
     -30.1408255451055282       42.2795893615225751     -127.2881370355434285
     -29.6860384441061953       42.2295638083891234     -127.3070537746073398
     -29.2395818599580686       42.1794925638518450     -127.3259497365945521
     -28.8019664500447270       42.1295330738456002     -127.3447611791927301
     -28.3736792799176420       42.0798379436446268     -127.3634272229960374
     -27.9551825606753859       42.0305541301451626     -127.3818901543582456
     -27.5469124161571912       41.9818221856268323     -127.4000956845203234
     -27.1492777809821639       41.9337755696376462     -127.4179931485031432
     -26.7626593992398369       41.8865400736459677     -127.4355356983006402
     -26.3874088593689891       41.8402333214916524     -127.4526803738912690
     -26.0238477209423813       41.7949644020689419     -127.4693882312403304
     -25.6722666796326884       41.7508335598364440     -127.4856243134529024
     -25.3329248180504543       41.7079319997661884     -127.5013576538998450
     -25.0060489259821388       41.6663417764060426     -127.5165612394985857
     -24.6918328819394972       41.6261357462819035     -127.5312118939126123
     -24.3904371307531811       41.5873776174857923     -127.5452902099528956
     -24.1019882290293701       41.5501220473177781     -127.5587804084987908
     -23.8265784713053748       41.5144147941333870     -127.5716701711251631
     -23.5642656125680894       41.4802929340560596     -127.5839505082605427
     -23.3150726715668135       41.4477851078251831     -127.5956155851828271
     -23.0789878199611280       41.4169117947210239     -127.6066625243662287
     -22.8559643686929554       41.3876856206574573     -127.6170912327311839
     -22.6459208570854003       41.3601116889188845     -127.6269042373352391
     -22.4487412343315960       41.3341879193299775     -127.6361064945867838
     -22.2642751223563842       41.3099053967415841     -127.6447052124723598
     -22.0923381723485122       41.2872487195377573     -127.6527096874994243
     -21.9327125168491257       41.2661963424854008     -127.6601311530912142
     -21.7851473156773281       41.2467209096358474     -127.6669826367344598
     -21.6493593927802621       41.2287895727227820     -127.6732788194516530
     -21.5250339656983343       41.2123642984128153     -127.6790359128160759
     -21.4118254643052595       41.1974021618688511     -127.6842715477655616
     -21.3093584362644357       41.1838556263479063     -127.6890046738302829
     -21.2172285366510351       41.1716728095731241     -127.6932554680957850
     -21.1350035990340857       41.1607977382690322     -127.6970452530838145
     -21.0622247851281195       41.1511705927407334     -127.7003964225994679
     -20.9984085292233473       41.1427147589160640     -127.7033366177348199
     -20.9433558819510530       41.1296944055349201     -127.7077150492449391
     -20.8966705961378594       41.1095665318703070     -127.7143508016315963
     -20.8576648642789415       41.0847344478395655     -127.7224699704439388
     -20.8256654865643682       41.0569674586602815     -127.7315034966621425
     -20.8000027856716443       41.0276324450030287     -127.7410127985554169
     -20.7800052600417580       40.9978211834722686     -127.7506487561231836
     -20.7649969704091575       40.9684284127968112     -127.7601264655026512
     -20.7542962905426336       40.9402056562788417     -127.7692077701387490
     -20.7472152644802676       40.9138046042497763     -127.7776871586759313
     -20.7430589885680448       40.8898206329932492     -127.7853776519684459
     -20.7411242882598614       40.8688497552526968     -127.7920924340910886
     -20.7406964735126174       40.8515812076398461     -127.7976151368849003
     -20.7411158427782070       40.8376118017339564     -127.8020783801938052
