     -16.2380350381283165     -140.3444449244472310      -45.8978129815566049
     -16.2394810449949922     -140.3494681999943055      -45.8825325073687367
     -16.2423057717575290     -140.3556553144813677      -45.8637634283305431
     -16.2472873626394758     -140.3631353770562100      -45.8411500617620717
     -16.2551152097453517     -140.3716443243171454      -45.8155345696237362
     -16.2664787981198451     -140.3809521240156926      -45.7876561804771569
     -16.2820586289634299     -140.3908296175858084      -45.7582526220908647
     -16.3025198973454408     -140.4010282223834452      -45.7281224868952449
     -16.3285072281888333     -140.4112644905389686      -45.6981728880553746
     -16.3606394568409215     -140.4212047289747147      -45.6694669895847767
     -16.3995036485873200     -140.4304458619792513      -45.6432830116299044
     -16.4456473038198148     -140.4384875512562587      -45.6211998524834641
     -16.4995668364837798     -140.4446865437578538      -45.6052367631248643
     -16.5616881150030437     -140.4481733953519154      -45.5981074155777009
     -16.6327927550610006     -140.4498501015578142      -45.5970884033659871
     -16.7138821186281028     -140.4517620767256858      -45.5959445556007807
     -16.8054969494802400     -140.4539288753126982      -45.5946546553785623
     -16.9081485745292426     -140.4563651031880340      -45.5932126319155415
     -17.0223185011039639     -140.4590851530520013      -45.5916131342627580
     -17.1484570730896877     -140.4621032234665563      -45.5898515810330522
     -17.2869822003912432     -140.4654333447824115      -45.5879241969461049
     -17.4382781651619077     -140.4690894131916536      -45.5858280313455495
     -17.6026945079596793     -140.4730852332197060      -45.5835609541131603
     -17.7805449976426786     -140.4774345482478566      -45.5811216185150840
     -17.9721066859977334     -140.4821510857588862      -45.5785093967522528
     -18.1776190480888431     -140.4872486412937178      -45.5757242940634839
     -18.3972832129911943     -140.4927411559720554      -45.5727668257600413
     -18.6312612875424435     -140.4986427713422756      -45.5696378519073448
     -18.8796757812223888     -140.5049676738317999      -45.5663383097391446
     -19.1426091337569737     -140.5117302153340120      -45.5628690060020247
     -19.4201034004622173     -140.5189450795240873      -45.5592304194358491
     -19.7121600367726160     -140.5266271965963085      -45.5554224330015387
     -20.0187397724280949     -140.5347915127302088      -45.5514440189846042
     -20.3397625913281210     -140.5434532359114144      -45.5472930819527235
     -20.6751078415854330     -140.5526278995421876      -45.5429662537254529
     -21.0246144763895302     -140.5623313725122330      -45.5384586901779400
     -21.3880814251775391     -140.5725798296179505      -45.5337638826709110
     -21.7652681081129558     -140.5833895385915469      -45.5288734458527315
     -22.1558950870506699     -140.5947767384494114      -45.5237769789310178
     -22.5596448542286510     -140.6067576386737130      -45.5184620175492753
     -22.9761627753922646     -140.6193480943746579      -45.5129139391577340
     -23.4050581661451282     -140.6325636103656223      -45.5071160393081229
     -23.8459055252960113     -140.6464189318301123      -45.5010495433951903
     -24.2982459003127396     -140.6609279654471152      -45.4946937981159749
     -24.7615884024979174     -140.6761033234662648      -45.4880264156132270
     -25.2354118464994635     -140.6919561928949918      -45.4810235976604389
     -25.7191664273999798     -140.7084960956158000      -45.4736604805445808
     -26.2122752163097559     -140.7257307293654094      -45.4659114473566319
     -26.7141358646559546     -140.7436657394146948      -45.4577503289700076
     -27.2241225039075978     -140.7623045580494932      -45.4491506144072730
     -27.7415877345987774     -140.7816479132808354      -45.4400855511317090
     -28.2658646691709770     -140.8016939125440103      -45.4305284251746571
     -28.7962690400018602     -140.8224378570130568      -45.4204527462787695
     -29.3321013514458215     -140.8438722764582280      -45.4098324947835934
     -29.8726490719255899     -140.8659868405338500      -45.3986423183211869
     -30.4171888490289746     -140.8887683724352371      -45.3868577509496234
     -30.9649887373796027     -140.9122009511686144      -45.3744554504858968
     -31.5153104204495342     -140.9362661643195338      -45.3614134746320943
     -32.0674114442554767     -140.9609428548288292      -45.3477113857066172
     -32.6205474237350330     -140.9862069333470345      -45.3333303698038321
     -33.1739742189451263     -141.0120311567645501      -45.3182533401079723
     -33.7269502495687163     -141.0383855166972467      -45.3024652477971230
     -34.2787408092607606     -141.0652381548195535      -45.2859539341753390
     -34.8286225113739007     -141.0925549086522608      -45.2687114608073671
     -35.3758856202752128     -141.1202988965473537      -45.2507357512738366
     -35.9198359915863392     -141.1484302522870280      -45.2320321900567208
     -36.4597968217217101     -141.1769058437436115      -45.2126150824129311
     -36.9951102082645562     -141.2056790750525579      -45.1925089839127736
     -37.5251385531640906     -141.2346996882922951      -45.1717498566531219
     -38.0492658294544270     -141.2639136991183761      -45.1503860878002499
     -38.5668987836713626     -141.2932632686706711      -45.1284793105116790
     -39.0774681436873053     -141.3226866635785086      -45.1061050928783800
     -39.5804299601319798     -141.3521182503988598      -45.0833535133739716
     -40.0752712464816696     -141.3814704081500224      -45.0603870178558168
     -40.5615401757373135     -141.4105225195846742      -45.0377945176821157
     -41.0388371221106567     -141.4390103627326596      -45.0163106850073049
     -41.5067940003361571     -141.4666910562449118      -44.9966100591320739
     -41.9650541905774261     -141.4933434963948571      -44.9793019199847350
     -42.4132608731367284     -141.5187698831121565      -44.9649241667331339
     -42.8510477853373146     -141.5427968390166029      -44.9539368742455849
     -43.2780314228205398     -141.5652771144989117      -44.9467160694704546
     -43.6938068899391752     -141.5860908473969175      -44.9435475440892560
     -44.0979496207209323     -141.6051477522034645      -44.9446217567565682
     -44.4900241625148993     -141.6223878481245038      -44.9500302029928847
     -44.8695986433285512     -141.6377821736028011      -44.9597650725306224
     -45.2362614608678086     -141.6513323661224035      -44.9737228234728619
     -45.5896373466960227     -141.6630684896598495      -44.9917115362644182
     -45.9294034552329293     -141.6730459929995902      -45.0134619870903947
     -46.2552933247377283     -141.6813426652740304      -45.0386424337390352
     -46.5670934720468637     -141.6880548361642980      -45.0668731185306868
     -46.8646407676469892     -141.6932932544103494      -45.0977391357381592
     -47.1478205964560075     -141.6971789036544465      -45.1308019347080887
     -47.4165654877338483     -141.6998399218621216      -45.1656099763549790
     -47.6708540883813257     -141.7014086450839727      -45.2017083136255522
     -47.9107103644879260     -141.7020187460261127      -45.2386471301931294
     -48.1362029283661741     -141.7018028989728862      -45.2759893979768862
     -48.3474444347347472     -141.7008907744273927      -45.3133176041834673
     -48.5445910013537087     -141.6994071504431645      -45.3502394902589216
     -48.7278416060789752     -141.6974703364032848      -45.3863928778077650
     -48.8974374267056433     -141.6951908973032630      -45.4214495958072604
     -49.0536610952332950     -141.6926706886983425      -45.4551185380189793
     -49.1968358496742013     -141.6900021107463203      -45.4871478555921982
     -49.3273245754272196     -141.6872674201047175      -45.5173262765567159
     -49.4455287111408381     -141.6845384188746948      -45.5454837073642196
     -49.5518870202224377     -141.6818763757036947      -45.5714911317524169
     -49.6468742284040516     -141.6793321393734288      -45.5952598638392601
     -49.7309995303510064     -141.6769464257895663      -45.6167402258430457
     -49.8050099749044435     -141.6741604287147993      -45.6377851350928054
     -49.8697040987279436     -141.6703466410006627      -45.6604675523785843
     -49.9256250929498648     -141.6656876534326273      -45.6843028217736062
     -49.9733440678686378     -141.6603570363928384      -45.7088411838281559
     -50.0134585417542468     -141.6545187061173294      -45.7336693846807592
     -50.0465899161310617     -141.6483290189415527      -45.7584035963481384
     -50.0733809263281557     -141.6419387685288598      -45.7826826062098320
     -50.0944929816861517     -141.6354953513276769      -45.8061604542859300
     -50.1106032786842235     -141.6291454558007672      -45.8284974118061044
     -50.1224014905098372     -141.6230388618818665      -45.8493474677863375
     -50.1305856457328574     -141.6173344895114496      -45.8683387533683629
     -50.1358563380434319     -141.6122111972817095      -45.8850390520336759
     -50.1389075027595936     -141.6078884547777079      -45.8988903013722336
     -50.1405311236049656     -141.6043172497927571      -45.9101793689338180
     -50.1413971509679044     -141.6006832765289687      -45.9215317718651619
     -50.1414199849080688     -141.5961096363834031      -45.9356361937086035
     -50.1398845909938089     -141.5904224950870685      -45.9529055009977654
     -50.1359880811631271     -141.5837174252880857      -45.9729068018480405
     -50.1289484652687776     -141.5760507213332460      -45.9953319051207856
     -50.1179994369783870     -141.5674604984861276      -46.0199315150550774
     -50.1023885465636027     -141.5579779351749892      -46.0464804443205935
     -50.0813769854069193     -141.5476337788401793      -46.0747577514571844
     -50.0542401134282215     -141.5364626129662042      -46.1045339509664274
     -50.0202683314870313     -141.5245060203070011      -46.1355617258159825
     -49.9787680918601112     -141.5118152245444492      -46.1675683089353086
     -49.9290629198492510     -141.4984535613889136      -46.2002484269000391
     -49.8704943509435310     -141.4844990395720004      -46.2332569839125469
     -49.8024237626706210     -141.4700441171014802      -46.2662104293904051
     -49.7245188605843467     -141.4543641042965305      -46.3012750121129031
     -49.6364499179373837     -141.4368060712378963      -46.3403919321476891
     -49.5377063361503076     -141.4173297939008762      -46.3835976225794795
     -49.4278028111780756     -141.3959108838402301      -46.4308846748565642
     -49.3062804552504232     -141.3725414446199693      -46.4822003145214495
     -49.1727078798579669     -141.3472305530265771      -46.5374454513912994
     -49.0266822359061578     -141.3200045424487143      -46.5964743637972489
     -48.8678302037627930     -141.2909070679320678      -46.6590950657178780
     -48.6958089201263391     -141.2599989781560623      -46.7250704067642104
     -48.5103068219074700     -141.2273580741415344      -46.7941199566818256
     -48.3110444034487543     -141.1930783879575984      -46.8659225591719348
     -48.0977748494217181     -141.1572692360316523      -46.9401196231097799
     -47.8702845117652060     -141.1200540542947408      -47.0163191137439327
     -47.6283931925881916     -141.0815690489877738      -47.0941001885050738
     -47.3719541893039349     -141.0419616312222217      -47.1730183704786796
     -47.1008540514273477     -141.0013885329348398      -47.2526110957491028
     -46.8150119741729895     -140.9600138597003820      -47.3324035531977643
     -46.5143787335128209     -140.9180073140426828      -47.4119146865017171
     -46.1989350683760520     -140.8755420793949895      -47.4906629275402565
     -45.8686893248243024     -140.8327927654387395      -47.5681714710836445
     -45.5236740608321213     -140.7899343406862442      -47.6439729947489070
     -45.1639417035815214     -140.7471406006736174      -47.7176127761425519
     -44.7895673965457135     -140.7045829617290735      -47.7886498225759553
     -44.4006637495383742     -140.6624293127275394      -47.8566584170461269
     -43.9973953366611212     -140.6208436474547057      -47.9212330399614288
     -43.5799937380465181     -140.5799845750028965      -47.9819960977286755
     -43.1487702784898559     -140.5400018717701869      -48.0386086617796124
     -42.7041229141662271     -140.5010322328012080      -48.0907842184652665
     -42.2465359769350499     -140.4631939282915027      -48.1383039187291857
     -41.7765738690572661     -140.4265805426561542      -48.1810315391018023
     -41.2948709258763600     -140.3912555838941216      -48.2189271449966412
     -40.8021196295453663     -140.3572476276727912      -48.2520582826546089
     -40.2990562290130825     -140.3245465821253788      -48.2806083552326939
     -39.7864377128726261     -140.2931013931083157      -48.3048792632957742
     -39.2650179869531826     -140.2628891983638084      -48.3250871303372591
     -38.7355355954121165     -140.2340113012629672      -48.3410829032932625
     -38.1987405143018393     -140.2065735501755057      -48.3527030926296320
     -37.6553962577330665     -140.1806667155060211      -48.3598264031925211
     -37.1062775891005145     -140.1563663720130819      -48.3623731178468503
     -36.5521679972837390     -140.1337330327545203      -48.3603041130386160
     -35.9938570831445119     -140.1128123892509052      -48.3536194199651277
     -35.4321379460173915     -140.0936357034917421      -48.3423563445960696
     -34.8678046300523548     -140.0762203946393072      -48.3265871829065929
     -34.3016496868315457     -140.0605707608987132      -48.3064165499552089
     -33.7344618746811022     -140.0466789001676204      -48.2819783968217706
     -33.1670240247783141     -140.0345256815265316      -48.2534327255991826
     -32.6001112732426606     -140.0240819745772853      -48.2209621578706731
     -32.0344913859103642     -140.0153100655921037      -48.1847688140698978
     -31.4709250774256581     -140.0081635688111419      -48.1450716265250378
     -30.9101643003188684     -140.0025878796160725      -48.1021041656502533
     -30.3529503809641987     -139.9985211910777991      -48.0561126073544074
     -29.8000122269150296     -139.9958955653179089      -48.0073536760398270
     -29.2520646016945243     -139.9946379579003803      -47.9560925532332192
     -28.7098064885026325     -139.9946707246168955      -47.9026006150612531
     -28.1739195098040547     -139.9959123557288763      -47.8471532776839368
     -27.6450664102322143     -139.9982781873002864      -47.7900278864326040
     -27.1238895979657464     -140.0016812428682442      -47.7315017212302450
     -26.6110097481662038     -140.0060328711426507      -47.6718500226649198
     -26.1070244609653912     -140.0112435255775551      -47.6113441737446692
     -25.6125069774417362     -140.0172233527341348      -47.5502499387185438
     -25.1280049383890081     -140.0238831644203685      -47.4888259675451749
     -24.6540392015740863     -140.0311350820445853      -47.4273223344825254
     -24.1911026049019249     -140.0388930844329423      -47.3659791742921072
     -23.7396586662837983     -140.0470735933442370      -47.3050253853689142
     -23.3001406225494989     -140.0555958650234629      -47.2446773989307829
     -22.8729505898270418     -140.0643825239320392      -47.1851382228223883
     -22.4584587603349348     -140.0733600313934915      -47.1265966940873042
     -22.0570026379858568     -140.0824589921653569      -47.0692269009437396
     -21.6688863092453445     -140.0916145232430665      -47.0131878398932983
     -21.2943797639683474     -140.1007663097053637      -46.9586231692931548
     -20.9337182528470116     -140.1098588958111577      -46.9056612287952674
     -20.5871017084858750     -140.1188415581759159      -46.8544150886700308
     -20.2546942129998833     -140.1276684340712961      -46.8049828366299394
     -19.9366235307546233     -140.1362985492913538      -46.7574479634976754
     -19.6329807134422047     -140.1446956950414631      -46.7118798112715510
     -19.3438197766246809     -140.1528282552813494      -46.6683340977259888
     -19.0691574601360294     -140.1606689138733088      -46.6268534743910621
     -18.8089730745287227     -140.1681942998868351      -46.5874681184206594
     -18.5632084243973807     -140.1753850906798107      -46.5501965129491779
     -18.3317678630128995     -140.1822258209354288      -46.5150461564330442
     -18.1145184690355094     -140.1887044768536157      -46.4820142289552507
     -17.9112902647310221     -140.1948123157554278      -46.4510883278261488
     -17.7218765259203899     -140.2005437870941478      -46.4222472052154416
     -17.5460342045253164     -140.2058962797032962      -46.3954614080434879
     -17.3834844588471995     -140.2108698722813074      -46.3706938731395581
     -17.2339132908747708     -140.2154670888596968      -46.3479004744474850
     -17.0969722861394402     -140.2196927151498471      -46.3270305389371089
     -16.9722794572649072     -140.2235536132085656      -46.3080273106562785
     -16.8594201882683770     -140.2270585423927969      -46.2908283676503913
     -16.7579482763647256     -140.2302179971704561      -46.2753659991559800
     -16.6673870685982770     -140.2330440602415251      -46.2615675480973394
     -16.5872306904980000     -140.2355502689974287      -46.2493557249898828
     -16.5169463746377971     -140.2377562780805249      -46.2386344363943422
     -16.4564085427862707     -140.2417361685142509      -46.2230992677655976
     -16.4052214711206759     -140.2484022369128525      -46.1999479631871495
     -16.3625864523703193     -140.2568704788981790      -46.1718038386923979
     -16.3277313769069501     -140.2664880889692540      -46.1405943714587323
     -16.2998946830857534     -140.2767494855072243      -46.1078052777958831
     -16.2783173549262230     -140.2872499853020827      -46.0746202116115029
     -16.2622387469549778     -140.2976572847892385      -46.0420064281344139
     -16.2508943141776676     -140.3076917271013144      -46.0107738514199411
     -16.2435141839777160     -140.3171103780959470      -45.9816226894101163
     -16.2393217541595511     -140.3256911003024925      -45.9551911994933420
     -16.2375312931113207     -140.3332118360624463      -45.9321181894738402
     -16.2373428353492599     -140.3394171025659602      -45.9131446128693170
     -16.2380350381283165     -140.3444449244472310      -45.8978129815566049
