     -28.8285127683589586      -57.0602973856042013      -16.4041601426436259
     -28.8259471307654742      -57.0638785287845138      -16.3911416018826301
     -28.8236908230056628      -57.0683960660846523      -16.3749160251174359
     -28.8223196024093404      -57.0740175765110180      -16.3550135188125338
     -28.8226313301442083      -57.0806326755980962      -16.3319790750576459
     -28.8253983302303851      -57.0881541549065332      -16.3062720073645657
     -28.8313848667580146      -57.0964945281013172      -16.2783522647618426
     -28.8413572599126837      -57.1055517171915170      -16.2487336959186131
     -28.8560912511461964      -57.1151982454735077      -16.2180248852207782
     -28.8763793803684869      -57.1252705709618311      -16.1869699124018602
     -28.9030405750580037      -57.1355558920256499      -16.1564988680956532
     -28.9369348220182268      -57.1457729520161735      -16.1278009642197375
     -28.9789881192334065      -57.1555405550488942      -16.1024435051743637
     -29.0302391302111289      -57.1643199624450062      -16.0825878872898471
     -29.0906793044415366      -57.1728023486126631      -16.0657947370357839
     -29.1596152003871509      -57.1824661378967534      -16.0466529309321508
     -29.2375050152171951      -57.1933763791388969      -16.0250213044554926
     -29.3247861900625182      -57.2055908771786434      -16.0007775663407408
     -29.4218716411843602      -57.2191632315306506      -15.9738064966862865
     -29.5291488185750772      -57.2341425698567079      -15.9440004779878421
     -29.6469788534301912      -57.2505732728642442      -15.9112601141682646
     -29.7756957943669995      -57.2684946821307932      -15.8754949572776685
     -29.9156059324077042      -57.2879407870790232      -15.8366243595574225
     -30.0669872155790223      -57.3089398896156368      -15.7945784646216634
     -30.2300887543906640      -57.3315142500300610      -15.7492993478304815
     -30.4051304151591069      -57.3556797750681042      -15.7007423264711505
     -30.5923025103195876      -57.3814456497651832      -15.6488774113869482
     -30.7917655871780518      -57.4088139014319054      -15.5936908910789978
     -31.0036503065519575      -57.4377789964517476      -15.5351870649304900
     -31.2280573738085820      -57.4683274443106882      -15.4733901054014833
     -31.4650573798008040      -57.5004374701063909      -15.4083460105477954
     -31.7146907822648849      -57.5340786702614508      -15.3401244899931122
     -31.9769680453312333      -57.5692117026408283      -15.2688208134125674
     -32.2518698307580962      -57.6057881000096188      -15.1945576445986035
     -32.5393472260410093      -57.6437502834603919      -15.1174868378496718
     -32.8393220241509454      -57.6830313733703477      -15.0377910440761493
     -33.1516870152052547      -57.7235553374209402      -14.9556852214277161
     -33.4763062079440559      -57.7652388617446633      -14.8714183555004826
     -33.8130151688037870      -57.8079910749934172      -14.7852743307582717
     -34.1616213808680840      -57.8517129659539862      -14.6975723980205206
     -34.5219045812662060      -57.8962975418229249      -14.6086674607251510
     -34.8936169763713266      -57.9416304290745572      -14.5189500533485401
     -35.2764834412572554      -57.9875907161149939      -14.4288459163606309
     -35.6702016724088367      -58.0340517550562822      -14.3388150583553955
     -36.0744422385555978      -58.0808816827090553      -14.2493502148870110
     -36.4888486080518319      -58.1279445209529513      -14.1609748895351668
     -36.9130373219469732      -58.1751007896908163      -14.0742406877863662
     -37.3465990930533920      -58.2222087192966029      -13.9897244657729747
     -37.7890994318414357      -58.2691248297912949      -13.9080253906588975
     -38.2400789079807097      -58.3157047055033004      -13.8297618272366787
     -38.6990533330677593      -58.3618035549603604      -13.7555678342265963
     -39.1655139141153299      -58.4072767450733039      -13.6860893216114921
     -39.6389273595727474      -58.4519802719974635      -13.6219798678033417
     -40.1187359621358652      -58.4957710899495851      -13.5638961872071508
     -40.6043576584881691      -58.5385074072650298      -13.5124932839580953
     -41.0951861093198190      -58.5800489048851958      -13.4684192927763675
     -41.5905907889029862      -58.6202568346977557      -13.4323100112629366
     -42.0899171894076005      -58.6589941165916073      -13.4047831686245935
     -42.5924870717904227      -58.6961253681306658      -13.3864324380164206
     -43.0975989457563742      -58.7315174004255383      -13.3778213435345865
     -43.6045287171728617      -58.7650388126137386      -13.3794767883978594
     -44.1125300428295475      -58.7965596202554295      -13.3918823728698744
     -44.6208277740339838      -58.8259506819376341      -13.4154695767667356
     -45.1286118800721354      -58.8530836806577682      -13.4506046213442882
     -45.6350390287088032      -58.8778353392389491      -13.4975749270696781
     -46.1392363362391933      -58.9000903117901373      -13.5565756459775990
     -46.6403064929314439      -58.9197431624428063      -13.6276968063858330
     -47.1373341494526343      -58.9367012899310510      -13.7109119148451342
     -47.6293934617612749      -58.9508878452800786      -13.8060681962202487
     -48.1155564167011818      -58.9622452786237687      -13.9128789539482529
     -48.5949016768651560      -58.9707382647060996      -14.0309179779219004
     -49.0665231568988673      -58.9763576677847041      -14.1596164357101255
     -49.5295378940589472      -58.9791233838328210      -14.2982615433864844
     -49.9830759023882081      -58.9790754610669481      -14.4460449609771118
     -50.4261730358527132      -58.9761950289343702      -14.6023548813569981
     -50.8578263915888940      -58.9704690123781035      -14.7665321910189000
     -51.2770810854982315      -58.9619389081329643      -14.9377098839811744
     -51.6830954340999469      -58.9507007620216541      -15.1148561705425113
     -52.0751725793031142      -58.9368988500502979      -15.2968248423008895
     -52.4527805795828357      -58.9207175025776735      -15.4824098913937913
     -52.8155659647091795      -58.9023704140721236      -15.6704025685648478
     -53.1633565710802856      -58.8820878563073151      -15.8596450260078541
     -53.4961491418456703      -58.8601054638255405      -16.0490737011480071
     -53.8140806356673167      -58.8366533097311546      -16.2377449649704779
     -54.1173874601895335      -58.8119496191747544      -16.4248413023343538
     -54.4063620121624112      -58.7861984912319357      -16.6096609563957038
     -54.6813132735428624      -58.7595899591009925      -16.7915960833865867
     -54.9425281066332474      -58.7323043860695506      -16.9701001466299601
     -55.1902662626670093      -58.7045172651270590      -17.1446662126745011
     -55.4247745465857662      -58.6764012777843007      -17.3148194926867660
     -55.6462972077675460      -58.6481270792328289      -17.4801139559636276
     -55.8550829117280045      -58.6198638600634183      -17.6401316311303376
     -56.0513894117165918      -58.5917786667411207      -17.7944834464237189
     -56.2354865501207399      -58.5640351497198282      -17.9428111459530299
     -56.4076580345643279      -58.5367919756289012      -18.0847898425659928
     -56.5682023196544108      -58.5102011367566277      -18.2201308814212943
     -56.7174328279847444      -58.4844061589163360      -18.3485847072808959
     -56.8556777012905812      -58.4595403219875465      -18.4699435353276904
     -56.9832792343970667      -58.4357249886243011      -18.5840436804104776
     -57.1005931183180166      -58.4130680480395625      -18.6907674221569486
     -57.2079875916974814      -58.3916625003493124      -18.7900443307814662
     -57.3058425372768596      -58.3715856957699515      -18.8818521716038887
     -57.3945486311222623      -58.3528986281012649      -18.9662171792895293
     -57.4745065727565674      -58.3356454347431139      -19.0432137538769837
     -57.5461264135051920      -58.3198531914519549      -19.1129636312685101
     -57.6098269944912502      -58.3055319919579489      -19.1756345650530982
     -57.6660354946896945      -58.2926752946593538      -19.2314385657689613
     -57.7144285012360641      -58.2807098718159367      -19.2820684266787516
     -57.7546148179212793      -58.2689878355099324      -19.3293980405327659
     -57.7872639574585776      -58.2576107679478383      -19.3733404648895799
     -57.8130507328500514      -58.2466680551588354      -19.4138474842659363
     -57.8326532169661220      -58.2362362961724358      -19.4509099399927763
     -57.8467541873083491      -58.2263813463343993      -19.4845513492381990
     -57.8560424190692046      -58.2171603468621441      -19.5148217235478185
     -57.8612141658917380      -58.2086239760956659      -19.5417909543432167
     -57.8629752835706768      -58.2008192456075193      -19.5655409139726331
     -57.8620447475624715      -58.1937933840203456      -19.5861548617813668
     -57.8591610219043986      -58.1875998739312479      -19.6037014076678737
     -57.8550944793919300      -58.1823089935389390      -19.6182069893380309
     -57.8506724268713342      -58.1780276897233648      -19.6296044737545259
     -57.8463824392713661      -58.1746084654043898      -19.6384796169336227
     -57.8414591085703833      -58.1712325146755731      -19.6470368078482061
     -57.8345053937408977      -58.1671241868862055      -19.6571633435448732
     -57.8247490249468328      -58.1622220556246106      -19.6688125212162923
     -57.8117660134366815      -58.1567185350005502      -19.6812890647012182
     -57.7950873907504103      -58.1507685171136757      -19.6939973152796064
     -57.7742276169236177      -58.1445089918014020      -19.7063915596980372
     -57.7487003516066864      -58.1380693329516944      -19.7179502243869997
     -57.7180281321850686      -58.1315770798933897      -19.7281615410986930
     -57.6817491489418970      -58.1251615675427402      -19.7365146348684526
     -57.6394225650499052      -58.1189564731126254      -19.7424932814535339
     -57.5906331224713526      -58.1131018249415447      -19.7455709184666581
     -57.5349954792752669      -58.1077457995728608      -19.7452060537034910
     -57.4721586081240048      -58.1030465456741965      -19.7408374333337306
     -57.4018066109459824      -58.0991713271541599      -19.7318858482610437
     -57.3226064746073263      -58.0955164281749532      -19.7197470885204602
     -57.2333388665421054      -58.0915448430145815      -19.7056575437853709
     -57.1335831218949437      -58.0872919258819991      -19.6894019772282007
     -57.0229609274985876      -58.0828041568110365      -19.6707464824019347
     -56.9011380801362421      -58.0781394505169075      -19.6494380583638097
     -56.7678259977257085      -58.0733670082915481      -19.6252045514596283
     -56.6227829350243468      -58.0685671514156567      -19.5977551959130132
     -56.4658149119726858      -58.0638310116215806      -19.5667817981280407
     -56.2967763858920662      -58.0592598177603989      -19.5319605694133749
     -56.1155706842085351      -58.0549638575167322      -19.4929547346534591
     -55.9221502373911363      -58.0510610815249990      -19.4494180174099895
     -55.7165166647978864      -58.0476752778178309      -19.4009991032957885
     -55.4987207950462320      -58.0449338873011982      -19.3473472507939839
     -55.2688627105292056      -58.0429653931007437      -19.2881191981526356
     -55.0270919287579332      -58.0418961931720716      -19.2229875422736178
     -54.7736078961980155      -58.0418465215138966      -19.1516507000316238
     -54.5086609347682582      -58.0429260125717192      -19.0738449712035170
     -54.2325538639137648      -58.0452292357820312      -18.9893592228806583
     -53.9456447321537595      -58.0488300277577167      -18.8980523597744643
     -53.6483511957867734      -58.0537745029312404      -18.7998743078921571
     -53.3411573000050225      -58.0600740156752195      -18.6948920160616723
     -53.0246229170957406      -58.0676967116118021      -18.5833209338020886
     -52.6993733185339437      -58.0765593171103660      -18.4655487977285340
     -52.3660561210109847      -58.0865254329265355      -18.3421359429246991
     -52.0252995766935769      -58.0974078191492964      -18.2138038036290872
     -51.6776691762511859      -58.1089739056147607      -18.0814101404836194
     -51.3236291502390642      -58.1209559310362422      -17.9459155688116105
     -50.9635179097239757      -58.1330615976820440      -17.8083481440230429
     -50.5975409190295551      -58.1449841586974117      -17.6697725628709712
     -50.2257786484529234      -58.1564119421379075      -17.5312672872780837
     -49.8482048142050402      -58.1670345162805731      -17.3939087061540008
     -49.4647100711244576      -58.1765481812839838      -17.2587613595562850
     -49.0751359986782134      -58.1846593517710247      -17.1268748044376338
     -48.6793402732304088      -58.1910847053071763      -16.9992971549985477
     -48.2772804264755564      -58.1956036106138086      -16.8769154534753838
     -47.8690661494404992      -58.1981271287593032      -16.7602166432279205
     -47.4548488844479976      -58.1986021241872251      -16.6495766866372605
     -47.0348084623929310      -58.1969941353536697      -16.5453096643075099
     -46.6091572844026700      -58.1932861997033868      -16.4476698828661689
     -46.1781451519774180      -58.1874776473095068      -16.3568539144854057
     -45.7420639779910445      -58.1795829152433015      -16.2730026143352262
     -45.3012517893061784      -58.1696306655340152      -16.1962032890906009
     -44.8560957051422378      -58.1576625453342118      -16.1264919717505464
     -44.4070334603205410      -58.1437325450012636      -16.0638562334766739
     -43.9545535413176154      -58.1279059100749365      -16.0082383995297519
     -43.4991938117113719      -58.1102570097427602      -15.9595391374999078
     -43.0415381607901608      -58.0908668218958866      -15.9176216143519014
     -42.5822050890636703      -58.0698224220864532      -15.8823156342428913
     -42.1218367573964585      -58.0472160698462574      -15.8534196581527986
     -41.6610949225754581      -58.0231451197032300      -15.8307027186034546
     -41.2006574370419116      -57.9977120311984891      -15.8139066938856168
     -40.7412144654754727      -57.9710235497912691      -15.8027486699931003
     -40.2834646802110541      -57.9431903546827485      -15.7969237059920289
     -39.8281112796878247      -57.9143264129413069      -15.7961077497449551
     -39.3758581227793556      -57.8845486878531617      -15.7999608309009094
     -38.9274058078930736      -57.8539763338198014      -15.8081302424020702
     -38.4834479573075683      -57.8227303687083136      -15.8202539280365411
     -38.0446675276772552      -57.7909327647811679      -15.8359637351609983
     -37.6117333833622993      -57.7587061164687654      -15.8548887992266092
     -37.1852969584449227      -57.7261726309531085      -15.8766586702266093
     -36.7659892054444839      -57.6934537517845243      -15.9009064965338460
     -36.3544176914928912      -57.6606691534391373      -15.9272718797956561
     -35.9511643179615135      -57.6279362769620249      -15.9554036899459923
     -35.5567835550962243      -57.5953694525100204      -15.9849628109572102
     -35.1717999850165342      -57.5630790004954704      -16.0156249577588987
     -34.7967058780387575      -57.5311705328930643      -16.0470831652582753
     -34.4319590507621527      -57.4997440268373836      -16.0790497274347288
     -34.0779810927521183      -57.4688934830219864      -16.1112578107536741
     -33.7351558512575025      -57.4387061790737121      -16.1434624760177812
     -33.4038282502752182      -57.4092620849693347      -16.1754412859726990
     -33.0843033743475843      -57.3806335738971498      -16.2069945654253935
     -32.7768457443694246      -57.3528855176326644      -16.2379453760249000
     -32.4816788210671845      -57.3260763553837975      -16.2681394157541845
     -32.1989847993229077      -57.3002578849703710      -16.2974442523231815
     -31.9289046621488097      -57.2754739179304053      -16.3257479725411656
     -31.6715383342634951      -57.2517604983941055      -16.3529580630700622
     -31.4269449921093873      -57.2291462302443534      -16.3790001617063439
     -31.1951435276724247      -57.2076524386310368      -16.4038166484942352
     -30.9761131249680091      -57.1872935217023795      -16.4273652239294421
     -30.7697938499779973      -57.1680773765718655      -16.4496174842693534
     -30.5760872860544062      -57.1500058099188450      -16.4705574402599453
     -30.3948574188928937      -57.1330749306855594      -16.4901800147353050
     -30.2259316076468529      -57.1172755845435205      -16.5084896543859116
     -30.0691016004524982      -57.1025937684730351      -16.5254990685078695
     -29.9241245868961023      -57.0890110497769712      -16.5412281129110781
     -29.7907242908194334      -57.0765049016596180      -16.5557027993261840
     -29.6685921002606072      -57.0650489716424474      -16.5689544355166625
     -29.5573882268036598      -57.0546133712404853      -16.5810189173974614
     -29.4567428982346016      -57.0451649356419566      -16.5919361492890580
     -29.3662575842926934      -57.0366674533026412      -16.6017495787808258
     -29.2855062545837548      -57.0290818694898434      -16.6105058300593917
     -29.2140366674638692      -57.0223664686659646      -16.6182544170658915
     -29.1513689518028762      -57.0164804410603168      -16.6250352750574919
     -29.0958255410079971      -57.0128389620602221      -16.6256396352233011
     -29.0463705257857683      -57.0120303387142471      -16.6178298080463058
     -29.0029747065739869      -57.0133624931011553      -16.6039647129685193
     -28.9654583670122392      -57.0163036866764372      -16.5858181696236464
     -28.9335408398930305      -57.0204242496215130      -16.5647940951250661
     -28.9068684674082732      -57.0253644711631935      -16.5420446652025994
     -28.8850323711789478      -57.0308148360768286      -16.5185426088101650
     -28.8675812221280843      -57.0365023336821153      -16.4951309061158540
     -28.8540318731435335      -57.0421793787926035      -16.4725627334335236
     -28.8438800463261806      -57.0476126875476695      -16.4515414922261982
     -28.8366138293215037      -57.0525687515973061      -16.4327732783303517
     -28.8317345824454705      -57.0567902852591118      -16.4170524174891916
     -28.8285127683589586      -57.0602973856042013      -16.4041601426436259
