  -62.521566555790287        39.816132570514206        123.12910448187846     
  -60.997566555790286        39.816615129207229        123.13059676693601     
  -59.473566555790285        39.817097687900251        123.13208905199356     
  -57.949566555790284        39.817580246593273        123.13358133705111     
  -51.843589550984795        39.819513640479798        123.13956024666139     
  -51.835300027370458        39.819516265270927        123.13956836367728     
  -51.823392620269793        39.819520118612694        123.13958027991549     
  -51.807232677607018        39.819525504698163        123.13959693607542     
  -51.786197009942775        39.819532786154355        123.13961945355938     
  -51.759675570000127        39.819542402592326        123.13964919183493     
  -51.727073096683100        39.819554891142751        123.13968781193118     
  -51.687810719148992        39.819570908714716        123.13973734524555     
  -51.641327516601464        39.819591255702221        123.13980026678225     
  -51.587082029589290        39.819616900857774        123.13987957189482     
  -51.524553718721286        39.819649000716922        123.13997883595405     
  -51.453244366793953        39.819687058977948        123.14009652148754     
  -51.372679420623946        39.819730356967092        123.14023040012228     
  -51.282409268969225        39.819779390023903        123.14038199132682     
  -51.182010453024304        39.819834762182580        123.14055313849059     
  -51.071086806248381        39.819897222515777        123.14074611125574     
  -50.949270520461745        39.819967707827878        123.14096372066724     
  -50.816223135355784        39.820047392150414        123.14120944481876     
  -50.671636448784305        39.820137743662741        123.14148756160799     
  -50.515233345252852        39.820240588289600        123.14180327888856     
  -50.346768539539497        39.820358173058246        123.14216283052632     
  -50.166029236020357        39.820493254128074        123.14257360187051     
  -49.972835700802499        39.820649201174234        123.14304424105254     
  -49.767041744813085        39.820830118324999        123.14358473345418     
  -49.548535116764839        39.821040984806025        123.14420641904444     
  -49.317237803027233        39.821287786740413        123.14492182573485     
  -49.073106240386736        39.821577761042313        123.14574464338804     
  -48.816131438263120        39.821919711051478        123.14668965036506     
  -48.546339008237155        39.822324371855181        123.14777244259001     
  -48.263789100554909        39.822804831384005        123.14900887686380     
  -47.968576258964852        39.823377243778793        123.15041481686265     
  -47.660829187427723        39.824061726820098        123.15200565123956     
  -47.340710427240879        39.824883422284266        123.15379525450976     
  -47.008415955985285        39.825873927729859        123.15579533241878     
  -46.664174686807804        39.827072303836999        123.15801489107557     
  -46.308247853965710        39.828525153478267        123.16045932465538     
  -45.940928301667519        39.830286177089675        123.16313052174331     
  -45.562539664289964        39.832414788942984        123.16602685984810     
  -45.173435445463660        39.834974003307110        123.16914325390809     
  -44.773998013892452        39.838028133540085        123.17247196561009     
  -44.364637512251392        39.841640099176040        123.17600249351422     
  -43.945790704153552        39.845869244087794        123.17972255243744     
  -43.517919753962460        39.850769198957728        123.18361827407878     
  -43.081510948261425        39.856386240592350        123.18767476036352     
  -42.637073374255813        39.862758381332171        123.19187623609488     
  -42.185137558035194        39.869916009623431        123.19620802235754     
  -41.726254050882282        39.877882942442326        123.20065937529016     
  -41.260991960182281        39.886675272846553        123.20521962326346     
  -40.789937433180810        39.896301321752063        123.20987765481654     
  -40.313692095708404        39.906761736314643        123.21462171070758     
  -39.832871451961886        39.918049748599998        123.21943946127823     
  -39.348103247754892        39.930151448563869        123.22431790135796     
  -38.860025805314059        39.943046185534001        123.22924339901998     
  -38.369286325994437        39.956707033283678        123.23420171253396     
  -37.876539178848013        39.971101319036094        123.23917798381764     
  -37.382444157124148        39.986191258062348        123.24415686849210     
  -36.887664739457776        40.001934589488087        123.24912250254560     
  -36.392866315226534        40.018285326909556        123.25405870643574     
  -35.898714432891659        40.035194379985391        123.25894897668988     
  -35.405873004600821        40.052610069338165        123.26377680429701     
  -34.915002550879713        40.070478496612793        123.26852578912541     
  -34.426758410930340        40.088743986517088        123.27317995892933     
  -33.941789004676259        40.107349479474721        123.27772391713457     
  -33.460734073192469        40.126236963105349        123.28214309917182     
  -32.984222972867805        40.145347870609271        123.28642392495789     
  -32.512872967170715        40.164623497201646        123.29055401284126     
  -32.047287570652344        40.184005386067632        123.29452231337262     
  -31.588054908570196        40.203435698978588        123.29831921825371     
  -31.135746130984046        40.222857569179475        123.30193664313872     
  -30.690913856907912        40.242215441724298        123.30536810871206     
  -30.254090681264103        40.261455387505826        123.30860878227729     
  -29.825787714904013        40.280525385016638        123.31165547033463     
  -29.406493207612513        40.299375594283042        123.31450663956140     
  -28.996671195418813        40.317958567756584        123.31716229221050     
  -28.596760260692793        40.336229512231426        123.31962398942002     
  -28.207172303257998        40.354146455669635        123.32189461585517     
  -27.828291446207292        40.371670468735012        123.32397841682132     
  -27.460472957546077        40.388765748795258        123.32588072887594     
  -27.104042292267973        40.405399739859511        123.32760793366865     
  -26.759294200865185        40.421543185888986        123.32916731550047     
  -26.426491904296597        40.437170119085579        123.33056682509013     
  -26.105866394663245        40.452257895079008        123.33181508261801     
  -25.797615783402300        40.466787116042887        123.33292112764939     
  -25.501904755873589        40.480741565429774        123.33389428568725     
  -25.218864132892040        40.494108156523303        123.33474414719196     
  -24.948590495754875        40.506876794399545        123.33548034420066     
  -24.691145918462993        40.519040257055963        123.33611243723084     
  -24.446557805479355        40.530594095233319        123.33664990048219     
  -24.214818807987747        40.541536481988963        123.33710198594081     
  -23.995886836665729        40.551868062669591        123.33747761206504     
  -23.789685175768977        40.561591820458752        123.33778531823668     
  -23.596102693956848        40.570712945972076        123.33803325413088     
  -23.414994140283124        40.579238683234330        123.33822910230832     
  -23.246180535436356        40.587178189842511        123.33838003125510     
  -23.089449657058719        40.594542412657795        123.33849267799089     
  -22.944556615404149        40.601343972748680        123.33857313863911     
  -22.811224518510652        40.607597062711399        123.33862697490774     
  -22.689145221873801        40.613317345577592        123.33865920315888     
  -22.577980163032631        40.618521863597451        123.33867429184082     
  -22.477361279588372        40.623228959202820        123.33867617568708     
  -22.386892006994888        40.627458203377351        123.33866827465808     
  -22.306148353337310        40.631230330149776        123.33865351703517     
  -22.234680048128627        40.634567175798061        123.33863436629666     
  -22.172011761955776        40.637491631081218        123.33861288104647     
  -22.117644394027810        40.640031678701106        123.33860311923011     
  -22.071056422583890        40.642213373597151        123.33861012391783     
  -22.031705316164526        40.644059835573131        123.33862708728012     
  -21.999029001767489        40.645595648852670        123.33864885882534     
  -21.972447385013886        40.646846713210856        123.33867171181059     
  -21.951363918598684        40.647840095743518        123.33869311781007     
  -21.935167214744713        40.648603884416218        123.33871153266053     
  -21.923232697283197        40.649167044618181        123.33872619702370     
  -21.914924288878630        40.649559279903684        123.33873695454992     
  -21.909596128822503        40.649810898029067        123.33874409034406     
  -21.906594316739636        40.649952683298864        123.33874819211877     
  -21.905258677483701        40.650015776123951        123.33875003607730     
  -15.808924542443723        40.937993942043803        123.34716652074849     
  -14.284924542443722        41.009984537562396        123.34927052659114     
  -12.760924542443723        41.081975133080988        123.35137453243379     
  -11.236924542443722        41.153965728599580        123.35347853827645     
