  -65.911697176000246        28.095737089653770        86.044410696271044     
  -64.387697176000245        28.114534548161409        86.101978726424335     
  -62.863697176000244        28.133332006669047        86.159546756577626     
  -61.339697176000243        28.152129465176685        86.217114786730917     
  -55.234243988101056        28.227435897571613        86.447743994880852     
  -55.226389665343646        28.227532775069079        86.448040686409286     
  -55.215107367852148        28.227672122703620        86.448467444570440     
  -55.199795724895687        28.227861592432717        86.449047703815339     
  -55.179864203770009        28.228108843441404        86.449804920730372     
  -55.154734694102224        28.228421565650095        86.450762646032658     
  -55.123843057759522        28.228807507876507        86.451944610823858     
  -55.086640640274595        28.229274510232969        86.453374825827794     
  -55.042595739750034        28.229830539854166        86.455077690860406     
  -54.991195029353463        28.230483729257536        86.457078112438282     
  -54.931944929635300        28.231081411048880        86.458908540885645     
  -54.864372927036811        28.231922455374750        86.461484280897722     
  -54.788028835102232        28.232874816195665        86.464400940023381     
  -54.702485995066375        28.233944953320663        86.467678310594025     
  -54.607342412655385        28.235139405026750        86.471336434045909     
  -54.502221828116483        28.236464860627958        86.475395830409965     
  -54.386774716679582        28.237928241187046        86.479877757647387     
  -54.260679216851329        28.239536785554918        86.484804494891620     
  -54.123641981689410        28.241298121238511        86.490199590642604     
  -53.975398947847161        28.243220294541395        86.496088002978624     
  -53.815716036066704        28.245311858993130        86.502496442302188     
  -53.644389768797055        28.247581929469430        86.509453642788870     
  -53.461247804495962        28.250040200078505        86.516990569522477     
  -53.266149388597647        28.252696923856977        86.525140572115788     
  -53.058985715520997        28.255562814879887        86.533939385857352     
  -52.839680207041745        28.258648895996537        86.543425079318297     
  -52.608188713019402        28.261966316133648        86.553638057418780     
  -52.364499622776627        28.265526051345251        86.564620902929462     
  -52.108633878213247        28.269338417789765        86.576417895705390     
  -51.840644897196796        28.273412420445702        86.589074360086656     
  -51.560618448126021        28.277755142086665        86.602636570393614     
  -51.268672422972479        28.282370820000004        86.617151276944355     
  -50.964956497417496        28.287259492818055        86.632664683966340     
  -50.649651757947332        28.292415716745939        86.649222202567330     
  -50.322970236719158        28.297827550758580        86.666868008630431     
  -49.985154298824476        28.303475770874471        86.685643513420615     
  -49.636476007023305        28.309334001649130        86.705586744048119     
  -49.277236381706629        28.315369376373980        86.726731328066407     
  -48.907764522865428        28.321543442365364        86.749104550036748     
  -48.528416748769601        28.327813870224798        86.772726887788437     
  -48.139575580779976        28.334135841829980        86.797610338650969     
  -47.741648703322312        28.340463592207264        86.823757550077133     
  -47.335067881102269        28.346751883829896        86.851161395392026     
  -46.920287763047519        28.352956977164219        86.879803841405746     
  -46.497784724091325        28.359037548389484        86.909656558640236     
  -46.068055582666133        28.364956367645718        86.940686050604953     
  -45.631616343488282        28.370683048725294        86.972862396869417     
  -45.189000842587525        28.376190567390022        87.006148750926315     
  -44.740759381064947        28.381454842055174        87.040500268147781     
  -44.287457311886712        28.386454589350944        87.075864000532164     
  -43.829673583733168        28.391171349278071        87.112179445726412     
  -43.367999272363043        28.395589346755894        87.149378773619929     
  -42.903036053593368        28.399695440324685        87.187387480897812     
  -42.435394692738768        28.403478972368557        87.226124925880740     
  -41.965693457040231        28.406931648996999        87.265505104036905     
  -41.494556571242221        28.410047354484558        87.305437376227715     
  -41.022612576247951        28.412821973937408        87.345827338930007     
  -40.550492764684179        28.415253183203255        87.386577692806640     
  -40.078829490241937        28.417340286400798        87.427589124913425     
  -39.608254594184906        28.419084214924187        87.468761216513784     
  -39.139397669771078        28.420487535853241        87.509993203246438     
  -38.672884494686080        28.421554514734744        87.551184920143285     
  -38.209335267886168        28.422291071863246        87.592237439538067     
  -37.749363061104923        28.422704840114662        87.633054032798611     
  -37.293572047089341        28.422805058241199        87.673540634940892     
  -36.842555981157233        28.422602617030126        87.713606777126699     
  -36.396896445926245        28.422109889354253        87.753165851857517     
  -35.957161372135076        28.421340756873313        87.792135967009102     
  -35.523903333367137        28.420310387937342        87.830440021784170     
  -35.097658108436995        28.419035229431010        87.868006410431576     
  -34.678943073117601        28.417532764064809        87.904768983916782     
  -34.268255794136302        28.415821437364954        87.940667488661646     
  -33.866072578824465        28.413920451612615        87.975647570388134     
  -33.472847080251690        28.411849565403294        88.009660746271393     
  -33.089009059346289        28.409628972670792        88.042664643009857     
  -32.714963022031121        28.407278961880401        88.074622519856348     
  -32.351087182401251        28.404819904101593        88.105503737659504     
  -31.997732232899615        28.402271883248723        88.135283033636497     
  -31.655220375888664        28.399654607032037        88.163940573617964     
  -31.323844396146249        28.396987268285208        88.191461778097363     
  -31.003866716776248        28.394288280879739        88.217836671280651     
  -30.695518718272940        28.391575305026329        88.243060056566662     
  -30.399000013725360        28.388865067897008        88.267130991605825     
  -30.114477823775545        28.386173219287912        88.290052303589732     
  -29.842086545448268        28.383514380094695        88.311830651030206     
  -29.581927324983994        28.380902036295030        88.332476059467140     
  -29.334067726059779        28.378348448859878        88.352001462030586     
  -29.098541550801411        28.375864687571422        88.370422593138045     
  -28.875348749365330        28.373460658945817        88.387757840142740     
  -28.664455378202934        28.371145042306399        88.404027788264713     
  -28.465793688625165        28.368925308270832        88.419255006573337     
  -28.279262320274068        28.366807769026703        88.433463914678370     
  -28.104726592924671        28.364797643683087        88.446680692036281     
  -27.942018866644915        28.362899062551591        88.458933005225077     
  -27.790939007779468        28.361115106250200        88.470249855656419     
  -27.651254950336629        28.359447856563342        88.480661478681355     
  -27.522703346186255        28.357898446694353        88.490199256537394     
  -27.404990303569633        28.356467115261363        88.498895659141922     
  -27.297792208864422        28.355153255532930        88.506784186243650     
  -27.200756625891497        28.353955450547506        88.513899280204569     
  -27.113503278262094        28.352871518944234        88.520276285330155     
  -27.035625108329850        28.351898561484148        88.525951420112406     
  -26.966689408931522        28.351033006844560        88.530961755004071     
  -26.906239072698472        28.350428016324628        88.535844135394299     
  -26.853793666276417        28.349764305267499        88.539640091600035     
  -26.808851050763664        28.349201194124824        88.542911136165031     
  -26.770888570495629        28.348729602709327        88.545687184141030     
  -26.739364546057686        28.348340819666070        88.548001484302446     
  -26.713719765395403        28.348026435978142        88.549890236789963     
  -26.693379020503240        28.347778281713264        88.551392216420169     
  -26.677752685263460        28.347588367332520        88.552548406110787     
  -26.666238329910794        28.347448830753578        88.553401644637589     
  -26.658222367517570        28.347351891242266        88.553996292652414     
  -26.653081727827512        28.347289811086529        88.554377920552326     
  -26.650185553716724        28.347254865883972        88.554593021413226     
  -26.648896915525906        28.347239324142343        88.554688751782876     
  -20.552574538490003        28.273714056969094        89.007572422950815     
  -19.028574538490002        28.255333712190392        89.120787353555500     
  -17.504574538490004        28.236953367411690        89.234002284160184     
  -15.980574538490002        28.218573022632988        89.347217214764868     
