     -29.1606860682728701      -13.1256938479337517      -51.5616172046087442
     -29.1570402987311752      -13.1383674268292943      -51.5579166677604519
     -29.1533912620747344      -13.1542690682747061      -51.5533887811192599
     -29.1502426919500799      -13.1739314423696658      -51.5479595235422821
     -29.1484035278089557      -13.1969017472720225      -51.5418451380201432
     -29.1486504856890321      -13.2228097593444520      -51.5352366752640947
     -29.1517526831461389      -13.2512840198973443      -51.5283248063537229
     -29.1584862073833833      -13.2819001508447947      -51.5213152725162189
     -29.1696449214902209      -13.3141412870436042      -51.5144408962255227
     -29.1860512810475292      -13.3473586413359566      -51.5079737147301131
     -29.2085701650450176      -13.3807226663855463      -51.5022400879430364
     -29.2381296423723569      -13.4131523657146250      -51.4976425195400580
     -29.2757557759092322      -13.4432002002185165      -51.4946949723570455
     -29.3226370767501834      -13.4688429898628481      -51.4940865833393815
     -29.3785409074341608      -13.4925057825367052      -51.4951598332870759
     -29.4423085630099095      -13.5194830107592114      -51.4963785842596380
     -29.5143643939506077      -13.5499678999459192      -51.4977436883678124
     -29.5951150632840445      -13.5841326146839947      -51.4992584843443097
     -29.6849448603061568      -13.6221396138174224      -51.5009251711289124
     -29.7842148327839702      -13.6641411205931771      -51.5027447950510862
     -29.8932620026535751      -13.7102785698663237      -51.5047172643745910
     -30.0123986679963650      -13.7606820237856056      -51.5068413957669051
     -30.1419117938434553      -13.8154695488410724      -51.5091149969292488
     -30.2820624941841672      -13.8747465491637136      -51.5115349891512864
     -30.4330856072093923      -13.9386050531884997      -51.5140975729862802
     -30.5951893651812661      -14.0071229530243961      -51.5167984396060845
     -30.7685551593893898      -14.0803631980592439      -51.5196330296972818
     -30.9533373995057879      -14.1583729464762040      -51.5225968409940691
     -31.1496634653408044      -14.2411826804947257      -51.5256857847013165
     -31.3576337303719690      -14.3288052898358540      -51.5288965888131827
     -31.5773215854048281      -14.4212351381938753      -51.5322272364669161
     -31.8087735507390761      -14.5184471798677350      -51.5356774334341310
     -32.0520094877441579      -14.6203961248165921      -51.5392491069741467
     -32.3070228618013786      -14.7270156490195223      -51.5429469304209462
     -32.5737810455617520      -14.8382176686867311      -51.5467788660591850
     -32.8522256555444798      -14.9538916899323056      -51.5507566884913402
     -33.1422731034759508      -15.0739037537652116      -51.5548947675621321
     -33.4438151303325952      -15.1980955496416517      -51.5592090726009289
     -33.7567189464954254      -15.3262846849343539      -51.5637196343653201
     -34.0808275612713913      -15.4582646031475370      -51.5684511580182487
     -34.4159601102047858      -15.5938046294353043      -51.5734333914070007
     -34.7619121477297668      -15.7326502209128058      -51.5787014410994402
     -35.1184558970620770      -15.8745234383793044      -51.5842960229764955
     -35.4853404508892467      -16.0191236538758695      -51.5902636339965710
     -35.8622919184087863      -16.1661285059312796      -51.5966566318699833
     -36.2490135175386570      -16.3151951117003264      -51.6035332099017907
     -36.6451857463000508      -16.4659615643580324      -51.6109572665104253
     -37.0504669560548692      -16.6180486661122373      -51.6189982202723812
     -37.4644937825044124      -16.7710616529137617      -51.6277307648799564
     -37.8868814233241622      -16.9245920171147972      -51.6372345227813767
     -38.3172239139578039      -17.0782194919691968      -51.6475935913599784
     -38.7550944111536495      -17.2315141901004729      -51.6588959789953037
     -39.2000454916501226      -17.3840388853106447      -51.6712329299837378
     -39.6516094746054506      -17.5353514256338414      -51.6846981392056719
     -40.1092987774843976      -17.6850072641147555      -51.6993868595040666
     -40.5726063161338217      -17.8325620924034141      -51.7153949069542449
     -41.0410059606657640      -17.9775745609029372      -51.7328175715211742
     -41.5139530594856367      -18.1196090678743822      -51.7517484429754759
     -41.9908850443190786      -18.2582385985889317      -51.7722781643243124
     -42.4712221293627579      -18.3930475943166272      -51.7944931273546203
     -42.9543681176761893      -18.5236348296507636      -51.8184741271244036
     -43.4397110220412941      -18.6496162305464530      -51.8442949656933507
     -43.9266206087556554      -18.7706275674568168      -51.8720206619825888
     -44.4144440280840556      -18.8863293544807789      -51.9017073538628608
     -44.9025052014347708      -18.9964125510500139      -51.9334011911163600
     -45.3901081179564088      -19.1006024674660040      -51.9671326070838759
     -45.8765384258258706      -19.1986634938007192      -52.0029137493405926
     -46.3610651735322179      -19.2904036052994066      -52.0407364294683816
     -46.8429428942107364      -19.3756784466063046      -52.0805703246168576
     -47.3214139773346645      -19.4543949213285181      -52.1223614728654994
     -47.7957112350701010      -19.5265142290171632      -52.1660310904625035
     -48.2650605204871610      -19.5920543149765152      -52.2114747190160102
     -48.7286831812691048      -19.6510917323939545      -52.2585616821227958
     -49.1858015135106612      -19.7037132545448230      -52.3071540388441250
     -49.6356561133791416      -19.7497092168818220      -52.3572250246705195
     -50.0774771076236433      -19.7888158826494944      -52.4087640072338914
     -50.5104853453564502      -19.8208960743751774      -52.4617082705508935
     -50.9339273131810799      -19.8459389441906957      -52.5159480146202284
     -51.3470982740589150      -19.8640502938816752      -52.5713334636888874
     -51.7493621163882480      -19.8754386010698774      -52.6276833765890899
     -52.1401692318484251      -19.8803977905050218      -52.6847947051461958
     -52.5190690297750038      -19.8792877119827551      -52.7424524501195933
     -52.8857133845542151      -19.8725140167037324      -52.8004384337768897
     -53.2398490075811637      -19.8605096729307498      -52.8585377643524126
     -53.5813003714823779      -19.8437202582821222      -52.9165423789199920
     -53.9099482689320553      -19.8225942201515899      -52.9742519612631639
     -54.2257083498030141      -19.7975779241856600      -53.0314729630495449
     -54.5285085786145842      -19.7691150800576843      -53.0880157413276450
     -54.8182843241423541      -19.7376495012853930      -53.1436930686799727
     -55.0949852996939029      -19.7036266647616394      -53.1983208345899286
     -55.3585813642344888      -19.6674929903277622      -53.2517193842531711
     -55.6090650432271048      -19.6296934464668631      -53.3037149927301002
     -55.8464545147158802      -19.5906681613289670      -53.3541416725870192
     -56.0707961218272715      -19.5508484064325287      -53.4028430657236939
     -56.2821663008892941      -19.5106522650177681      -53.4496742929253372
     -56.4806730124102145      -19.4704802396235728      -53.4945036829926934
     -56.6664567414002960      -19.4307110015470705      -53.5372143231907316
     -56.8396911214418665      -19.3916974422891322      -53.5777053897715803
     -57.0005832293135626      -19.3537631507820542      -53.6158932318661172
     -57.1493735915304200      -19.3171994083658909      -53.6517121943459614
     -57.2863359396460865      -19.2822627651391088      -53.6851151755155840
     -57.4117767470035503      -19.2491732359388159      -53.7160739238717326
     -57.5260345756138065      -19.2181131315569473      -53.7445790848273148
     -57.6294792579846700      -19.1892265207676047      -53.7706400134258402
     -57.7225109351010914      -19.1626193012984736      -53.7942843728535181
     -57.8055589684753812      -19.1383598430120081      -53.8155575411846101
     -57.8790807413293322      -19.1164801542554201      -53.8345218504559568
     -57.9435603616865578      -19.0953023467875838      -53.8518497086300556
     -57.9995072775895011      -19.0729475104142061      -53.8682850191813642
     -58.0474548148610694      -19.0498317775812005      -53.8837600893628235
     -58.0879586447129626      -19.0263397340436420      -53.8982226888643083
     -58.1215951887292661      -19.0028229052032316      -53.9116362543760772
     -58.1489599685740615      -18.9796060592352553      -53.9239773059800029
     -58.1706659069334506      -18.9569932860287373      -53.9352329381003130
     -58.1873415860814163      -18.9352745906800948      -53.9453981302392904
     -58.1996294703401489      -18.9147339973300284      -53.9544725328613168
     -58.2081840985947210      -18.8956608138646445      -53.9624561551119939
     -58.2136702529107524      -18.8783672724869298      -53.9693428348505293
     -58.2167611091885817      -18.8632196174694684      -53.9751090253855637
     -58.2181363756620485      -18.8506971350118739      -53.9796928421862674
     -58.2184804249117889      -18.8405178927828381      -53.9832988477025069
     -58.2181363756620485      -18.8303054334290216      -53.9868096769617694
     -58.2167611091885817      -18.8176501748538314      -53.9910130534329440
     -58.2136702529107524      -18.8022041256709400      -53.9959242620879678
     -58.2081840985947210      -18.7843809963836712      -54.0012935258749494
     -58.1996294703403549      -18.7644821490473923      -54.0069113925905313
     -58.1873415860833632      -18.7427558458315566      -54.0125884082410863
     -58.1706659069468088      -18.7194285629121708      -54.0181445517330374
     -58.1489599686456273      -18.6947228633143041      -54.0234033704343091
     -58.1215951890457987      -18.6688688985662772      -54.0281883468621587
     -58.0879586459127708      -18.6421127525792691      -54.0323203724720571
     -58.0474548188674788      -18.6147232765384558      -54.0356157504081196
     -57.9995072896181156      -18.5869984086962994      -54.0378843774912738
     -57.9435603946674433      -18.5592717157027032      -54.0389278453914841
     -57.8790808249204005      -18.5319110789876156      -54.0385402234875301
     -57.8055591676648106      -18.5029827293240494      -54.0373082631825739
     -57.7225113869143058      -18.4707547406048960      -54.0357496143429117
     -57.6294802383638327      -18.4352133433671135      -54.0337956000476538
     -57.5260366189957821      -18.3963837396627170      -54.0313682231844865
     -57.4117808520529636      -18.3543314536687916      -54.0283800613983374
     -57.2863439118016800      -18.3091631437045237      -54.0247343720775319
     -57.1493885962321428      -18.2610268085667258      -54.0203254269434581
     -57.0006106604981611      -18.2101113258189748      -54.0150390924413060
     -56.8397399293847556      -18.1566452650846131      -54.0087536686922078
     -56.6665414133950094      -18.1008949252067879      -54.0013409964994722
     -56.4808164601345197      -18.0431615499887172      -53.9926678390773986
     -56.2824039805517415      -17.9837776826668652      -53.9825975430863920
     -56.0711817983841954      -17.9231026237564883      -53.9709919825469413
     -55.8470681812310588      -17.8615169597703591      -53.9577137896546262
     -55.6100236238289583      -17.7994161306951781      -53.9426288789020418
     -55.3600529699317079      -17.7372030009003367      -53.9256092758640690
     -55.0972079815669957      -17.6752793898214904      -53.9065362704161828
     -54.8215904984552367      -17.6140365031107677      -53.8853039274136876
     -54.5333566058324166      -17.5538441863992105      -53.8618230318985454
     -54.2327232208566272      -17.4950389129750903      -53.8360256738771170
     -53.9199741766867930      -17.4379101931244911      -53.8078702446697292
     -53.5954677504089005      -17.3826851668447055      -53.7773471613404723
     -53.2596338531177196      -17.3295116266730318      -53.7444834736309289
     -52.9129524077757409      -17.2784435105069392      -53.7093438418691065
     -52.5559309296620540      -17.2294317669767594      -53.6720296903636864
     -52.1890801657641603      -17.1823207008695782      -53.6326763756823368
     -51.8128920500426773      -17.1368501076893338      -53.5914489321129821
     -51.4278253960139295      -17.0926624035177177      -53.5485374610779985
     -51.0343016194185850      -17.0493130519879514      -53.5041530321933791
     -50.6327091958155506      -17.0062824670724488      -53.4585244537840723
     -50.2234136858440152      -16.9629880858659163      -53.4118958220713580
     -49.8067702286996123      -16.9187959997483262      -53.3645245488045532
     -49.3831400144742716      -16.8730321744036971      -53.3166800481312180
     -48.9529202066690132      -16.8249927921040872      -53.2686445928115688
     -48.5165420029889205      -16.7741276541989599      -53.2206548352836748
     -48.0744388850643887      -16.7202851916715751      -53.1728202723897780
     -47.6270608615186219      -16.6633977852011910      -53.1252252642667955
     -47.1748767761996675      -16.6034302042311452      -53.0779457238270140
     -46.7183736550571638      -16.5403787303049619      -53.0310493548659352
     -46.2580563023593996      -16.4742701256517456      -52.9845959991482474
     -45.7944469561589642      -16.4051603589997015      -52.9386380903766280
     -45.3280848741209894      -16.3331330345607952      -52.8932212099646648
     -44.8595257620643935      -16.2582974951414130      -52.8483847365607105
     -44.3893409879407272      -16.1807865905596202      -52.8041625783991435
     -43.9181165477996700      -16.1007541199678812      -52.7605839748610350
     -43.4464515630971562      -16.0183720645475809      -52.7176746554252915
     -42.9749543151051583      -15.9338283575743098      -52.6754608153801485
     -42.5042380907263890      -15.8473229523833261      -52.6339683424941853
     -42.0349175851785333      -15.7590647973823206      -52.5932207696949803
     -41.5676068429504966      -15.6692705451474357      -52.5532393720584707
     -41.1029174251955070      -15.5781633109585904      -52.5140433141340210
     -40.6414565414749447      -15.4859713944390212      -52.4756497958070938
     -40.1838251603391043      -15.3929269735162855      -52.4380741953372649
     -39.7306161131366906      -15.2992647802890591      -52.4013302083129417
     -39.2824122050914255      -15.2052207686548257      -52.3654299813682016
     -38.8397843471103741      -15.1110307837235780      -52.3303842396150571
     -38.4032897210307311      -15.0169292431146122      -52.2962024068527498
     -37.9734699901081640      -14.9231478402081876      -52.2628927177236307
     -37.5508495655349677      -14.8299142793011463      -52.2304623210932490
     -37.1359339386845519      -14.7374510523974340      -52.1989173740359647
     -36.7292080876393001      -14.6459742670498532      -52.1682631259109968
     -36.3311349688722913      -14.5556925351275641      -52.1385039923472604
     -35.9421542554416291      -14.4668059529024937      -52.1096436340773650
     -35.5626813487498410      -14.3795050748788977      -52.0816850722695150
     -35.1931060982763313      -14.2939697813887570      -52.0546307903331780
     -34.8337915083734018      -14.2103682692163247      -52.0284827981885556
     -34.4850725642688900      -14.1288562239337327      -52.0032426631224567
     -34.1472551806853275      -14.0495761730469724      -51.9789115100943633
     -33.8206152740246182      -13.9726570152070551      -51.9554899948171638
     -33.5053979577619998      -13.8982137175807416      -51.9329782532973852
     -33.2018168595847243      -13.8263471707355148      -51.9113758317449410
     -32.9100535579006248      -13.7571441881169410      -51.8906816008601197
     -32.6302571422294392      -13.6906776174141331      -51.8708935902963830
     -32.3625440711400572      -13.6270061304369694      -51.8520071569127623
     -32.1069979030694697      -13.5661746742388498      -51.8340152616879308
     -31.8636689232872037      -13.5082154862608022      -51.8169106168103824
     -31.6325741214261029      -13.4531485757985401      -51.8006855926502467
     -31.4136972791360414      -13.4009822206346367      -51.7853320058345261
     -31.2069891486602202      -13.3517134956044679      -51.7708409144854897
     -31.0123676764984424      -13.3053288134924337      -51.7572024207572667
     -30.8297182794781577      -13.2618044934238952      -51.7444054786203864
     -30.6588942718192783      -13.2211073575414542      -51.7324377203497292
     -30.4997173816323652      -13.1831953032678619      -51.7212853075213417
     -30.3519783376561101      -13.1480178385390793      -51.7109328073177181
     -30.2154375240888093      -13.1155165769160451      -51.7013630946001896
     -30.0898257017995654      -13.0856256913052853      -51.6925572796964445
     -29.9748447944796617      -13.0582723267549259      -51.6844946613627840
     -29.8701687383528451      -13.0333769744489487      -51.6771527039032463
     -29.7754443938277511      -13.0108538105884080      -51.6705070369508732
     -29.6902925169586034      -12.9906110052839665      -51.6645314759501488
     -29.6143087879526945      -12.9725510078032098      -51.6591980609648687
     -29.5470648935358398      -12.9565708153700321      -51.6544771111471519
     -29.4881059203656619      -12.9425741450959055      -51.6503338219136481
     -29.4353512304605225      -12.9355693902483768      -51.6452442186590233
     -29.3876069069614339      -12.9376707592658065      -51.6385252894618105
     -29.3450634060435824      -12.9465163396319713      -51.6307914992055359
     -29.3077138612462456      -12.9603113506869825      -51.6224879389408358
     -29.2754211910339031      -12.9776194941433101      -51.6139531240077147
     -29.2479556496250801      -12.9972483575373303      -51.6054534320688489
     -29.2250184274887523      -13.0181792743916915      -51.5972041010075912
     -29.2062583972070371      -13.0395190903195051      -51.5893835817758699
     -29.1912859193811833      -13.0604613896648942      -51.5821449980335132
     -29.1796867056478071      -13.0802476483708343      -51.5756275762823932
     -29.1710395038712065      -13.0981163301731947      -51.5699716179654217
     -29.1649438929214284      -13.1132199144383925      -51.5653429465234368
     -29.1606860682728701      -13.1256938479337517      -51.5616172046087442
