     -27.7447095619997235      -72.7230581520298074      -24.8208071880658103
     -27.7437146750691142      -72.7275583168870980      -24.8077122415602673
     -27.7433794458475340      -72.7331051537683066      -24.7914766252641954
     -27.7443103257243706      -72.7398170787443377      -24.7716883036563935
     -27.7472125488828425      -72.7474602699559227      -24.7489582331050855
     -27.7527764639468160      -72.7558312666274958      -24.7238105796316319
     -27.7616845629514692      -72.7647273081431933      -24.6967695897057453
     -27.7746151657691946      -72.7739282185007568      -24.6684131221680936
     -27.7922448609834305      -72.7831826740999190      -24.6394136271441830
     -27.8152509628908895      -72.7921945680642040      -24.6105790163552669
     -27.8443149875426315      -72.8006060636302124      -24.5829033242031016
     -27.8801284552784985      -72.8079728932813737      -24.5576400806674400
     -27.9234033849113210      -72.8137238568802161      -24.5364218095920421
     -27.9748926755897251      -72.8170868246141367      -24.5214771489690477
     -28.0459624629966235      -72.7813187762843654      -24.6205993914961141
     -28.1145792739460276      -72.7825859026965389      -24.6102332074102215
     -28.1920997000210143      -72.7840097168784581      -24.5985198997451029
     -28.2789554574974282      -72.7855951515375068      -24.5853936499382684
     -28.3755529537236768      -72.7873460546644395      -24.5707924658022847
     -28.4822721927370672      -72.7892651024902193      -24.5546584056667818
     -28.5994657566201340      -72.7913537307650529      -24.5369378203488431
     -28.7274578652810781      -72.7936120394293198      -24.5175816007886560
     -28.8665435176630822      -72.7960386903742744      -24.4965454404368401
     -29.0169877171189938      -72.7986308093175012      -24.4737901177334294
     -29.1790247833040794      -72.8013838850891943      -24.4492817971429623
     -29.3528577526988173      -72.8042916672135334      -24.4229923488270302
     -29.5386578707518801      -72.8073461133865720      -24.3948997030656898
     -29.7365641767414495      -72.8105373796095847      -24.3649882346930653
     -29.9466831775132931      -72.8138536657037889      -24.3332491116437666
     -30.1690886119031774      -72.8172811189041340      -24.2996806711252304
     -30.4038212921541806      -72.8208037795302801      -24.2642888050069381
     -30.6508890489349533      -72.8244037381881526      -24.2270873943729157
     -30.9102667644053071      -72.8280610774616832      -24.1880986507413098
     -31.1818964897594455      -72.8317537475419243      -24.1473534093822231
     -31.4656876608553517      -72.8354577006734303      -24.1048914735689586
     -31.7615174107077713      -72.8391472745698536      -24.0607619959877894
     -32.0692309274185448      -72.8427949882756707      -24.0150236106639987
     -32.3886419114509110      -72.8463716841314834      -23.9677446154680069
     -32.7195331445516402      -72.8498471982671418      -23.9190032540301871
     -33.0616570639438763      -72.8531901629642817      -23.8688876277273181
     -33.4147364416686301      -72.8563681932077287      -23.8174956428213811
     -33.7784651607676665      -72.8593484129879698      -23.7649349687850311
     -34.1525089764888179      -72.8620973968546082      -23.7113226986376482
     -34.5365064467494065      -72.8645821691400215      -23.6567852423270182
     -34.9300698423037304      -72.8667704325854544      -23.6014578516257068
     -35.3327861104811447      -72.8686306617434383      -23.5454839838387748
     -35.7442179999252261      -72.8701329674601368      -23.4890148005979817
     -36.1639051812030274      -72.8712488705306214      -23.4322082442415009
     -36.5913655718930002      -72.8719522995106672      -23.3752284779032422
     -37.0260964879007730      -72.8722193309259438      -23.3182448541520415
     -37.4675760248609961      -72.8720289679974371      -23.2614311461856609
     -37.9152643211446190      -72.8713630240017380      -23.2049644268006183
     -38.3686049992870366      -72.8702066236295565      -23.1490240885544232
     -38.8270265309735692      -72.8685481654975149      -23.0937906438717988
     -39.2899437321070337      -72.8663795871484581      -23.0394445834919459
     -39.7567592076192042      -72.8636963128263488      -22.9861651064245436
     -40.2268649007832551      -72.8604973471024664      -22.9341288796652591
     -40.6996435953660551      -72.8567851456742659      -22.8835087225258569
     -41.1744705186648616      -72.8525655735558502      -22.8344723256656437
     -41.6507148832649250      -72.8478476888141557      -22.7871809345537137
     -42.1277415401342878      -72.8426435944770532      -22.7417880860869310
     -42.6049124892098519      -72.8369681571817438      -22.6984383437746224
     -43.0815879104033570      -72.8308387438065807      -22.6572659412535202
     -43.5571270345229706      -72.8242751842695100      -22.6183930886728675
     -44.0308897139186897      -72.8172996240229935      -22.5819281209347196
     -44.5022379718514358      -72.8099365998867398      -22.5479638363838006
     -44.9705377089853187      -72.8022128794603418      -22.5165759218969370
     -45.4351603178126524      -72.7941574566358867      -22.4878216110833300
     -45.8954844214577804      -72.7858009726371336      -22.4617383701096678
     -46.3508975323394878      -72.7771760482657157      -22.4383430851206391
     -46.8007977799886916      -72.7683167783113021      -22.4176312178188120
     -47.2445955245864937      -72.7592591190452822      -22.3995764613645818
     -47.6817149488106296      -72.7500402630435303      -22.3841302934357742
     -48.1115961265166874      -72.7406900963799359      -22.3712515447334788
     -48.5336993346266965      -72.7311746838437188      -22.3610879958994317
     -48.9475005708982991      -72.7214416190747102      -22.3538319142062463
     -49.3524927065036820      -72.7114522889092996      -22.3496138712628820
     -49.7481928960949702      -72.7011819496319873      -22.3485032773610506
     -50.1341476633041623      -72.6906188888331144      -22.3505118320467169
     -50.5099373126796749      -72.6797628278488475      -22.3555983116735248
     -50.8751799071877358      -72.6686241208717263      -22.3636749250048865
     -51.2295341570514680      -72.6572212235931829      -22.3746141128706348
     -51.5727005461262777      -72.6455796743285731      -22.3882561916646878
     -51.9044203131615305      -72.6337303032218955      -22.4044163645404169
     -52.2244726348890325      -72.6217076524598042      -22.4228906844727121
     -52.5326710087129527      -72.6095498202790139      -22.4434609592783012
     -52.8288596361358813      -72.5972974799298072      -22.4658979468417428
     -53.1129096367977027      -72.5849937090971480      -22.4899633784181852
     -53.3847185888126390      -72.5726844699772613      -22.5154113830974048
     -53.6442120941927669      -72.5604180740016886      -22.5419901808860637
     -53.8913450474345055      -72.5482445042354840      -22.5694444292601801
     -54.1261025956743467      -72.5362151959457861      -22.5975181549934838
     -54.3485008358580828      -72.5243822739505930      -22.6259577574958222
     -54.5585872916985082      -72.5127974862073188      -22.6545149964862986
     -54.7564412066086916      -72.5015114130849980      -22.6829500154683537
     -54.9421736697324405      -72.4905728687880639      -22.7110342717894262
     -55.1159275820159706      -72.4800280738454035      -22.7385531587403733
     -55.2778774791067420      -72.4699198655985128      -22.7653083379988423
     -55.4282292206116267      -72.4602869039180746      -22.7911197204663765
     -55.5672195613062172      -72.4511631684377591      -22.8158271549018785
     -55.6951156082989129      -72.4425775300535406      -22.8392917361076186
     -55.8122141707787804      -72.4345533409079110      -22.8613967067916271
     -55.9188410114032166      -72.4271081361023050      -22.8820479850436804
     -56.0153500058138292      -72.4202534478963713      -22.9011743300252455
     -56.1021222161157738      -72.4139947292011641      -22.9187271655970939
     -56.1795648833350256      -72.4083313623318503      -22.9346800821101766
     -56.2481103441193824      -72.4032567733060830      -22.9490280564253233
     -56.3082148750133058      -72.4300539451323715      -22.8628778388066856
     -56.3603574799406530      -72.4222421834965218      -22.8863928776480847
     -56.4050385885701857      -72.4143684468959208      -22.9102694030847260
     -56.4427787262951028      -72.4065331675576402      -22.9341689810427205
     -56.4741171103444657      -72.3988274185068406      -22.9577858225396234
     -56.4996101998589779      -72.3913347204428845      -22.9808406167247306
     -56.5198301989106184      -72.3841327830687931      -23.0030745963657424
     -56.5353635166235406      -72.3772954050975130      -23.0242431392869378
     -56.5468091886267459      -72.3708948341570419      -23.0441079680571086
     -56.5547772641418192      -72.3650050843602770      -23.0624263947897390
     -56.5598871630816191      -72.3597071792337232      -23.0789345867331726
     -56.5627660076032655      -72.3550984462855808      -23.0933182015984961
     -56.5640469326193269      -72.3513102199754883      -23.1051567597694287
     -56.5643673798228050      -72.3482451114005443      -23.1147458195739297
     -56.5640469326193269      -72.3451826753983482      -23.1243357332462729
     -56.5627660076032655      -72.3414051413070922      -23.1361777075044301
     -56.5598871630816191      -72.3368204921513041      -23.1505690169688023
     -56.5547772641418192      -72.3315655171237637      -23.1670909247712125
     -56.5468091886268098      -72.3257431741996299      -23.1854308875165636
     -56.5353635166241304      -72.3194404196139118      -23.2053269679111338
     -56.5198301989147396      -72.3127376607384349      -23.2265385206689565
     -56.4996101998810829      -72.3057141870105227      -23.2488295181677742
     -56.4741171104422364      -72.2984517028035185      -23.2719578640394573
     -56.4427787266657575      -72.2910369273091362      -23.2956676695409257
     -56.4050385898079369      -72.2835637563803317      -23.3196829386834743
     -56.3603574836573031      -72.2761352845822387      -23.3437017235038411
     -56.3082148852053876      -72.2688659085666671      -23.3673900520702631
     -56.2481103597367493      -72.2969827804322307      -23.2816614730253058
     -56.1795649205568068      -72.2927983523844091      -23.2962938572946676
     -56.1021223005626197      -72.2881630825127388      -23.3125752672220123
     -56.0153501890973473      -72.2830852344249450      -23.3305054365640778
     -55.9188413935191093      -72.2775806137621686      -23.3500632354195723
     -55.8122149386562683      -72.2716729231996595      -23.3712059805143433
     -55.6951171000259393      -72.2653940372687345      -23.3938690444184871
     -55.5672223699280963      -72.2587841556950110      -23.4179657890293917
     -55.4282343572050991      -72.2518918408916591      -23.4433878600846981
     -55.2778866223084506      -72.2447739276694847      -23.4700058694697518
     -55.1159434505618080      -72.2374952929869494      -23.4976704872064772
     -54.9422005660447397      -72.2301283855537122      -23.5262139312506058
     -54.7564857932428097      -72.2227525681232549      -23.5554518876656651
     -54.5586596787396800      -72.2154534907609786      -23.5851859430300870
     -54.3486160764565653      -72.2083222064441088      -23.6152064415595504
     -54.1262827093821102      -72.2014540833517628      -23.6452957873129215
     -53.8916217179374755      -72.1949472650842665      -23.6752321106965518
     -53.6446302214050590      -72.1889011183505431      -23.7047934439449968
     -53.3853409188919272      -72.1834147771750878      -23.7337624468007888
     -53.1138227541527144      -72.1785852366231637      -23.7619315165505718
     -52.8301816911222559      -72.1745047915574816      -23.7891082437221861
     -52.5345616956279144      -72.1712588457847204      -23.8151216080730173
     -52.2271459132380826      -72.1689235410434833      -23.8398288305721699
     -51.9081556770456487      -72.1675624747557123      -23.8631223606582310
     -51.5778459416221366      -72.1672242919163409      -23.8849360450856416
     -51.2365005717319661      -72.1679413122031548      -23.9052497546254017
     -50.8844272641006583      -72.1697276249554420      -23.9240917842142586
     -50.5219529533763918      -72.1725788369250409      -23.9415395831354942
     -50.1494207126952460      -72.1764723659720460      -23.9577187031092080
     -49.7671885440988859      -72.1813671580653562      -23.9728001625685678
     -49.3756297971395597      -72.1872051664501413      -23.9869976191517544
     -48.9751345584213240      -72.1939114871402836      -24.0005637640128953
     -48.5661114072848221      -72.2013954281684676      -24.0137869069961134
     -48.1489898108084731      -72.2095514023022389      -24.0269874975050826
     -47.7242248927176789      -72.2182592046751353      -24.0405147603485752
     -47.2922960306947999      -72.2274194447157782      -24.0546415252825625
     -46.8536997628942444      -72.2370007022457656      -24.0694208710721433
     -46.4089513405724361      -72.2469799412294833      -24.0848671182474945
     -45.9585840234023664      -72.2573320387097340      -24.1009852307138779
     -45.5031477268634745      -72.2680303056849453      -24.1177713882663127
     -45.0432077533030153      -72.2790460223557716      -24.1352132914642112
     -44.5793434295088034      -72.2903488712867670      -24.1532908466459588
     -44.1121467971111443      -72.3019065863716577      -24.1719766785030643
     -43.6422211592904503      -72.3136854562782361      -24.1912370179603080
     -43.1701796867144765      -72.3256504122233537      -24.2110325361985801
     -42.6966438236605725      -72.3377652481620999      -24.2313192980812282
     -42.2222417704205597      -72.3499926401774474      -24.2520497102781647
     -41.7476066982077043      -72.3622943997408186      -24.2731735901704120
     -41.2733745036413637      -72.3746317268591213      -24.2946391126622991
     -40.8001813853644819      -72.3869656252288109      -24.3163933480032348
     -40.3286621551426734      -72.3992575055954859      -24.3383826399360679
     -39.8594484075547939      -72.4114694714371154      -24.3605528649116465
     -39.3931668611762689      -72.4235649469174803      -24.3828498056536809
     -38.9304375099457403      -72.4355088337512996      -24.4052193665802655
     -38.4718719611108142      -72.4472681446920177      -24.4276079507020185
     -38.0180715933009310      -72.4588119935326489      -24.4499626216818946
     -37.5696259202016023      -72.4701122109818101      -24.4722314791970277
     -37.1271107802071541      -72.4811431383967886      -24.4943637597923320
     -36.6910867578151070      -72.4918822370963341      -24.5163102157989279
     -36.2620974314016351      -72.5023096564405165      -24.5380231452059405
     -35.8406678790937221      -72.5124088409092309      -24.5594567747836443
     -35.4273030212936675      -72.5221659135809631      -24.5805672306363014
     -35.0224862216206390      -72.5315702145049812      -24.6013128997538288
     -34.6266778098110706      -72.5406136666562844      -24.6216543991809758
     -34.2403138326492567      -72.5492909784751419      -24.6415548701625760
     -33.8638047399180664      -72.5575993225466505      -24.6609801217106508
     -33.4975341131558082      -72.5655380096940945      -24.6798987438771782
     -33.1418575664436474      -72.5731088027097968      -24.6982824009146569
     -32.7971016070035830      -72.5803149097874325      -24.7161056379172237
     -32.4635627033776757      -72.5871610459415280      -24.7333460135817234
     -32.1415064028687354      -72.5936531544920598      -24.7499840821620438
     -31.8311665376339867      -72.5997980898771829      -24.7660033289831745
     -31.5327445919719054      -72.6056039366319652      -24.7813902924050318
     -31.2464091061016198      -72.6110794810936824      -24.7961343694650971
     -30.9722951961422197      -72.6162339040406977      -24.8102276723894448
     -30.7105042089279578      -72.6210769888534884      -24.8236650404895016
     -30.4611034476833389      -72.6256188310049424      -24.8364438648080679
     -30.2241259982121022      -72.6298695652743049      -24.8485639052418747
     -29.9995706702360394      -72.6338393914983413      -24.8600271998444811
     -29.7874020385799660      -72.6375386550609505      -24.8708379865336866
     -29.5875505587159289      -72.6409776110131276      -24.8810025113977709
     -29.3999127790193668      -72.6441663749942279      -24.8905288900735684
     -29.2243516637145220      -72.6471149332573276      -24.8994269863911626
     -29.0606970115045868      -72.6498332111807485      -24.9077083197817508
     -28.9087459607881492      -72.6523310445235495      -24.9153859500346009
     -28.7682635812659981      -72.6546181196243310      -24.9224743624653868
     -28.6389835526989991      -72.6567039908080119      -24.9289893906315037
     -28.5206089268881868      -72.6585980995846938      -24.9349481503479566
     -28.4128129705941532      -72.6603097926953438      -24.9403689831614557
     -28.3152400869917571      -72.6618483412989491      -24.9452714088081606
     -28.2275068130226749      -72.6632229672331533      -24.9496760870104417
     -28.1492028893874142      -72.6644428409492775      -24.9536047744008833
     -28.0798924002899426      -72.6655170904091250      -24.9570802877546747
     -28.0300155027016693      -72.6289180511521977      -25.0681104995776742
     -27.9765768498162295      -72.6321785091119665      -25.0637118397146850
     -27.9299365901807199      -72.6378925304955914      -25.0515485862981677
     -27.8898011278517721      -72.6452647631352448      -25.0339467520413201
     -27.8557981278851230      -72.6537062268922966      -25.0126419652576324
     -27.8274998525202193      -72.6627595560934765      -24.9889960255254238
     -27.8044367020895500      -72.6720577598086095      -24.9641158361780597
     -27.7861061481633094      -72.6812988181285107      -24.9389262150424003
     -27.7719794153697244      -72.6902280791717317      -24.9142200018129643
     -27.7615072104502971      -72.6986240240097317      -24.8906983877317067
     -27.7541254924092051      -72.7062840014986307      -24.8690113712689573
     -27.7492625342555179      -72.7130056545127843      -24.8498107881427153
     -27.7463493680459834      -72.7185568825890414      -24.8338367050284035
     -27.7447095619997235      -72.7230581520298074      -24.8208071880658103
