     -26.6485745384900028      -88.3043544414464350      -29.1177589357517839
     -26.6484264277580358      -88.3087016181356432      -29.1046023301911276
     -26.6491349874219843      -88.3140141350213526      -29.0883335382898878
     -26.6513289969376750      -88.3203739310787483      -29.0685693368116276
     -26.6556697220345775      -88.3275216200800770      -29.0459553498534113
     -26.6628092062309214      -88.3352275467548225      -29.0210496161289662
     -26.6733916768997901      -88.3432630637321807      -28.9944098685494112
     -26.6880537676357896      -88.3513829847466923      -28.9666472684936309
     -26.7074243103375828      -88.3593122676303722      -28.9384675022099991
     -26.7321241499106002      -88.3667327678570587      -28.9107117552794364
     -26.7627663427251861      -88.3732667545413619      -28.8844075196053396
     -26.7999572086230344      -88.3784528732036989      -28.8608422241534406
     -26.8442990838215323      -88.3817067386126922      -28.8416832292880834
     -26.8963966326917898      -88.3822489696817826      -28.8291959595335427
     -26.9579534047778608      -88.3690115217830368      -28.8569400199882971
     -27.0267107635344246      -88.3671429249456679      -28.8483168584170180
     -27.1043875142606048      -88.3650172593307417      -28.8385709642554353
     -27.1914152897228973      -88.3626171627136614      -28.8276468720914210
     -27.2882001635845910      -88.3599249046553012      -28.8154922136108524
     -27.3951215304479554      -88.3569223310597067      -28.8020579097194229
     -27.5125310602030311      -88.3535908103333014      -28.7872983724618479
     -27.6407517302450039      -88.3499111857962589      -28.7711717196481338
     -27.7800769423151728      -88.3458637706573171      -28.7536400149916282
     -27.9307697188845871      -88.3414283134182909      -28.7346695107256309
     -28.0930619834188242      -88.3365839514501943      -28.7142308984062780
     -28.2671539306115562      -88.3313091892568707      -28.6922995790632385
     -28.4532134867286537      -88.3255818853423023      -28.6688559460669730
     -28.6513758654356536      -88.3193792776774984      -28.6438856883702400
     -28.8617432321075498      -88.3126781399807470      -28.6173801411803375
     -29.0843844353700867      -88.3054547557021010      -28.5893365787669751
     -29.3193348267828355      -88.2976849230532821      -28.5597585116386625
     -29.5665961863357438      -88.2893440422481603      -28.5286559965198343
     -29.8261367815517779      -88.2804074547870954      -28.4960460109913605
     -30.0978914770522969      -88.2708505133443424      -28.4619527190221113
     -30.3817619228017968      -88.2606485775626481      -28.4264076843878826
     -30.6776168887183118      -88.2497773652842881      -28.3894501635448897
     -30.9852927016800734      -88.2382133960423971      -28.3511273854974846
     -31.3045936713473480      -88.2259338735547800      -28.3114946017411988
     -31.6352926970412582      -88.2129171048512433      -28.2706152527958956
     -31.9771319863182022      -88.1991430854412357      -28.2285611246736394
     -32.3298237063982086      -88.1845933333737975      -28.1854121955483912
     -32.6930508865910454      -88.1692515625278759      -28.1412566770925991
     -33.0664683205183394      -88.1531040273052042      -28.0961908710857493
     -33.4497034662719912      -88.1361395202853402      -28.0503188327692001
     -33.8423576284501593      -88.1183503108660915      -28.0037522488478032
     -34.2440069278941195      -88.0997318802500189      -27.9566098451906520
     -34.6542035920765272      -88.0802835877764778      -27.9090170063116965
     -35.0724771897623029      -88.0600087662051010      -27.8611051460408454
     -35.4983359565228724      -88.0389149377850941      -27.8130110628186173
     -35.9312682093421358      -88.0170142106446036      -27.7648762880338431
     -36.3707436600196345      -87.9943230835452681      -27.7168461850119563
     -36.8162149817222826      -87.9708629155162924      -27.6690692018313200
     -37.2671191561826660      -87.9466595306235916      -27.6216958024802466
     -37.7228791329411379      -87.9217435878300648      -27.5748775983701471
     -38.1829052248113854      -87.8961500858822831      -27.5287661762053588
     -38.6465968177694990      -87.8699185478187275      -27.4835121176493580
     -39.1133438152632991      -87.8430924758980467      -27.4392637788810170
     -39.5825283711932769      -87.8157193283122837      -27.3961662333632177
     -40.0535263768353502      -87.7878499517075284      -27.3543600553700124
     -40.5257091969281902      -87.7595383589615352      -27.3139802339409847
     -40.9984451918606396      -87.7308411662720999      -27.2751550145256978
     -41.4711014118157024      -87.7018172064043426      -27.2380048390625547
     -41.9430448126260416      -87.6725270379211707      -27.2026412498695436
     -42.4136436008570215      -87.6430325270450936      -27.1691657158612898
     -42.8822687413461239      -87.6133964584531668      -27.1376684802424109
     -43.3482956123942742      -87.5836820466760742      -27.1082274763726936
     -43.8111055761979031      -87.5539526008110585      -27.0809074079022380
     -44.2700876253713176      -87.5242710063792799      -27.0557589016654561
     -44.7246399646723631      -87.4946994751109912      -27.0328178831278052
     -45.1741716265870679      -87.4652990111171533      -27.0121050111502079
     -45.6181040317860038      -87.4361293467247691      -26.9936254088314662
     -46.0558725293854039      -87.4072483873751622      -26.9773683932029442
     -46.4869278706040561      -87.3787123588240320      -26.9633075664122757
     -46.9107379174885892      -87.3505621340694631      -26.9514429126626496
     -47.3267904949590488      -87.3227435491040040      -26.9420607920980970
     -47.7345916866507096      -87.2951707009377458      -26.9355270801949267
     -48.1336670517444318      -87.2677734969574601      -26.9321359538539191
     -48.5235658907157372      -87.2404971525704127      -26.9321084942967559
     -48.9038643503442430      -87.2133025217298297      -26.9355940796038418
     -49.2741680846832679      -87.1861652648785821      -26.9426727608817025
     -49.6341146668065178      -87.1590749511728973      -26.9533588351522440
     -49.9833754529293870      -87.1320346428385193      -26.9676056117551326
     -50.3216564247924083      -87.1050590191359078      -26.9853105010533980
     -50.6486980172139383      -87.0781739479693329      -27.0063209827533619
     -50.9642739663166182      -87.0514152448234739      -27.0304404247500614
     -51.2681897231698400      -87.0248272074945390      -27.0574337140134844
     -51.5602809392008652      -86.9984622620759609      -27.0870330408795184
     -51.8404117983854889      -86.9723797419272415      -27.1189431450929916
     -52.1084750192057200      -86.9466445129168619      -27.1528463751309346
     -52.3643928950417674      -86.9213262217097480      -27.1884082055702407
     -52.6081180959028956      -86.8964979070515398      -27.2252827773042441
     -52.8396342372269388      -86.8722342201208448      -27.2631183663014305
     -53.0589563044312200      -86.8486102556125132      -27.3015629485523448
     -53.2661309151930027      -86.8257003081900933      -27.3402695233018456
     -53.4612364263298332      -86.8035764399511578      -27.3789010525238474
     -53.6443829053422192      -86.7823070484611208      -27.4171349872237506
     -53.8157119868533371      -86.7619556726211414      -27.4546673833727901
     -53.9753966148383668      -86.7425799390610734      -27.4912165209860930
     -54.1236406710631073      -86.7242305554233326      -27.5265259559008975
     -54.2606785002400684      -86.7069504498619068      -27.5603670095314932
     -54.3867743360807694      -86.6907740411703287      -27.5925406797870103
     -54.5022216322055257      -86.6757266238799104      -27.6228789695418087
     -54.6073423151672870      -86.6618241310008983      -27.6512457301329952
     -54.7024859483068013      -86.6490729488979525      -27.6775369414387207
     -54.7880288135584266      -86.6374698416042293      -27.7016804814051767
     -54.8643729175410826      -86.6270020266870802      -27.7236354418054525
     -54.9319449256511874      -86.6176473910004461      -27.7433910370313228
     -54.9911950275504111      -86.6191810549367887      -27.7303528409577105
     -55.0425957390925262      -86.6096480472272958      -27.7529976082256766
     -55.0866406400556272      -86.6003029790887240      -27.7760785805545538
     -55.1238430576939535      -86.5912281003296869      -27.7992561948086170
     -55.1547346940849152      -86.5824958523997879      -27.8222229573404007
     -55.1798642037661011      -86.5741707060219738      -27.8446973581285029
     -55.1997957248949547      -86.5663109327838214      -27.8664180169930482
     -55.2151073678520490      -86.5589705352422669      -27.8871373745177884
     -55.2263896653436390      -86.5522016376670678      -27.9066140026338196
     -55.2342439881010563      -86.5460578343546274      -27.9246020022303973
     -55.2392809303843961      -86.5405994619930397      -27.9408345038431172
     -55.2421186696106261      -86.5359029198945393      -27.9549947095396583
     -55.2433813044751005      -86.5320783881546305      -27.9666610256540871
     -55.2436971760002393      -86.5290075609079281      -27.9761182461781139
     -55.2433813044751005      -86.5259605751484884      -27.9855831750104329
     -55.2421186696106261      -86.5222313557693070      -27.9972803070322307
     -55.2392809303844032      -86.5177490879856634      -28.0115097908094874
     -55.2342439881010563      -86.5126712613596709      -28.0278653285322648
     -55.2263896653436674      -86.5071214013529897      -28.0460453588549576
     -55.2151073678522550      -86.5012068259565581      -28.0657982020688870
     -55.1997957248964113      -86.4950280426206035      -28.0868931267854300
     -55.1798642037739242      -86.4886841330808380      -28.1091038869849896
     -55.1547346941195258      -86.4822762457987153      -28.1321981662272655
     -55.1238430578250842      -86.4759101593723045      -28.1559299440650896
     -55.0866406404935631      -86.4696984112966902      -28.1800332512073481
     -55.0425957404075277      -86.4637622886815080      -28.2042163866159683
     -54.9911950311565150      -86.4582339012733314      -28.2281559078319866
     -54.9319449336194126      -86.4646235180243536      -28.2166877150724815
     -54.8643729365325328      -86.4606419361880683      -28.2381805022224022
     -54.7880288566460223      -86.4562752488782849      -28.2621080565647169
     -54.7024860418259351      -86.4515476956501061      -28.2884745848135957
     -54.6073425101434822      -86.4464935840248927      -28.3172544151724139
     -54.5022220240274180      -86.4411577516173821      -28.3483909905132094
     -54.3867750972783952      -86.4355959022219196      -28.3817962762072895
     -54.2606799334626118      -86.4298747972660379      -28.4173506289209037
     -54.1236432923157125      -86.4240722343237593      -28.4549031499569232
     -53.9754012808559551      -86.4182767339916467      -28.4942725355275215
     -53.8157200852800912      -86.4125872431948494      -28.5352485551099484
     -53.6443966322519401      -86.4071125825651478      -28.5775940887549069
     -53.4612591826621752      -86.4019706496138582      -28.6210477370118390
     -53.2661678620025043      -86.3972873961787258      -28.6653270086479885
     -53.0590151266113352      -86.3931954914215794      -28.7101320448245332
     -52.8397261768579511      -86.3898327808756505      -28.7551498934902021
     -52.6082593301393118      -86.3873406627372162      -28.8000593414763202
     -52.3646063505193524      -86.3858621766813144      -28.8445361941344416
     -52.1087927372386090      -86.3855396554720585      -28.8882589021195351
     -51.8408779960473467      -86.3865120959564052      -28.9309145315496181
     -51.5609559571353770      -86.3889129791174355      -28.9722052648180721
     -51.2691551229515383      -86.3928675964013877      -29.0118550638177588
     -50.9656390288799628      -86.3984896982712911      -29.0496163872896282
     -50.6506054994047474      -86.4058789098283029      -29.0852772641479689
     -50.3242840500569670      -86.4151183276446773      -29.1186678918238719
     -49.9869331473777621      -86.4262714879197489      -29.1496661199081046
     -49.6388373520545372      -86.4393807364061644      -29.1782023517695741
     -49.2803046870980239      -86.4544657344192160      -29.2042632894356196
     -48.9116647093043611      -86.4715214643800749      -29.2278943102516315
     -48.5332676290010383      -86.4905180052758595      -29.2492013667651918
     -48.1454841437246017      -86.5113992917290062      -29.2683516188751156
     -47.7487057698442996      -86.5340827240107728      -29.2855735268185633
     -47.3433453379707743      -86.5584593388017538      -29.3011563330827443
     -46.9298377056531493      -86.5843932625527088      -29.3154485034215497
     -46.5086417069313711      -86.6117229437479352      -29.3288554699737141
     -46.0802388038576325      -86.6403111475995331      -29.3416891982354642
     -45.6451288680928400      -86.6701151620812169      -29.3539637471367740
     -45.2038303227838512      -86.7010989521216828      -29.3656527414129087
     -44.7568791189291275      -86.7332193842666896      -29.3767315810672436
     -44.3048273825893588      -86.7664260383271397      -29.3871776438677195
     -43.8482420427782742      -86.8006615703387752      -29.3969706251832505
     -43.3877034548571743      -86.8358618327858380      -29.4060927530852609
     -42.9238039617690816      -86.8719563142049367      -29.4145290728763698
     -42.4571464552128077      -86.9088685362278568      -29.4222676803053886
     -41.9883428463186945      -86.9465166012899147      -29.4292999695148794
     -41.5180125483425471      -86.9848137562904782      -29.4356208499384913
     -41.0467808477920713      -87.0236690382445630      -29.4412289538901639
     -40.5752772850663490      -87.0629879692511821      -29.4461268210517453
     -40.1041336157394070      -87.1026732977899769      -29.4503209997127371
     -39.6339818826490813      -87.1426258971332288      -29.4538219925582396
     -39.1654526349510306      -87.1827455334780979      -29.4566440490668917
     -38.6991733199695105      -87.2229318303164547      -29.4588049916523751
     -38.2357664874181395      -87.2630849399439796      -29.4603259208633474
     -37.7758481856566135      -87.3031065359088814      -29.4612310145466552
     -37.3200261442225951      -87.3429003325018272      -29.4615471603271892
     -36.8688981885934552      -87.3823730552040416      -29.4613037406867733
     -36.4230504320055175      -87.4214347802918326      -29.4605322125900599
     -35.9830557199178003      -87.4599998236205494      -29.4592658863961141
     -35.5494718717842133      -87.4979869136297879      -29.4575394836151681
     -35.1228401590275183      -87.5353199116129161      -29.4553889047679505
     -34.7036836502160426      -87.5719278971622828      -29.4528508138624119
     -34.2925057156263193      -87.6077455935056548      -29.4499623718527594
     -33.8897885398630194      -87.6427135186817026      -29.4467609155255126
     -33.4959916566500198      -87.6767779191489041      -29.4432836060750454
     -33.1115507109701142      -87.7098911297990753      -29.4395672790573393
     -32.7368760182319463      -87.7420110618907643      -29.4356480538952034
     -32.3723514672037282      -87.7731017325793772      -29.4315613273674330
     -32.0183332363903759      -87.8031325953308510      -29.4273413959913874
     -31.6751487602884971      -87.8320785589726540      -29.4230213403327667
     -31.3430957769073189      -87.8599199217050142      -29.4186329103390598
     -31.0224413395918894      -87.8866417023586450      -29.4142062371614337
     -30.7134211094737317      -87.9122338369568155      -29.4097698615848948
     -30.4162386228536157      -87.9366907304838321      -29.4053505713430638
     -30.1310646475179027      -87.9600107531675093      -29.4009732429398696
     -29.8580367478442774      -87.9821963223310064      -29.3966609000541155
     -29.5972588664801819      -88.0032534960733273      -29.3924346271265762
     -29.3488009952450390      -88.0231915037047230      -29.3883134782003665
     -29.1126990056549317      -88.0420226381062463      -29.3843145207002401
     -28.8889545782425152      -88.0597621473725525      -29.3804528906559845
     -28.6775351773308138      -88.0764277790876946      -29.3767417416538130
     -28.4783741540100408      -88.0920395648036418      -29.3731922808808861
     -28.2913709526103112      -88.1066196840260574      -29.3698138336804959
     -28.1163914264070023      -88.1201923867625680      -29.3666139301333367
     -27.9532682216413910      -88.1327837203056816      -29.3635983305652140
     -27.8018012655382307      -88.1444213649626391      -29.3607710902978774
     -27.6617583494280659      -88.1551345241881990      -29.3581346439666291
     -27.5328757993609088      -88.1649538254716276      -29.3556898935912010
     -27.4148592333917449      -88.1739112441936612      -29.3534363033941901
     -27.3073844016101113      -88.1820400352652740      -29.3513719953989707
     -27.2100981014291357      -88.1893746260322615      -29.3494938295571366
     -27.1226191745645941      -88.1959505553545284      -29.3477974960115873
     -27.0445395792873953      -88.2018044263799368      -29.3462776081022767
     -26.9754255339464812      -88.2069738648724950      -29.3449277929304451
     -26.9160815127051585      -88.1996830323991645      -29.3789748785456659
     -26.8632882487313012      -88.2055870104866671      -29.3720239299923307
     -26.8177448929042903      -88.2134715603303761      -29.3576214116050771
     -26.7790107982660714      -88.2225950300139772      -29.3380826072122360
     -26.7466049422047689      -88.2324165911413019      -29.3151280587248024
     -26.7200152204532202      -88.2425235768985061      -29.2901013570015891
     -26.6987042733706907      -88.2525913910398856      -29.2640887957047546
     -26.6821136936271266      -88.2623588085267983      -29.2379926660699567
     -26.6696674535906659      -88.2716108593545243      -29.2125817354633774
     -26.6607750130005634      -88.2801649874983667      -29.1885319038298974
     -26.6548344587173460      -88.2878571838128465      -29.1664669951765667
     -26.6512361200114718      -88.2945239398247850      -29.1470122024513714
     -26.6493674032937804      -88.2999730812893091      -29.1308810954152442
     -26.6485745384900028      -88.3043544414464350      -29.1177589357517839
