     -32.0392644759388006     -115.5973793095527213       84.5785894788142230
     -32.0400277393322526     -115.5921875763306588       84.5857165155734094
     -32.0415383364508131     -115.5858184333430358       84.5944824679958742
     -32.0442209110878267     -115.5781566484747458       84.6050616284111214
     -32.0484537190437138     -115.5694941857912568       84.6170699359259686
     -32.0546148842427527     -115.5600880119340133       84.6301713381699301
     -32.0630776170037421     -115.5501945875716814       84.6440305432179514
     -32.0742068685834951     -115.5400910825545822       84.6582839925793564
     -32.0883565380499718     -115.5300915943867324       84.6725176995554705
     -32.1058667033130902     -115.5205633266066201       84.6862451529665776
     -32.1270604566159577     -115.5119466694924313       84.6988798757316914
     -32.1522397957682102     -115.5047843284990705       84.7096955763113755
     -32.1816795746684150     -115.4997688241287932       84.7177610979904188
     -32.2156173185705015     -115.4978288705787151       84.7218220274320970
     -32.2544753722712940     -115.4980428377145785       84.7231539178040833
     -32.2987899778451819     -115.4982938194452657       84.7246660838198267
     -32.3488566281553318     -115.4985791626393734       84.7263756191007928
     -32.4049547857142670     -115.4989012123305656       84.7282923597529276
     -32.4673476492408639     -115.4992624037353579       84.7304255834074240
     -32.5362814348226834     -115.4996652844914138       84.7327839653042503
     -32.6119847005525969     -115.5001125379825311       84.7353755328174572
     -32.6946677164807866     -115.5006070072098510       84.7382076189014271
     -32.7845218815785913     -115.5011517186784147       84.7412868149387180
     -32.8817191892409753     -115.5017499057862409       84.7446189234619851
     -32.9864117427006036     -115.5024050312333372       84.7482089112040455
     -33.0987313216113321     -115.5031208079858942       84.7520608629299659
     -33.2187890009843656     -115.5039012183347324       84.7561779365131400
     -33.3466748236545456     -115.5047505285588869       84.7605623182470680
     -33.4824575273771572     -115.5056732993056556       84.7652151793144100
     -33.6261843299550875     -115.5066743989032716       84.7701366389995599
     -33.7778807826106728     -115.5077590138607206       84.7753257260839206
     -33.9375506781299663     -115.5089326590013457       84.7807803381672329
     -34.1051760127190065     -115.5102011854599766       84.7864972023536438
     -34.2807170084266986     -115.5115707851780513       84.7924718377166329
     -34.4641121971368634     -115.5130479897642459       84.7986985185198563
     -34.6552785669278478     -115.5146396721044653       84.8051702449235449
     -34.8541117712942423     -115.5163530439606774       84.8118787168175174
     -35.0604864016470188     -115.5181956493716484       84.8188143112644184
     -35.2742563232752815     -115.5201753524122097       84.8259660631311618
     -35.4952550747556188     -115.5223003188868773       84.8333216492529942
     -35.7232963308042812     -115.5245790038652274       84.8408673855377202
     -35.9581744277105813     -115.5270201322909855       84.8485882283113995
     -36.1996649503919414     -115.5296326732688357       84.8564677810245485
     -36.4475253796929692     -115.5324258070040599       84.8644883062351312
     -36.7014957989984225     -115.5354088969567528       84.8726307527562085
     -36.9612996572318835     -115.5385914554802866       84.8808747899994671
     -37.2266445670058417     -115.5419830976050690       84.8891988504768733
     -37.4972230944964053     -115.5455934751442442       84.8975802024398973
     -37.7727136190350095     -115.5494321976701855       84.9059950635761993
     -38.0527812568903343     -115.5535087362044635       84.9144187331363156
     -38.3370788242187714     -115.5578323136968351       84.9228257416559416
     -38.6252478371580779     -115.5624117905375101       84.9311900226757075
     -38.9169195437590503     -115.5672555412253217       84.9394851013034327
     -39.2117159829463944     -115.5723713276307194       84.9476843006710709
     -39.5092510693216852     -115.5777661601923825       84.9557609563884171
     -39.8091316984637089     -115.5834461541733305       84.9636886401391820
     -40.1109588665559542     -115.5894163886556072       84.9714413935014363
     -40.4143288027268994     -115.5956807658881758       84.9789939652716413
     -40.7188341093733470     -115.6022418740695343       84.9863220492737810
     -41.0240649035552423     -115.6091008645481395       84.9934025252394463
     -41.3296099584125258     -115.6162573293409679       85.0002136867978351
     -41.6350578812182022     -115.6237091863184645       85.0067354508350803
     -41.9399986951876187     -115.6314526562217111       85.0129494978547910
     -42.2440254303141884     -115.6394823605040898       85.0188392408155948
     -42.5467352873148386     -115.6477914482928497       85.0243897230017893
     -42.8477307188849608     -115.6563717452305440       85.0295875162811541
     -43.1466204696843008     -115.6652138997429091       85.0344206075012039
     -43.4430205754706122     -115.6743075224427315       85.0388782731510560
     -43.7365553223235040     -115.6836412973763402       85.0429509287133101
     -44.0268581707344708     -115.6932031285525113       85.0466299997333124
     -44.3135726529542495     -115.7029803516429780       85.0499078346258699
     -44.5963532603691206     -115.7129598883213362       85.0527775638511372
     -44.8748663421846317     -115.7231284105221647       85.0552329446811655
     -45.1487905817187354     -115.7334920640693667       85.0572416533851339
     -45.4178158430405077     -115.7441969956327483       85.0585813534202799
     -45.6816481545105475     -115.7554342083971051       85.0589697915980025
     -45.9400106684720271     -115.7673692184339416       85.0581601810748253
     -46.1926402018820212     -115.7801405007117523       85.0559429655062473
     -46.4392854175559933     -115.7938583983450513       85.0521470682375451
     -46.6797054323626952     -115.8086043881007328       85.0466408256812940
     -46.9136686669915477     -115.8244307355509193       85.0393326012209627
     -47.1409523861627164     -115.8413604157310886       85.0301709174716791
     -47.3613433914493527     -115.8593874693702901       85.0191440516256165
     -47.5746400855017413     -115.8784779555934961       85.0062789508724421
     -47.7806556349337441     -115.8985715943090753       84.9916393021369885
     -47.9792215144000949     -115.9195840961975676       84.9753226841358611
     -48.1701908439274007     -115.9414101097784311       84.9574568939749355
     -48.3534416584151927     -115.9639267024148097       84.9381955330430998
     -48.5288776611008643     -115.9869970622070383       84.9177130791219241
     -48.6964274363270349     -116.0104740855114329       84.8962000411193856
     -48.8560437881248646     -116.0342037856593578       84.8738583520480745
     -49.0077032106593009     -116.0580284971376699       84.8508969919293747
     -49.1514054384199781     -116.0817898657667513       84.8275278594548467
     -49.2871730387487617     -116.1053317098457853       84.8039619893530414
     -49.4150510302120622     -116.1285025947626508       84.7804060375956681
     -49.5351065093608653     -116.1511581399704056       84.7570590838433731
     -49.6474282732584840     -116.1731630582696653       84.7341097818478204
     -49.7521264283053100     -116.1943929170653576       84.7117338743056223
     -49.8493319775493688     -116.2147356187548439       84.6900920861553175
     -49.9391963799486547     -116.2340926047919538       84.6693284069905729
     -50.0218910787246571     -116.2523797420536908       84.6495687307867257
     -50.0976069925785694     -116.2695279454286066       84.6309198815881842
     -50.1665539670781939     -116.2854835428230587       84.6134690102580720
     -50.2289601846976765     -116.3002083873774239       84.5972833382052727
     -50.2850715323647535     -116.3136797345567146       84.5824102259513069
     -50.3351509261187076     -116.3258899046771688       84.5688775399692076
     -50.3794775931349932     -116.3368457538121135       84.5566942874505116
     -50.4183463119130693     -116.3471992379801350       84.5449827792018169
     -50.4520666119725476     -116.3576776667328261       84.5327618522644002
     -50.4809619345543936     -116.3681438801357189       84.5202406632106431
     -50.5053687563959102     -116.3784736906928998       84.5076116585995294
     -50.5256356787529342     -116.3885563360697120       84.4950498607855280
     -50.5421224839848833     -116.3982919903967854       84.4827161977862175
     -50.5551991622297621     -116.4075893662289900       84.4707607073736426
     -50.5652449107986683     -116.4163631295867560       84.4593259991450509
     -50.5726471090066312     -116.4245307541906556       84.4485514911776818
     -50.5778002712298758     -116.4320081953739674       84.4385792766947816
     -50.5811049810412285     -116.4387031770537391       84.4295632861010859
     -50.5829668093247449     -116.4445034378826307       84.4216854063440678
     -50.5837952193110780     -116.4492544966277592       84.4151860632065620
     -50.5840024615059107     -116.4530876994516717       84.4099115538286213
     -50.5837952193110780     -116.4569077582142711       84.4046275171032079
     -50.5829668093247449     -116.4616062773831970       84.3980900911540886
     -50.5811049810412285     -116.4672884641533130       84.3901266265401091
     -50.5778002712298758     -116.4737738910644254       84.3809587421682323
     -50.5726471090066028     -116.4809246277580854       84.3707497190472679
     -50.5652449107984197     -116.4886230946445238       84.3596351465765366
     -50.5551991622279928     -116.4967604006809694       84.3477391083203258
     -50.5421224839753904     -116.5052297247636091       84.3351834124839854
     -50.5256356787109553     -116.5139220862564713       84.3220935286144027
     -50.5053687562367486     -116.5227232973835925       84.3086028954079438
     -50.4809619340228650     -116.5315114772622707       84.2948564545538090
     -50.4520666103765052     -116.5401547529382924       84.2810139266876774
     -50.4183463075363392     -116.5485088690541033       84.2672532126774882
     -50.3794775820403089     -116.5564177255861296       84.2537697413237225
     -50.3351508996765347     -116.5645874917230316       84.2395670280808133
     -50.2850714723751651     -116.5736494428862358       84.2237523975917526
     -50.2289600544989412     -116.5835928812834652       84.2063221415780845
     -50.1665536956416105     -116.5943937041598417       84.1872922388836002
     -50.0976064471298770     -116.6060139616134990       84.1666990599873941
     -50.0218900191324067     -116.6184016070528173       84.1445998089038625
     -49.9391943850133870     -116.6314904607245637       84.1210726728001106
     -49.8493283292084683     -116.6452004033618692       84.0962166537813971
     -49.7521199344636429     -116.6594378130004088       84.0701510623244133
     -49.6474170033055415     -116.6740962629811520       84.0430146646356775
     -49.5350874082959223     -116.6890574888667800       84.0149644792191310
     -49.4150193675388394     -116.7041925743613149       83.9861741880185804
     -49.2871216367721061     -116.7193633916788258       83.9568322016172175
     -49.1513236110626721     -116.7344242749692853       83.9271393905069232
     -49.0075753280231154     -116.7492239018229583       83.8973065062112937
     -48.8558473629951990     -116.7636073543503130       83.8675513286521692
     -48.6961306052461893     -116.7774183100298586       83.8380955768256655
     -48.5284359018781259     -116.7905012829501175       83.8091616157431787
     -48.3527935432413969     -116.8027040037826083       83.7809691316521707
     -48.1692525640398443     -116.8138797728277751       83.7537317865027688
     -47.9778798127096664     -116.8238897068912650       83.7276539510419013
     -47.7787587992604301     -116.8326048135615451       83.7029276553334682
     -47.5719899819574650     -116.8399079586337024       83.6797298059573791
     -47.3576934335218098     -116.8456960136478671       83.6582192404451632
     -47.1360114185905417     -116.8498822479561454       83.6385334154550719
     -46.9071110190845530     -116.8523989629851485       83.6207847730111240
     -46.6711862205837136     -116.8532003150508558       83.6050567871216401
     -46.4284587536689628     -116.8522652035103704       83.5913998557592635
     -46.1791774384898943     -116.8496000314890466       83.5798273179659788
     -45.9236162755515664     -116.8452411102539941       83.5703118731994152
     -45.6620717694908862     -116.8392564876112090       83.5627825914940701
     -45.3948599312216245     -116.8317473142847831       83.5571228075044985
     -45.1223127855590889     -116.8228486138310558       83.5531689555551367
     -44.8447732046508705     -116.8127288133148767       83.5507111414066941
     -44.5625941316317267     -116.8015209502288201       83.5495896625558316
     -44.2761417974791556     -116.7892286575677048       83.5498262012814195
     -43.9857927200220473     -116.7758442712348455       83.5514583562434012
     -43.6919322684361546     -116.7613679339450385       83.5545127406607833
     -43.3949535967579862     -116.7458075275843470       83.5590050173501311
     -43.0952565194957273     -116.7291785155280905       83.5649400289636048
     -42.7932463586430245     -116.7115036459785387       83.5723119950246485
     -42.4893327788540844     -116.6928126699357620       83.5811048849816132
     -42.1839286271755469     -116.6731419912667462       83.5912929019654172
     -41.8774487878075803     -116.6525342279840345       83.6028410516523621
     -41.5703090624444869     -116.6310376973247571       83.6157057911680113
     -41.2629250797195439     -116.6087058476168181       83.6298357577448286
     -40.9557112749082251     -116.5855966637135310       83.6451725719777528
     -40.6490802915749398     -116.5617720905415666       83.6616516183942025
     -40.3434423645569709     -116.5372975431933611       83.6792027070344915
     -40.0392042977941216     -116.5122414348047926       83.6977507192110437
     -39.7367684223721440     -116.4866746754485121       83.7172162662196655
     -39.4365315754258603     -116.4606701603712366       83.7375163643771430
     -39.1388840994195490     -116.4343022605608979       83.7585651243576734
     -38.8442088663549754     -116.4076463129999155       83.7802744418354308
     -38.5528803267699516     -116.3807781167191848       83.8025546831220254
     -38.2652635828310181     -116.3537734439509137       83.8253153623072649
     -37.9817134894728170     -116.3267075602725384       83.8484657959498776
     -37.7025737839709194     -116.2996547606870763       83.8719157314889543
     -37.4281762430079041     -116.2726879304838548       83.8955759477448311
     -37.1588398698910041     -116.2458781331605593       83.9193588220506825
     -36.8948701136293664     -116.2192942303714318       83.9431788614474073
     -36.6365581188068958     -116.1930025291184876       83.9669531893942036
     -36.3841799863954094     -116.1670664547667684       83.9906019887536246
     -36.1379960475680022     -116.1415462566813090       84.0140489222896463
     -35.8982502302110689     -116.1164987435179654       84.0372215089978170
     -35.6651694766321228     -116.0919770561485649       84.0600514398691701
     -35.4389631952691815     -116.0680304838292614       84.0824748362614827
     -35.2198227479553125     -116.0447043292648459       84.1044324570755748
     -35.0079209735199228     -116.0220398089038696       84.1258698481189668
     -34.8034117495835957     -116.0000739883859495       84.1467374379015496
     -34.6064295944055473     -115.9788397526877617       84.1669905847421376
     -34.4170893108718303     -115.9583658177584908       84.1865895860641729
     -34.2354856742289826     -115.9386767668156608       84.2054996442046075
     -34.0616931655501318     -115.9197931117372633       84.2236907959778023
     -33.8957657527850102     -115.9017313754176826       84.2411378101679844
     -33.7377367211811006     -115.8845041947255226       84.2578200599526923
     -33.5876185547142612     -115.8681204433041785       84.2737213769077016
     -33.4454028698587109     -115.8525853635316594       84.2888298858272691
     -33.3110604031682414     -115.8379007073781253       84.3031378268031517
     -33.1845410595577164     -115.8240648844912357       84.3166413677533910
     -33.0657740198040315     -115.8110731154001201       84.3293404076512445
     -32.9546678934761061     -115.7989175852659400       84.3412383769457534
     -32.8511109265741297     -115.7875876014102943       84.3523420452880970
     -32.7549712664202417     -115.7770697434614249       84.3626613318759411
     -32.6660972833305578     -115.7673480075003170       84.3722091219419781
     -32.5843179483432550     -115.7584039443202784       84.3810010912731769
     -32.5094432660337276     -115.7502167912905833       84.3890555394910251
     -32.4412647612215750     -115.7427635976567899       84.3963932323833887
     -32.3795560181920905     -115.7360193434336253       84.4030372531601643
     -32.3240732709218150     -115.7299570523534697       84.4090128621113678
     -32.2745560426881681     -115.7245478996023138       84.4143473638021504
     -32.2307278333230585     -115.7197613152870019       84.4190699806800211
     -32.1922973791456002     -115.7155601734975647       84.4232184854613337
     -32.1591849476644995     -115.7097988786208589       84.4297293647378950
     -32.1311693479659510     -115.7015206183550475       84.4399027785085110
     -32.1078187386666372     -115.6916108290308500       84.4525050507062787
     -32.0887145751339489     -115.6807186506543559       84.4666275596385390
     -32.0734432896394352     -115.6693432348643427       84.4815681494344801
     -32.0615921667682500     -115.6578811828953235       84.4967658843562646
     -32.0527472143861445     -115.6466556234715171       84.5117610094051770
     -32.0464920284118975     -115.6359362566611537       84.5261673241793972
     -32.0424070972430428     -115.6259555111836903       84.5396499098827974
     -32.0400691205830768     -115.6169247594120293       84.5519028007158511
     -32.0390498088361042     -115.6090555482247311       84.5626198012249546
     -32.0389132733705893     -115.6025941265969266       84.5714470952911626
     -32.0392644759388006     -115.5973793095527213       84.5785894788142230
