     -38.6619392261458614      -93.7294461807524897       68.2196000511639937
     -38.6622144394197775      -93.7253557381555709       68.2251901678082362
     -38.6629997673180981      -93.7202935935402621       68.2320595355232768
     -38.6646191787296942      -93.7141376843491116       68.2403404162321294
     -38.6673855580920005      -93.7070857340796692       68.2497269610955328
     -38.6716095210927620      -93.6993082957201864       68.2599510132773446
     -38.6775978062421473      -93.6909759026734008       68.2707450444923296
     -38.6856519672260362      -93.6822757985812871       68.2818193910748761
     -38.6960671871333446      -93.6734247437981651       68.2928448798721774
     -38.7091311083396263      -93.6646817883016780       68.3034355093383709
     -38.7251225939813750      -93.6563641048743136       68.3131269420771332
     -38.7443103105759050      -93.6488699204611095       68.3213452703326283
     -38.7669509298435528      -93.6427158626572833       68.3273560197275032
     -38.7932865029883516      -93.6386048150044843       68.3301713224301324
     -38.8235893263622955      -93.6357885633865550       68.3307885046629337
     -38.8581469398770452      -93.6325819609971859       68.3314866800873233
     -38.8971891775928640      -93.6289601601656472       68.3322758651850535
     -38.9409336243795607      -93.6249034132487736       68.3331605241613289
     -38.9895851309465513      -93.6203932838482302       68.3341448294273732
     -39.0433352552941741      -93.6154127263686178       68.3352326299468444
     -39.1023617398275718      -93.6099461661415120       68.3364274160880854
     -39.1668280256109043      -93.6039795800570005       68.3377322808709664
     -39.2368828051313940      -93.5975005775771081       68.3391498775732913
     -39.3126596148260035      -93.5904984819282362       68.3406823737442721
     -39.3942764685069093      -93.5829644111790770       68.3423314017676944
     -39.4818355327099724      -93.5748913588092535       68.3440980062253089
     -39.5754228448836969      -93.5662742732552175       68.3459825884340546
     -39.6751080753719094      -93.5571101347671998       68.3479848479031347
     -39.7809443342286855      -93.5473980263993070       68.3501037195810426
     -39.8929680227016235      -93.5371392077552741       68.3523373145202413
     -40.0111987326870207      -93.5263371838641859       68.3546828590703512
     -40.1356391916374733      -93.5149977683937550       68.3571366330982499
     -40.2662752526321199      -93.5031291407275233       68.3596939096819654
     -40.4030759309958754      -93.4907418954459928       68.3623488975874665
     -40.5459934875732628      -93.4778490827002031       68.3650946876877441
     -40.6949635591908674      -93.4644662274927356       68.3679231969219217
     -40.8499053354760946      -93.4506113375595220       68.3708251193050529
     -41.0107217804219601      -93.4363049208357523       68.3737899017881432
     -41.1772999001920468      -93.4215699769381871       68.3768057213727047
     -41.3495110559852606      -93.4064319713794902       68.3798594721765340
     -41.5272113211569263      -93.3909187902742133       68.3829367630003162
     -41.7102418820638334      -93.3750606433994506       68.3860219038588468
     -41.8984294807339737      -93.3588899848928264       68.3890979339440293
     -42.0915868983020260      -93.3424414376199252       68.3921466822909281
     -42.2895134783973461      -93.3257516734288401       68.3951488272709014
     -42.4919956885090002      -93.3088592639887224       68.3980839663913827
     -42.6988077130216226      -93.2918044519361018       68.4009306605115910
     -42.9097120700744554      -93.2746289924473757       68.4036665674678801
     -43.1244602653518356      -93.2573759808061027       68.4062686046842998
     -43.3427934798721424      -93.2400896236357255       68.4087131045010324
     -43.5644432835592426      -93.2228149231192447       68.4109759369575698
     -43.7891323758413762      -93.2055973783841978       68.4130326739043966
     -44.0165753540088005      -93.1884827929193733       68.4148588566132645
     -44.2464795001800937      -93.1715169915594998       68.4164302190617235
     -44.4785455833746184      -93.1547454428547894       68.4177228595066538
     -44.7124686786099375      -93.1382128868253432       68.4187134290084202
     -44.9479390086034840      -93.1219631475368601       68.4193794636252335
     -45.1846427920134275      -93.1060388377904076       68.4196996398723201
     -45.4222630946066488      -93.0904809500810586       68.4196539432857236
     -45.6604806895440234      -93.0753285064953388       68.4192238709837994
     -45.8989749318149336      -93.0606184161690351       68.4183927715281044
     -46.1374246352758988      -93.0463852116029102       68.4171460736842079
     -46.3755090250583564      -93.0326606590852379       68.4154713752955388
     -46.6129086993947013      -93.0194735533404611       68.4133585869898440
     -46.8493065106727897      -93.0068496998154757       68.4108001603839284
     -47.0843884172761094      -92.9948117690467768       68.4077911832076921
     -47.3178443118926921      -92.9833790191540572       68.4043293362375664
     -47.5493688458758754      -92.9725672614384564       68.4004149854230548
     -47.7786622409685222      -92.9623889367151293       68.3960513097354550
     -48.0054310750923463      -92.9528530778442672       68.3912442976025545
     -48.2293890422865417      -92.9439651544305718       68.3860026071130847
     -48.4502577090521953      -92.9357271728483454       68.3803375626962122
     -48.6677672609045047      -92.9281378670048355       68.3742631649810733
     -48.8816571392339227      -92.9212079761981329       68.3677753460444961
     -49.0916763233483877      -92.9150538383645852       68.3607245648847623
     -49.2975848471912954      -92.9098230171012460       68.3529168478889915
     -49.4991544814365838      -92.9056398599176134       68.3441880864542810
     -49.6961684862852877      -92.9026047725699868       68.3344051244756372
     -49.8884216683991184      -92.9007939859718448       68.3234660770415871
     -50.0757204954649282      -92.9002595728373990       68.3113001739225894
     -50.2578832453208904      -92.9010299976557974       68.2978673559794487
     -50.4347402631835635      -92.9031108836157955       68.2831574110720538
     -50.6061344235913353      -92.9064860303968487       68.2671886782861748
     -50.7719218435183990      -92.9111187097279583       68.2500063340029897
     -50.9319727902176922      -92.9169532061252141       68.2316802409659289
     -51.0861726472819058      -92.9239167727651107       68.2123025283221835
     -51.2344228097144949      -92.9319217773326329       68.1919848269787252
     -51.3766415357430333      -92.9408680023222047       68.1708552256334315
     -51.5127642582346468      -92.9506450716111914       68.1490550805376074
     -51.6427435504386523      -92.9611348776245308       68.1267358177144331
     -51.7665490819084226      -92.9722139214453733       68.1040557619937914
     -51.8841675713895185      -92.9837556591676133       68.0811771176976350
     -51.9956027215842198      -92.9956327266611424       68.0582630631234053
     -52.1008751285141400      -93.0077190024571365       68.0354749826670542
     -52.2000221625041334      -93.0198915159520823       68.0129698905297460
     -52.2930978177703665      -93.0320321814838280       67.9908980742836633
     -52.3801725284437509      -93.0440293423124274       67.9694009820043021
     -52.4613329494476943      -93.0557791124751930       67.9486093717616342
     -52.5366817010403011      -93.0671865074246369       67.9286417362492472
     -52.6063370762263460      -93.0781663591396153       67.9096030105137345
     -52.6704327109934951      -93.0886440247368654       67.8915835722495444
     -52.7291172166825817      -93.0985558807577434       67.8746585238559703
     -52.7825537747256206      -93.1078496129476889       67.8588872508198904
     -52.8309196941994230      -93.1164843134905880       67.8443132456064006
     -52.8744059328148595      -93.1244303989008415       67.8309641809156005
     -52.9132165821862017      -93.1316693641651341       67.8188522124879825
     -52.9475683184264980      -93.1381933906858848       67.8079744885424844
     -52.9776898192932464      -93.1444947290208347       67.7976407886987289
     -53.0038211492855993      -93.1511235353935234       67.7870804135032472
     -53.0262131141882378      -93.1579585522948435       67.7764445539105509
     -53.0451265867340851      -93.1648881078300661       67.7658710977939194
     -53.0608318051367505      -93.1718104919057879       67.7554841017379772
     -53.0736076463271758      -93.1786320522973455       67.7453963962780819
     -53.0837408758229685      -93.1852653636201609       67.7357120940431940
     -53.0915253762277999      -93.1916272537044392       67.7265292982829976
     -53.0972613564197431      -93.1976363971453452       67.7179434121207748
     -53.1012545435428081      -93.2032099951846789       67.7100517113343585
     -53.1038153599651537      -93.2082586054599318       67.7029604708783523
     -53.1052580874097018      -93.2126770620084102       67.6967974820833263
     -53.1059000204994902      -93.2163272637748150       67.6917357750827051
     -53.1060606119907064      -93.2192928016805951       67.6876429725084137
     -53.1059000204994902      -93.2222665831894517       67.6835561557128642
     -53.1052580874097018      -93.2259497388134832       67.6785183769022467
     -53.1038153599651537      -93.2304422680016529       67.6724091731365860
     -53.1012545435428081      -93.2356223890965055       67.6654134242588441
     -53.0972613564197360      -93.2414011420508615       67.6576706889090360
     -53.0915253762277501      -93.2477051590668253       67.6492989139748460
     -53.0837408758226132      -93.2544675729545247       67.6404069433367283
     -53.0736076463252502      -93.2616228411169317       67.6311016402034539
     -53.0608318051282453      -93.2691034251267439       67.6214924596725382
     -53.0451265867018265      -93.2768373889400948       67.6116947613708703
     -53.0262131140805053      -93.2847464343474826       67.6018325245750873
     -53.0038211489621389      -93.2927440828214998       67.5920408657151910
     -52.9776898184062190      -93.3007337876002225       67.5824686552663394
     -52.9475683161778861      -93.3086093194777249       67.5732779965698001
     -52.9132165768269616      -93.3169332201041613       67.5637071837440715
     -52.8744059206560735      -93.3262094297118381       67.5530744852254088
     -52.8309196678099440      -93.3364430795853082       67.5413864539749795
     -52.7825537197078205      -93.3476283379395539       67.5286644512541017
     -52.7291171061218975      -93.3597480462839400       67.5149451780667533
     -52.6704324962110917      -93.3727735066149478       67.5002810042581700
     -52.6063366718338585      -93.3866644355737350       67.4847400718333716
     -52.5366809614600498      -93.4013690992725856       67.4684061520269154
     -52.4613316329852921      -93.4168246396107094       67.4513782392620129
     -52.3801702436498076      -93.4329575980612219       67.4337698682105611
     -52.2930939451761603      -93.4496846382489537       67.4157081441888550
     -52.2000157428331022      -93.4669134789408531       67.3973324926370339
     -52.1008647061293217      -93.4845440242517185       67.3787931241763971
     -51.9955861291849715      -93.5024696830095223       67.3602492245787374
     -51.8841416387403243      -93.5205788656062822       67.3418668857955822
     -51.7665092475149109      -93.5387566411878595       67.3238167998489700
     -51.6426833502927494      -93.5568865337301787       67.3062717439241851
     -51.5126746595002274      -93.5748524311549232       67.2894038914337642
     -51.3765100745771761      -93.5925405473926872       67.2733819687187378
     -51.2342324795836319      -93.6098414186671732       67.2583683163427963
     -51.0859004639268122      -93.6266519977129548       67.2445159828844510
     -50.9315879627051373      -93.6428776814965858       67.2319658248639911
     -50.7713841558031049      -93.6584342650974122       67.2208436652395420
     -50.6053938200522708      -93.6732498561056843       67.2112574660846889
     -50.4337376343797743      -93.6872667278059481       67.2032945097382850
     -50.2565524660483973      -93.7004430681750051       67.1970186280206434
     -50.0739915286283122      -93.7127547833352850       67.1924676613174654
     -49.8862242590984764      -93.7241971213935727       67.1896510874976656
     -49.6934358639400315      -93.7347860881030783       67.1885479368159650
     -49.4958265813019480      -93.7445595625882078       67.1891050626405502
     -49.2936107554957061      -93.7535780250772035       67.1912358150761548
     -49.0870158320312200      -93.7619251644452305       67.1948193858297742
     -48.8762812230727306      -93.7697080421723257       67.1997006487705164
     -48.6616568044047355      -93.7770565360590354       67.2056909652576309
     -48.4434022706151524      -93.7840695373494100       67.2126429463078665
     -48.2217872845185340      -93.7907418070515888       67.2205524414384286
     -47.9970903524402175      -93.7970561634176363       67.2294301536834809
     -47.7695979931551449      -93.8029984630357205       67.2392807279626226
     -47.5396039573097369      -93.8085574937360889       67.2501026143531107
     -47.3074084240974742      -93.8137249193764973       67.2618880496091123
     -47.0733171893872893      -93.8184954021437534       67.2746232483237065
     -46.8376408308705905      -93.8228665429609237       67.2882885452722945
     -46.6006938546169778      -93.8268386403429417       67.3028584864886170
     -46.3627938416864680      -93.8304145335052340       67.3183020555435121
     -46.1242606025522264      -93.8335996118746039       67.3345830887010379
     -45.8854153223208741      -93.8364016410414479       67.3516606215475662
     -45.6465797075126645      -93.8388304100923420       67.3694891623354408
     -45.4080752262848719      -93.8408975534541838       67.3880191180207646
     -45.1702223511131251      -93.8426164919993226       67.4071972968081070
     -44.9333397125707918      -93.8440022273301366       67.4269673191731442
     -44.6977432441164382      -93.8450709933891005       67.4472699505409565
     -44.4637453468000601      -93.8458401256291097       67.4680436078733976
     -44.2316540654481187      -93.8463279491462714       67.4892248905235022
     -44.0017722713999788      -93.8465535535507058       67.5107490332487856
     -43.7743968546425322      -93.8465364648152729       67.5325502817502752
     -43.5498179414024733      -93.8462965287919246       67.5545624105681810
     -43.3283181290166581      -93.8458537878333772       67.5767192201542883
     -43.1101717370162376      -93.8452282869261012       67.5989549616337797
     -42.8956440770048957      -93.8444398117266445       67.6212046857179416
     -42.6849907504490957      -93.8435077762235181       67.6434046680266903
     -42.4784569718632241      -93.8424511370801895       67.6654928185022868
     -42.2762769163872889      -93.8412882596479392       67.6874090175977443
     -42.0786730904779844      -93.8400367594097560       67.7090953946999576
     -41.8858557281779937      -93.8387133796780688       67.7304965946999005
     -41.6980222317553668      -93.8373339660079893       67.7515600725454732
     -41.5153566473346132      -93.8359133981622477       67.7722363101669600
     -41.3380291739817594      -93.8344655319282026       67.7924789932283005
     -41.1661957079721930      -93.8330031319843414       67.8122451350875934
     -40.9999974228960511      -93.8315378517154528       67.8314951899511129
     -40.8395603869072303      -93.8300802572219794       67.8501931554403228
     -40.6849952190752262      -93.8286398330045301       67.8683066220389009
     -40.5363967856378622      -93.8272249984562450       67.8858067934906586
     -40.3938439373200140      -93.8258431336189886       67.9026684803872058
     -40.2573992892368580      -93.8245006034070741       67.9188700627075974
     -40.1271090422067047      -93.8232028148147919       67.9343934500179074
     -40.0030028478249164      -93.8219542777717521       67.9492240218947501
     -39.8850937183192542      -93.8207586614271349       67.9633505463769154
     -39.7733779811492454      -93.8196188538485103       67.9767650858834287
     -39.6678352787512907      -93.8185370237976599       67.9894628931318721
     -39.5684286148555486      -93.8175146833487190       68.0014422991414591
     -39.4751044471749850      -93.8165527492313345       68.0127045939771904
     -39.3877928233028385      -93.8156516026417080       68.0232539035515060
     -39.3064075606262904      -93.8148111521712025       68.0330970690098411
     -39.2308464716183067      -93.8140308896343669       68.0422435232696330
     -39.1609916335472406      -93.8133099411389111       68.0507051679565365
     -39.0967097017707346      -93.8126471138160127       68.0584962522110999
     -39.0378522657415985      -93.8120409379628910       68.0656332540051210
     -38.9842562467157450      -93.8114897044986975       68.0721347643694656
     -38.9357443360271773      -93.8109914977737986       68.0780213747123639
     -38.8921254726814354      -93.8105442238988161       68.0833155672084018
     -38.8531953589153076      -93.8101456348701106       68.0880416080611752
     -38.8187370122671993      -93.8097933488607225       68.0922254433013165
     -38.7885214602654926      -93.8094810125617329       68.0958998951754353
     -38.7623544425691833      -93.8075485537501379       68.1013721641176346
     -38.7400047689599489      -93.8032699605419253       68.1096660063035984
     -38.7211906838555251      -93.7973660965860461       68.1198173115282799
     -38.7056261529351673      -93.7903732840944286       68.1311170009316101
     -38.6930197090135550      -93.7827109667120169       68.1430180293596095
     -38.6830741721094142      -93.7747188662937106       68.1550842194336184
     -38.6754867927490764      -93.7666797293317273       68.1669588600481120
     -38.6699496122408917      -93.7588349819294393       68.1783430360834757
     -38.6661499250621716      -93.7513973330408987       68.1889781522402387
     -38.6637707547999554      -93.7445634214708292       68.1986284085470942
     -38.6624912328683976      -93.7385303979216644       68.2070578941102923
     -38.6619866964827139      -93.7335229411486921       68.2139933904627753
     -38.6619392261458614      -93.7294461807524897       68.2196000511639937
