     -42.3908840151368480      -57.8387040331883213       41.1061783228960280
     -42.3901849571808853      -57.8346766336227702       41.1118579597646487
     -42.3897714643245180      -57.8296740425588922       41.1189024705312605
     -42.3899433225759239      -57.8235629434266372       41.1274924708889245
     -42.3910655559470797      -57.8165244253145829       41.1373649715755931
     -42.3934943732645522      -57.8087129878573478       41.1482946801352085
     -42.3975820239754029      -57.8002832844483621       41.1600563880846622
     -42.4036794652858973      -57.7914066309029621       41.1724018329464840
     -42.4121382135659459      -57.7822836676618081       41.1850420211106538
     -42.4233122029502709      -57.7731570007759956       41.1976296150434322
     -42.4375603062595061      -57.7643268656840334       41.2097370926113058
     -42.4552503725930279      -57.7561737880467945       41.2208250772533589
     -42.4767663277077361      -57.7491954439282296       41.2301906905924653
     -42.5025217346600357      -57.7440735602717510       41.2368736080106970
     -42.5326143519492419      -57.7400618182690053       41.2419193638337305
     -42.5669337392831935      -57.7354913440585378       41.2476676452971986
     -42.6057074410783514      -57.7303281036090539       41.2541619942167443
     -42.6491518295649925      -57.7245435510378186       41.2614385330907112
     -42.6974707218917615      -57.7181109266918639       41.2695311846384030
     -42.7508548497838703      -57.7110053666952041       41.2784715392163761
     -42.8094813689797391      -57.7032040173798180       41.2882887160507508
     -42.8735134099144091      -57.6946861557821862       41.2990092167219345
     -42.9430996710156734      -57.6854333171582709       41.3106567696559139
     -43.0183740558948671      -57.6754294301593688       41.3232521648011470
     -43.0994553555907132      -57.6646609599628874       41.3368130781469105
     -43.1864469768637491      -57.6531170592761839       41.3513538862349890
     -43.2794367179958215      -57.6407897266138392       41.3668854712198311
     -43.3784965913209035      -57.6276739712403625       41.3834150178182725
     -43.4836826920151083      -57.6137679836471008       41.4009458039145599
     -43.5950351104355391      -57.5990733096799943       41.4194769868536667
     -43.7125778724076497      -57.5835950242251755       41.4390033914638778
     -43.8363189281164694      -57.5673418972889195       41.4595153092114543
     -43.9662501918266670      -57.5503265520815006       41.4809983087070577
     -44.1023476217619432      -57.5325656133561552       41.5034330596899821
     -44.2445713396682336      -57.5140798351916871       41.5267951699732549
     -44.3928657866525143      -57.4948942094148379       41.5510550439017052
     -44.5471599077997453      -57.4750380713101450       41.5761777822932075
     -44.7073673698224994      -57.4545451716808486       41.6021231095611554
     -44.8733868075197151      -57.4334537180757891       41.6288453379407173
     -45.0451020962842748      -57.4118063823808242       41.6562933744311863
     -45.2223826518114436      -57.3896502618970672       41.6844107683089717
     -45.4050837508999123      -57.3670368002772335       41.7131358103715115
     -45.5930468638687643      -57.3440216842139208       41.7424017012581956
     -45.7861000088029115      -57.3206646827221036       41.7721367695936721
     -45.9840581228436776      -57.2970294352653440       41.8022647481142755
     -46.1867234541743343      -57.2731831556970903       41.8327050860347924
     -46.3938859966316102      -57.2491962949739488       41.8633733291467749
     -46.6053240249779961      -57.2251422311402109       41.8941815878769361
     -46.8208046237753450      -57.2010969022196534       41.9250389937285988
     -47.0400842061061297      -57.1771383832226618       41.9558521718863844
     -47.2629090587480505      -57.1533463612611783       41.9865257033193942
     -47.4890158940542975      -57.1298017219081800       42.0169627277131852
     -47.7181324255685055      -57.1065860767124320       42.0470655567590086
     -47.9499779692072750      -57.0837812133569926       42.0767362770322606
     -48.1842640731600440      -57.0614684156011265       42.1058772953989688
     -48.4206951570246176      -57.0397279634456851       42.1343920471618105
     -48.6589691742270958      -57.0186386108775309       42.1621857090027703
     -48.8987783031440415      -56.9982769610350815       42.1891658474996447
     -49.1398096677584988      -56.9787167097098788       42.2152429708263455
     -49.3817460695318289      -56.9600281772340580       42.2403312837714040
     -49.6242667458096420      -56.9422778001393723       42.2643493924963778
     -49.8670480941654048      -56.9255275019171947       42.2872208873429045
     -50.1097637708122576      -56.9098339436767660       42.3088748834980137
     -50.3520847382722678      -56.8952479774156288       42.3292470383811974
     -50.5936799642115744      -56.8818139028405625       42.3482805562799456
     -50.8342172421012677      -56.8695686010493944       42.3659270087443076
     -51.0733640657796997      -56.8585407423261842       42.3821470801615945
     -51.3107885450785588      -56.8487504153220939       42.3969114746591700
     -51.5461603645672213      -56.8402086520155692       42.4102015734139783
     -51.7791517698953001      -56.8329168698414762       42.4220098425218666
     -52.0094385571120341      -56.8268665219865738       42.4323401990939146
     -52.2367010335886164      -56.8220391255703774       42.4412084612869123
     -52.4606249151210307      -56.8184061861206331       42.4486425322714851
     -52.6809028174827034      -56.8159445944948018       42.4546615761491495
     -52.8972381868420953      -56.8147324907676747       42.4591477798746268
     -53.1093396729615748      -56.8148733397393570       42.4619484703279255
     -53.3169216726183066      -56.8164400156062399       42.4629509829741778
     -53.5197117131951359      -56.8194747879779740       42.4620826741254760
     -53.7174553134187960      -56.8239906519518598       42.4593090161283158
     -53.9099201241056534      -56.8299736893144427       42.4546310119729853
     -54.0968996212317563      -56.8373858992016707       42.4480817385514300
     -54.2782156514680594      -56.8461684290045497       42.4397222682109216
     -54.4537190801753752      -56.8562449157038046       42.4296372553088332
     -54.6232881591536170      -56.8675247321355357       42.4179306741142526
     -54.7868249910571024      -56.8799060381401205       42.4047222197412239
     -54.9442511716713042      -56.8932781249288553       42.3901443026075384
     -55.0955035153326875      -56.9075232036766323       42.3743397193174118
     -55.2405296518762157      -56.9225176664637473       42.3574599987981770
     -55.3792873067972025      -56.9381330843340336       42.3396641448878412
     -55.5117458523376968      -56.9542374666935771       42.3211170888961234
     -55.6378875747099428      -56.9706967802375743       42.3019877787662466
     -55.7577086361105358      -56.9873766079292992       42.2824470377807842
     -55.8712198038634611      -57.0041438692241869       42.2626653121834011
     -55.9784469914734473      -57.0208685333726564       42.2428103990587545
     -56.0794316415704230      -57.0374252709593250       42.2230452286573126
     -56.1742309724155007      -57.0536949832852045       42.2035257494522398
     -56.2629181046696445      -57.0695661691220764       42.1843989604547005
     -56.3455820813366586      -57.0849362344708453       42.1658012268396334
     -56.4223277934951994      -57.0997125619354406       42.1478567861879014
     -56.4932758218222020      -57.1138133624336675       42.1306764917896928
     -56.5585622027710286      -57.1271683245500626       42.1143568213558552
     -56.6183381272997863      -57.1397190609475203       42.0989791563028959
     -56.6727695790381958      -57.1514193560112105       42.0846093299887585
     -56.7220369178481718      -57.1622352230380315       42.0712974371595081
     -56.7663344138857155      -57.1721447828091840       42.0590778914658685
     -56.8058697365280025      -57.1811379783093869       42.0479697132511490
     -56.8408634018997461      -57.1892161426937378       42.0379770259338059
     -56.8715481822448012      -57.1968922762766141       42.0284081506458094
     -56.8981684798629104      -57.2047388413948923       42.0184900029646542
     -56.9209796683873108      -57.2126422356973237       42.0083832836228197
     -56.9402474035680441      -57.2204990700725276       41.9982355302762471
     -56.9562469058085483      -57.2282165272535934       41.9881805575311020
     -56.9692622167094456      -57.2357103875131088       41.9783410700472643
     -56.9795854317516799      -57.2429031275190994       41.9688311775468961
     -56.9875159112787202      -57.2497218723855568       41.9597591131099321
     -56.9933594719686454      -57.2560959046226898       41.9512305603919415
     -56.9974275610203733      -57.2619532390051091       41.9433532613650897
     -57.0000364153124366      -57.2672153070213028       41.9362442119663186
     -57.0015062078240504      -57.2717876474312462       41.9300423203669155
     -57.0021601836381038      -57.2755422911353520       41.9249324198530147
     -57.0023237878677023      -57.2785777897986179       41.9207899290431456
     -57.0021601836380896      -57.2816084553379312       41.9166439009879994
     -57.0015062078240504      -57.2853437813639985       41.9115198623380820
     -57.0000364153124366      -57.2898727162614421       41.9052862033058773
     -56.9974275610203804      -57.2950577758717188       41.8981207933386059
     -56.9933594719686880      -57.3007951188344009       41.8901556755268913
     -56.9875159112791181      -57.3069969844516365       41.8815011182713519
     -56.9795854317544084      -57.3135824420677835       41.8722583166023554
     -56.9692622167240543      -57.3204721396377082       41.8625266347546869
     -56.9562469058731935      -57.3275849474133565       41.8524082642721496
     -56.9402474038130677      -57.3348355397550122       41.8420116045412982
     -56.9209796692055932      -57.3421324233802636       41.8314540368268410
     -56.8981684823199814      -57.3493761150156516       41.8208644968731775
     -56.8715481889826862      -57.3564572477234620       41.8103861468358815
     -56.8408634189797937      -57.3632569964326251       41.8001758638742444
     -56.8058697772353867      -57.3703391500148001       41.7894542128794839
     -56.7663345062392182      -57.3782078850046844       41.7775230509356845
     -56.7220371182890588      -57.3868588743436732       41.7643823460831030
     -56.6727699969168413      -57.3962770420082222       41.7500474198972356
     -56.6183389670270003      -57.4064362256689762       41.7345495027365061
     -56.5585638340413297      -57.4172989972690360       41.7179360814938889
     -56.4932788930999763      -57.4288166588828091       41.7002710145042315
     -56.4223334102981724      -57.4409294290132380       41.6816343905875968
     -56.3455920790192053      -57.4535668319583195       41.6621221119896035
     -56.2629354556508829      -57.4666483001142723       41.6418451841430581
     -56.1742603803337062      -57.4800839961757859       41.6209286986308342
     -56.0794803898824199      -57.4937758592585695       41.5995104993670139
     -55.9785261317840437      -57.5076188547347655       41.5777395102148759
     -55.8713457901040016      -57.5215023912786307       41.5557736959893305
     -55.7579055352001021      -57.5353120676350542       41.5337777773398003
     -55.6381900136941709      -57.5489316116133054       41.5119206064676405
     -55.5122028984164473      -57.5622450117978914       41.4903722125695111
     -55.3799675241921605      -57.5751388540046136       41.4693005335251783
     -55.2415276455274409      -57.5875048604864190       41.4488678357489633
     -55.0969483692764896      -57.5992426351802393       41.4292268177859029
     -54.9463173440349877      -57.6102626210456989       41.4105163761777888
     -54.7897462038109779      -57.6204893052178022       41.3928570067778026
     -54.6273696980409866      -57.6298645447261180       41.3763459858682054
     -54.4593409667485702      -57.6383504157944557       41.3610531074658496
     -54.2858267164786739      -57.6459313505623854       41.3470174210539909
     -54.1070020789945332      -57.6526154879649582       41.3342450477118604
     -53.9230460516701271      -57.6584350628334548       41.3227080770078246
     -53.7341386293607641      -57.6634462755329125       41.3123446724715535
     -53.5404600625761233      -57.6677286980789319       41.3030600020837326
     -53.3421919215141784      -57.6713842818044569       41.2947275922328316
     -53.1395192632318256      -57.6745361594966681       41.2871909309939582
     -52.9326332296534403      -57.6773271778636172       41.2802651372123819
     -52.7217343646054317      -57.6799186045207932       41.2737389596039748
     -52.5070385413265441      -57.6824887568133278       41.2673768610531653
     -52.2887761591362192      -57.6851785866707445       41.2609949667870382
     -52.0671851396212162      -57.6880176397878870       41.2545641271662262
     -51.8425134188483483      -57.6910173321971342       41.2480794596332743
     -51.6150189529754257      -57.6941863454685446       41.2415391346986766
     -51.3849690968461559      -57.6975307449308588       41.2349441540437311
     -51.1526400229970903      -57.7010539593796850       41.2282980036526041
     -50.9183161417252776      -57.7047568307703926       41.2216063142945472
     -50.6822894943630686      -57.7086379932317257       41.2148767060281571
     -50.4448591103530646      -57.7126940967251727       41.2081184676776644
     -50.2063303183250795      -57.7169198879945782       41.2013420822771650
     -49.9670139994146894      -57.7213084098623739       41.1945587901915431
     -49.7272257764707888      -57.7258514841778165       41.1877803156705582
     -49.4872850871716636      -57.7305400256165342       41.1810184430479325
     -49.2475136000106275      -57.7353641588840816       41.1742845170871163
     -49.0082336272967680      -57.7403133482728848       41.1675893061826983
     -48.7697671532476349      -57.7453765876374376       41.1609431136003465
     -48.5324349167198292      -57.7505424222483512       41.1543557848934043
     -48.2965554906954964      -57.7557988302200158       41.1478366180240940
     -48.0624443470817795      -57.7611333191267136       41.1413944275751646
     -47.8304129183948277      -57.7665330773205667       41.1350376465085716
     -47.6007676687294747      -57.7719850078050712       41.1287743410125586
     -47.3738091794616523      -57.7774756624561832       41.1226121496202168
     -47.1498312358066656      -57.7829913609458146       41.1165583476986427
     -46.9291199293179488      -57.7885183274196876       41.1106199172628521
     -46.7119527867794062      -57.7940427498145937       41.1048035537324949
     -46.4985979304930126      -57.7995507759032634       41.0991156193872271
     -46.2893132580180975      -57.8050286089318917       41.0935621593893643
     -46.0843456511916685      -57.8104626447571590       41.0881489394042987
     -45.8839302610275013      -57.8158395489255454       41.0828814313294757
     -45.6882898716402295      -57.8211463257175922       41.0777647561220931
     -45.4976342197130563      -57.8263703956566388       41.0728035972262262
     -45.3121593220705279      -57.8314997446762504       41.0680021763417002
     -45.1320468602610276      -57.8365230171565301       41.0633642099779266
     -44.9574636194064396      -57.8414295867037040       41.0588928711914463
     -44.7885609840161933      -57.8462096073086727       41.0545907581577580
     -44.6254744891956605      -57.8508540518957304       41.0504598738663020
     -44.4683234196337693      -57.8553547599339595       41.0465016312111501
     -44.3172104699645217      -57.8597044603871069       41.0427168580830468
     -44.1722214621466165      -57.8638967817491405       41.0391058090642673
     -44.0334251185436258      -57.8679262524566198       41.0356681841062922
     -43.9008728914619866      -57.8717882870232359       41.0324031487818601
     -43.7745988461815756      -57.8754791675277644       41.0293093607612676
     -43.6546195930827423      -57.8789960353276740       41.0263850108523940
     -43.5409342747133010      -57.8823368663088900       41.0236278575208999
     -43.4335246037664930      -57.8855004410526064       41.0210352608693327
     -43.3323549411331612      -57.8884863124028968       41.0186042166061853
     -43.2373724157402251      -57.8912947682837995       41.0163313934706082
     -43.1485071073450754      -57.8939267915475284       41.0142131716489260
     -43.0656722776233494      -57.8963840216641117       41.0122456759681739
     -42.9887646448157454      -57.8986687191319120       41.0104248030030831
     -42.9176646991060338      -57.9007837331454809       41.0087462424183755
     -42.8522370597103830      -57.9027324721690704       41.0072054925067846
     -42.7923308723144231      -57.9045188773879786       41.0057978703810377
     -42.7377802454703541      -57.9061473988684554       41.0045185174423210
     -42.6884047247987155      -57.9076229740492963       41.0033624008736908
     -42.6440098036855488      -57.9089510080493852       41.0023243120763539
     -42.6043874689869995      -57.9101373551532888       41.0013988631175366
     -42.5693167801138230      -57.9111883007580914       41.0005804823495055
     -42.5385636654169019      -57.9121067571038353       40.9998687735215199
     -42.5115330127203350      -57.9112719305964205       41.0015638264846558
     -42.4878161581788660      -57.9079810393742349       41.0066650459306388
     -42.4672998589769861      -57.9029525543935719       41.0141580724643404
     -42.4498222759115009      -57.8967239301966003       41.0232852542899948
     -42.4351880076687991      -57.8897181753768564       41.0334516943148557
     -42.4231767119457928      -57.8822803862288353       41.0441736033825748
     -42.4135487067266936      -57.8747000878015712       41.0550466422107121
     -42.4060490935655139      -57.8672265878393830       41.0657241053836302
     -42.4004112528679400      -57.8600813209128546       41.0758993476506973
     -42.3963603618520608      -57.8534702295599601       41.0852881615959262
     -42.3936177535997487      -57.8476000102172421       41.0936057112779451
     -42.3919074855498792      -57.8427046142621535       41.1005290086585191
     -42.3908840151368480      -57.8387040331883213       41.1061783228960280
