  -62.521566555790287       -75.538572605329747        105.07152123226037     
  -60.997566555790286       -75.539488191469516        105.07279478066548     
  -59.473566555790285       -75.540403777609285        105.07406832907058     
  -57.949566555790284       -75.541319363749054        105.07534187747569     
  -51.843520647198076       -75.544987743672110        105.08044446607704     
  -51.835173873972252       -75.544992758232397        105.08045144115560     
  -51.823184231200322       -75.545000120343943        105.08046168159613     
  -51.806912683717222       -75.545010411721535        105.08047599654321     
  -51.785731738148044       -75.545024326059007        105.08049535089893     
  -51.759027134029800       -75.545042704577568        105.08052091476479     
  -51.726199499180410       -75.545066575384340        105.08055411817013     
  -51.686665964846341       -75.545097196140901        105.08059671037302     
  -51.639861736268010       -75.545136099527525        105.08065082296191     
  -51.585241614424184       -75.545185140984486        105.08071903592875     
  -51.522281464846571       -75.545246536163404        105.08080442900838     
  -51.450479629492236       -75.545319345393722        105.08090569009983     
  -51.369358277981306       -75.545402206932351        105.08102091394781     
  -51.278464694607472       -75.545496082223252        105.08115141469399     
  -51.177372497682029       -75.545602146612737        105.08129878106011     
  -51.065682788094030       -75.545721862398210        105.08146495905075     
  -50.943025224223170       -75.545857066284924        105.08165234188436     
  -50.809059020656854       -75.546010073349422        105.08186386307491     
  -50.663473868525308       -75.546183800456689        105.08210308678039     
  -50.505990775460951       -75.546381909444719        105.08237428194525     
  -50.336362823039160       -75.546608961274060        105.08268244901251     
  -50.154375843553694       -75.546870634795951        105.08303334840123     
  -49.959849014517857       -75.547173995730816        105.08343347713823     
  -49.752635371253440       -75.547527827212448        105.08388996569053     
  -49.532622238940299       -75.547943033070638        105.08441035405988     
  -49.299731584708447       -75.548433078446351        105.08500212542332     
  -49.053920300403732       -75.549014724289506        105.08567226140313     
  -48.795180417274501       -75.549708972661776        105.08642658439105     
  -48.523539257909015       -75.550542216902656        105.08726872487566     
  -48.239059535094626       -75.551547667868945        105.08819861155791     
  -47.941839421212215       -75.552767543212170        105.08921089298515     
  -47.632012597800440       -75.554255838802163        105.09029267079852     
  -47.309748308070851       -75.556081774440500        105.09142017668822     
  -46.975251398578095       -75.558334248424586        105.09255541640540     
  -46.628762133029774       -75.561124922777978        105.09364360856812     
  -46.270555674738915       -75.564588759128554        105.09461175580722     
  -45.900941241410408       -75.568882707461981        105.09536960476517     
  -45.520260904371462       -75.574181571019068        105.09581192625430     
  -45.128888085914724       -75.580671839949247        105.09582231509675     
  -44.727225853952980       -75.588544602159587        105.09527822322164     
  -44.315705104449691       -75.597987672868314        105.09405545766336     
  -43.894782725214228       -75.609178892912581        105.09203338006525     
  -43.464939770903314       -75.622279708053185        105.08909877707426     
  -43.026679684439820       -75.637430245990600        105.08514958840081     
  -42.580526706766051       -75.654746500119089        105.08009656968606     
  -42.127024506831937       -75.674321655943118        105.07386512355028     
  -41.666734794629889       -75.696228137039824        105.06639736466805     
  -41.200235868415618       -75.720515616094943        105.05764879182968     
  -40.728121121470771       -75.747210958864343        105.04758752866948     
  -40.250997513986952       -75.776318692157062        105.03619401234363     
  -39.769484027605124       -75.807821671905685        105.02346056571481     
  -39.284210098828147       -75.841682022312639        105.00939091945983     
  -38.795814049637862       -75.877842256173295        104.99399952967438     
  -38.304941501215396       -75.916226715586959        104.97731090985820     
  -37.812243796347097       -75.956743115054607        104.95935869154223     
  -37.318376404307415       -75.999284409565945        104.94018477735017     
  -36.823997343679075       -76.043730689993282        104.91983822033774     
  -36.329765584552220       -76.089951330361487        104.89837422999828     
  -35.836339447471765       -76.137806851811717        104.87585313677914     
  -35.344374915478213       -76.187150318796498        104.85233993844277     
  -34.854523946144610       -76.237828429402725        104.82790388043624     
  -34.367432772586184       -76.289682695343728        104.80261812648013     
  -33.883740233945915       -76.342550574011852        104.77655932786855     
  -33.404076109939737       -76.396266642454364        104.74980722941463     
  -32.929059484989793       -76.450663728992467        104.72244421358546     
  -32.459297132973504       -76.505574061018081        104.69455487775218     
  -31.995381930934158       -76.560830345955665        104.66622554529681     
  -31.537891307609858       -76.616266823342656        104.63754377869955     
  -31.087385724511790       -76.671720258485024        104.60859786586978     
  -30.644407203247674       -76.727030912307043        104.57947634253446     
  -30.209477892820200       -76.782043421254784        104.55026746928851     
  -29.783098686742793       -76.836607630137394        104.52105873755067     
  -29.365747896315721       -76.890579346161928        104.49193636643022     
  -28.957879969278498       -76.943821011507069        104.46298477747420     
  -28.559924295889054       -76.996202408539986        104.43428609833046     
  -28.172284050693097       -77.047601243902932        104.40591956262145     
  -27.795335135494003       -77.097903729134472        104.37796110104374     
  -27.429425147098009       -77.147004918622201        104.35048281714023     
  -27.074872447894816       -77.194809051425366        104.32355267940530     
  -26.731965290836762       -77.241229720287720        104.29723418033258     
  -26.400961013676273       -77.286189924121103        104.27158603326281     
  -26.082085336904239       -77.329622125444459        104.24666205520222     
  -25.775531712037612       -77.371468105250173        104.22251094234255     
  -25.481460768726873       -77.411678811218010        104.19917618774940     
  -25.199999856359671       -77.450214179867544        104.17669609523639     
  -24.931242652060618       -77.487042809292845        104.15510370687367     
  -24.675248869783573       -77.522141643555059        104.13442684277609     
  -24.432044069019312       -77.555495665879135        104.11468822984543     
  -24.201619542689912       -77.587097501341532        104.09590556847971     
  -23.983932299969087       -77.616947013070629        104.07809163398596     
  -23.778905149250598       -77.645050922928647        104.06125444511525     
  -23.586426874867538       -77.671422424487403        104.04539746434433     
  -23.406352501271890       -77.696080762348686        104.03051976250471     
  -23.238503653493925       -77.719050839563636        104.01661619735798     
  -23.082669013769166       -77.740362860893569        104.00367760733168     
  -22.938604871139123       -77.760052002630474        103.99169100326397     
  -22.806035762549705       -77.778158110312290        103.98063975704348     
  -22.684655201634101       -77.794725411413737        103.97050376889564     
  -22.574126494805000       -77.809802253833794        103.96125962884535     
  -22.474083642993172       -77.823440873811549        103.95288077985812     
  -22.384132325339611       -77.835697184595318        103.94533767565791     
  -22.303850961690411       -77.846630581901991        103.93859793408654     
  -22.232791850554825       -77.856303762118841        103.93262648788905     
  -22.170482378977702       -77.864782567569577        103.92738575954230     
  -22.116426305782845       -77.872143577483826        103.92284607349420     
  -22.070105095020534       -77.878460737619079        103.91896835078971     
  -22.030979317523236       -77.883803384704066        103.91570188408124     
  -21.998490115662271       -77.888244521209756        103.91299567197792     
  -21.972060714518783       -77.891860465270710        103.91079835790707     
  -21.951097981156533       -77.894730499688677        103.90905817932232     
  -21.934994027695428       -77.896936522157333        103.90772292965657     
  -21.923127853810200       -77.898562699099145        103.90673993532292     
  -21.914867024190109       -77.899695125506639        103.90605604983212     
  -21.909569376407127       -77.900421493060165        103.90561766682958     
  -21.906584754562576       -77.900830768631110        103.90537075358104     
  -21.905256764015689       -77.901012885077833        103.90526090615417     
  -15.808924542443723       -78.737044711387526        103.40099044319416     
  -14.284924542443722       -78.946041278009588        103.27492969754915     
  -12.760924542443723       -79.155037844631650        103.14886895190415     
  -11.236924542443722       -79.364034411253712        103.02280820625914     
