     -17.8929802290672235      -86.4510094404501928      113.8775325305580992
     -17.8898596184211875      -86.4387301619052977      113.8868024774416909
     -17.8870040750342874      -86.4234173733075153      113.8983764962647598
     -17.8850349766981864      -86.4046218083357473      113.9126035713462670
     -17.8848412436829882      -86.3828513143839558      113.9291104204914546
     -17.8872817507163688      -86.3585330940926355      113.9475845844408042
     -17.8932065121416137      -86.3320951471498006      113.9677131343733834
     -17.9034690071142890      -86.3040165497223910      113.9891449605922134
     -17.9189351872927176      -86.2748660155293692      114.0114619773914342
     -17.9404924876178704      -86.2453403831367638      114.0341504673366302
     -17.9690614830156434      -86.2163122972532250      114.0565655878462792
     -18.0056136390061994      -86.1888991845648889      114.0778799382365776
     -18.0512013994069278      -86.1645754521675684      114.0969996975595251
     -18.1070143348511223      -86.1453761353823211      114.1124120654261986
     -18.1729848415815134      -86.1289965453703985      114.1258605348749455
     -18.2482240815885142      -86.1103292557547206      114.1411870457808533
     -18.3332298210395663      -86.0892384000588891      114.1585019112425528
     -18.4284769704170337      -86.0656063471942190      114.1779012509408631
     -18.5344130844580768      -86.0393225312786001      114.1994753592476570
     -18.6514572448432041      -86.0102838694476048      114.2233083773553801
     -18.7799990387626110      -85.9783952064716033      114.2494779608372539
     -18.9203976373451646      -85.9435697891993584      114.2780549341157297
     -19.0729809775444430      -85.9057297739479964      114.3091029256931108
     -19.2380450505241249      -85.8648067719628330      114.3426779837482457
     -19.4158532993377122      -85.8207424350108283      114.3788281710695571
     -19.6066361289984705      -85.7734890711874272      114.4175931258474890
     -19.8105905297326288      -85.7230102942325374      114.4590035958937335
     -20.0278798105831228      -85.6692817348725981      114.5030809911014273
     -20.2586334455319026      -85.6122917733619460      114.5498369100535712
     -20.5029470143816397      -85.5520422804841303      114.5992726349335129
     -20.7608821790389655      -85.4885492907796305      114.6513785267950283
     -21.0324667652467454      -85.4218437619223039      114.7061336155372828
     -21.3176949653173970      -85.3519722977005415      114.7635052188756788
     -21.6165276237116224      -85.2789977546835445      114.8234484874301558
     -21.9288925903571972      -85.2029998077084514      114.8859060078541034
     -22.2546851272036363      -85.1240755423766586      114.9508075900963036
     -22.5937683722487463      -85.0423398430005761      115.0180699619607623
     -22.9459738429947642      -84.9579256900881177      115.0875965592687606
     -23.3111019629810343      -84.8709844553006434      115.1592775663045103
     -23.6889226197407474      -84.7816858842936796      115.2329898219112181
     -24.0791757267030526      -84.6902180542902698      115.3085970116591739
     -24.4815717903068411      -84.5967871383388257      115.3859499491288574
     -24.8957924783295574      -84.5016169117186138      115.4648868847630325
     -25.3214911712681534      -84.4049481829003838      115.5452341137711016
     -25.7582935119113294      -84.3070378299194800      115.6268064659291639
     -26.2057979294915704      -84.2081578396126105      115.7094082334418772
     -26.6635762774421536      -84.1085939098319670      115.7928339562956808
     -27.1311748390441849      -84.0086440975247939      115.8768696014702186
     -27.6081152352077837      -83.9086173077108128      115.9612935688193005
     -28.0938952173754615      -83.8088317529935409      116.0458778607327730
     -28.5879894891978630      -83.7096131395529142      116.1303891485846407
     -29.0898505509389658      -83.6112928700391791      116.2145901193790820
     -29.5989095835266944      -83.5142059913303711      116.2982407040576760
     -30.1145773663981906      -83.4186891630585308      116.3810995442335496
     -30.6362452452649308      -83.3250784159610163      116.4629253480512716
     -31.1632861503590135      -83.2337068632613182      116.5434783296823724
     -31.6950556745704439      -83.1449023299296215      116.6225216489077923
     -32.2308932118440197      -83.0589850795619213      116.6998230653883297
     -32.7701231722881516      -82.9762654654255130      116.7751565256777724
     -33.3120562751466025      -82.8970416200819216      116.8483038007245938
     -33.8559909410387476      -82.8215969374725773      116.9190557823025785
     -34.4012145177186284      -82.7501976007176836      116.9872137185091674
     -34.9470019120007933      -82.6830903143694087      117.0525908539256790
     -35.4926139974869486      -82.6204989444182871      117.1150145617032194
     -36.0372986385364058      -82.5626205936853381      117.1743288944991264
     -36.5802922269315971      -82.5096218745933356      117.2303970991216033
     -37.1208214834576680      -82.4616354249814378      117.2831039224155916
     -37.6581055153570574      -82.4187567772026313      117.3323577305432792
     -38.1913580968392239      -82.3810416167490018      117.3780923731810901
     -38.7197901206232373      -82.3485035059721042      117.4202688018216350
     -39.2426121448155811      -82.3211120847212499      117.4588763917877827
     -39.7590369111301740      -82.2987917736306258      117.4939339805618204
     -40.2682816695334296      -82.2814209047430296      117.5254905515199795
     -40.7695729701501719      -82.2688791913876258      117.5535922633968653
     -41.2621614083571444      -82.2613432001946592      117.5780765246937420
     -41.7452975912838440      -82.2590514504067301      117.5987357806180711
     -42.2182332755329597      -82.2621317417712277      117.6154382899884041
     -42.6802505727052406      -82.2706031337712602      117.6281278241030037
     -43.1306810863880230      -82.2843844683326182      117.6368185796422381
     -43.5689222108168366      -82.3033060233404399      117.6415878796179157
     -43.9944517038117056      -82.3271235415280671      117.6425670208630123
     -44.4068376864906185      -82.3555340226056103      117.6399311336630262
     -44.8057410129342912      -82.3881917057853315      117.6338886794129053
     -45.1909084084960710      -82.4247224068751478      117.6246715538014342
     -45.5621578193216621      -82.4647349840049202      117.6125272242436637
     -45.9193602967266017      -82.5078291749307624      117.5977133239770609
     -46.2624221222673313      -82.5535993651954954      117.5804935621970770
     -46.5912662423895156      -82.6016354050628081      117.5611360866592463
     -46.9058285448399772      -82.6515222509585499      117.5399138614974248
     -47.2060634557975973      -82.7028411472863496      117.5171045439563500
     -47.4919485584556469      -82.7551721691678068      117.4929890050005525
     -47.7634881263637254      -82.8080977818137569      117.4678491077239073
     -48.0207158461731538      -82.8612069953439345      117.4419649972980864
     -48.2636968990033495      -82.9140998103768680      117.4156121247314388
     -48.4925295156842466      -82.9663916925999132      117.3890581472806502
     -48.7073460866988839      -83.0177178786262999      117.3625598328543589
     -48.9083138838016183      -83.0677374177965788      117.3363601551073998
     -49.0956354481033941      -83.1161367682060046      117.3106855720489818
     -49.2695486827566995      -83.1626329435201654      117.2857436712828303
     -49.4303266852538599      -83.2069761931268772      117.2617212900977393
     -49.5782773619305814      -83.2489520141273402      117.2387829107779993
     -49.7137428490021520      -83.2883825554834658      117.2170694582638504
     -49.8370987644699284      -83.3251274258010142      117.1966975198147338
     -49.9487533111197024      -83.3590839371987755      117.1777590023553017
     -50.0491462520941326      -83.3901867629389386      117.1603211374016524
     -50.1387477714401015      -83.4184070862532820      117.1444268596887923
     -50.2180572303803316      -83.4437513129746691      117.1300955588828998
     -50.2876018311663628      -83.4678132803932726      117.1162166966082907
     -50.3479351965845581      -83.4923719207606894      117.1015473824728161
     -50.3996358732722030      -83.5170777464063718      117.0863622755561124
     -50.4433057644122229      -83.5416126963207262      117.0709154031106891
     -50.4795684975922043      -83.5656912907779343      117.0554391883190988
     -50.5090677335240201      -83.5890545460285637      117.0401486312457990
     -50.5324654207097055      -83.6114641123363498      117.0252453301691986
     -50.5504400011432367      -83.6326959518689677      117.0109218343191628
     -50.5636845721616979      -83.6525326358599273      116.9973669886865792
     -50.5729050096010369      -83.6707527357322931      116.9847733643823631
     -50.5788180574647299      -83.6871143374338686      116.9733489026832700
     -50.5821493893692278      -83.7013261450957629      116.9633374515876625
     -50.5836316470815390      -83.7129927808166201      116.9550577840872307
     -50.5840024615059107      -83.7224224740937331      116.9483252480800672
     -50.5836316470815390      -83.7318350236825779      116.9415687647768891
     -50.5821493893692136      -83.7434331336837943      116.9331933765852796
     -50.5788180574647299      -83.7574909481033245      116.9229668188162066
     -50.5729050096010582      -83.7735792706193649      116.9111606249344106
     -50.5636845721618613      -83.7913733783307464      116.8979719501248837
     -50.5504400011448496      -83.8105984552051808      116.8835627762744451
     -50.5324654207207615      -83.8310008378442291      116.8680806470281652
     -50.5090677335832652      -83.8523316793094438      116.8516705206509840
     -50.4795684978542312      -83.8743364959345001      116.8344824178440717
     -50.4433057654055261      -83.8967476250588220      116.8166769907983138
     -50.3996358765893220      -83.9192780669720833      116.7984301049327485
     -50.3479352065447614      -83.9416157890270114      116.7799370917850865
     -50.2876018584794338      -83.9634178069778159      116.7614171617022834
     -50.2180572996162908      -83.9843114786835372      116.7431126235179306
     -50.1387479364502013      -84.0060467455461293      116.7237400749740601
     -50.0491466264501668      -84.0301886113558254      116.7021486666895100
     -49.9487541235968067      -84.0567208226022444      116.6783260640522002
     -49.8371004582913883      -84.0855935205184721      116.6522856650900621
     -49.7137462526731824      -84.1167221439212369      116.6240675588721700
     -49.5782839738325123      -84.1499868455403544      116.5937391788200159
     -49.4303391335508167      -84.1852324564930683      116.5613955754621429
     -49.2695714478613738      -84.2222690142867947      116.5271592169402055
     -49.0956759680355219      -84.2608729534744043      116.4911793534362516
     -48.9083842042540766      -84.3007889831545043      116.4536308904937130
     -48.7074652684002700      -84.3417326745775995      116.4147127280580634
     -48.4927270725475168      -84.3833937081780192      116.3746454327239945
     -48.2640176125345448      -84.4254399690489947      116.3336684527696292
     -48.0212263860485109      -84.4675224668281572      116.2920367991417123
     -47.7642860065379082      -84.5092810127967198      116.2500170608612535
     -47.4931740774559614      -84.5503507394973894      116.2078828320068737
     -47.2079154180615035      -84.5903694316297248      116.1659094562978822
     -46.9085847539372267      -84.6289857109160124      116.1243680742115174
     -46.5953100269992504      -84.6658681537229540      116.0835189654380741
     -46.2682765567283525      -84.7007154307062535      116.0436041241922140
     -45.9277324098454116      -84.7332676421457194      116.0048390073783082
     -45.5739950013843682      -84.7633188821796608      115.9674030554612187
     -45.2074484785542410      -84.7907305128772322      115.9314294174473474
     -44.8285254254064043      -84.8154421211166891      115.8969962467343322
     -44.4376879865869867      -84.8374789296116347      115.8641210726551662
     -44.0354075378911531      -84.8569545699184147      115.8327571554350612
     -43.6221464523313074      -84.8740698146267505      115.8027930204980720
     -43.1983464867910314      -84.8891081643786123      115.7740550570691056
     -42.7644256690609623      -84.9024293064064892      115.7463120344721546
     -42.3207825213062776      -84.9144616245578447      115.7192805817965251
     -41.8678048842442720      -84.9256947522854375      115.6926312415834985
     -41.4058807018898278      -84.9366721742840127      115.6659943597051097
     -40.9354120020847105      -84.9479840133260780      115.6389658300083596
     -40.4568399116246482      -84.9602607959413518      115.6111125395113248
     -39.9706427185782189      -84.9740035935263904      115.5820969190554877
     -39.4773088015199605      -84.9893540078061562      115.5518450932411270
     -38.9773481849880810      -85.0063855565806676      115.5203332973936625
     -38.4712940572049718      -85.0251513028508441      115.4875528583352917
     -37.9597017839617692      -85.0456844075705902      115.4535096966262699
     -37.4431481210126123      -85.0679987948947343      115.4182237295126896
     -36.9222304709677189      -85.0920899633595980      115.3817281116282203
     -36.3975660795481275      -85.1179360236734510      115.3440683615290112
     -35.8697910966972628      -85.1454989283690935      115.3053012997033022
     -35.3395594579468693      -85.1747259502797078      115.2654938751110194
     -34.8075415518501927      -85.2055513383568837      115.2247218056659648
     -34.2744226636555922      -85.2378981636827291      115.1830680916934142
     -33.7409009372374271      -85.2716803291367995      115.1406213938204246
     -33.2076826346744269      -85.3068045818058209      115.0974743290045552
     -32.6754773560451213      -85.3431716636006286      115.0537223953476484
     -32.1449957561021691      -85.3806767622362628      115.0094632471779619
     -31.6169474431627862      -85.4192103116678112      114.9647964809683458
     -31.0920388348609258      -85.4586586963725523      114.9198232465514451
     -30.5709709897890427      -85.4989047960656734      114.8746456052129190
     -30.0544374161906234      -85.5398286245742412      114.8293659832277598
     -29.5431218790562333      -85.5813078928710382      114.7840864993879535
     -29.0376962077871354      -85.6232187869665040      114.7389085646412639
     -28.5388181282742934      -85.6654366756584409      114.6939323790738712
     -28.0471291271863628      -85.7078368863119380      114.6492565208278194
     -27.5632523676214767      -85.7502953620241612      114.6049773867021457
     -27.0877906582073713      -85.7926894393742572      114.5611888150721285
     -26.6213244962489526      -85.8348984981813317      114.5179815691358129
     -26.1644101875338038      -85.8768047248788093      114.4754430152827211
     -25.7175781974927666      -85.9182937358584553      114.4336566785440397
     -25.2813317499027477      -85.9592552965632279      114.3927018427654190
     -24.8561451899070924      -85.9995840191312340      114.3526529752910932
     -24.4424623494119331      -86.0391801629638309      114.3135794397641973
     -24.0406950520723015      -86.0779501367961046      114.2755450320020998
     -23.6512217431145544      -86.1158071074708857      114.2386078788766497
     -23.2743862701118189      -86.1526712998078779      114.2028201439042903
     -22.9104967955230663      -86.1884703445050206      114.1682280058417120
     -22.5598248582381160      -86.2231394144424002      114.1348715540382130
     -22.2226045753053612      -86.2566212932996876      114.1027847770480435
     -21.8990319777967954      -86.2888664569001804      114.0719957335548855
     -21.5892644943513936      -86.3198329105985778      114.0425265469809517
     -21.2934205604240390      -86.3494861055628746      114.0143936308857917
     -21.0115793596213400      -86.3777987813945174      113.9876079222210734
     -20.7437806987815705      -86.4047506579512969      113.9621749999886191
     -20.4900249993315775      -86.4303282003488107      113.9380953646932255
     -20.2502734071130170      -86.4545243512130810      113.9153647185891742
     -20.0244479834642775      -86.4773381743436147      113.8939741527981369
     -19.8124319795451633      -86.4987744796552107      113.8739103560163244
     -19.6140702750259912      -86.5188435394867810      113.8551559775965956
     -19.4291699340031947      -86.5375607452697864      113.8376898786487033
     -19.2575008569204833      -86.5549462736208852      113.8214873470590760
     -19.0987965256576864      -86.5710247689242749      113.8065202817497976
     -18.9527548363726766      -86.5858250738374551      113.7927573858537755
     -18.8190390197250252      -86.5993799850689641      113.7801643396140463
     -18.6972786468689272      -86.6117260240107356      113.7687039421737438
     -18.5870707174947114      -86.6229032307819864      113.7583362385071695
     -18.4879808266701957      -86.6329549785619264      113.7490186343944885
     -18.3995444066529217      -86.6419278039373779      113.7407060025631580
     -18.3212680395113345      -86.6498712473309070      113.7333507821485199
     -18.2526275455618432      -86.6568261650719052      113.7269118172103077
     -18.1916612448444290      -86.6578869984734013      113.7250937516397471
     -18.1371807036039066      -86.6509480702818422      113.7294807202600992
     -18.0892096891648713      -86.6382362585260921      113.7383739392747657
     -18.0475929839849023      -86.6214276534847301      113.7504908883559978
     -18.0120557821243281      -86.6018502775903869      113.7648127434546126
     -17.9822371296919883      -86.5805953516726561      113.7805005382225261
     -17.9577111238379779      -86.5585853401743606      113.7968437926566736
     -17.9380021041622797      -86.5366207095634934      113.8132251248209883
     -17.9225972750186280      -86.5154175066060418      113.8290917485904714
     -17.9109593918523586      -86.4956450301481397      113.8439268843912799
     -17.9025428222971605      -86.4779752464359461      113.8572123095733843
     -17.8968185144564345      -86.4631633969423348      113.8683673860936807
     -17.8929802290672235      -86.4510094404501928      113.8775325305580992
