     -27.3814442022070033      -49.0632316739337426       66.1644508978556587
     -27.3808344189358266      -49.0521065130618297       66.1727340996860249
     -27.3809751490510820      -49.0383151412642988       66.1829469873495384
     -27.3824838911135409      -49.0215089621872622       66.1953097672348605
     -27.3860468054616142      -49.0022085814688353       66.2093943031057961
     -27.3923377312022112      -48.9808609346310959       66.2248280998557135
     -27.4020226583656914      -48.9579131425551850       66.2412395079540630
     -27.4157618369902423      -48.9338580523508853       66.2582241174970648
     -27.4342110119755276      -48.9092691229701941       66.2753191602895555
     -27.4580226768814342      -48.8848352275337916       66.2919780286811573
     -27.4878480580116715      -48.8614037817805027       66.3075386355032776
     -27.5243407556497388      -48.8400431751302904       66.3211774273190855
     -27.5681637180165495      -48.8221443958901276       66.3318342193638415
     -27.6200032273031297      -48.8096056006033905       66.3380752325892615
     -27.6801942057001220      -48.8003774612912764       66.3413904854550509
     -27.7488361310949863      -48.7898612333426840       66.3451552184736926
     -27.8263837876791236      -48.7779748784375542       66.3493992402626560
     -27.9132686186779040      -48.7646503401347715       66.3541425521282093
     -28.0098966725827871      -48.7498232287396078       66.3594029840496802
     -28.1166475040849910      -48.7334330362737589       66.3651960329551684
     -28.2338731512348247      -48.7154233620620403       66.3715346951712348
     -28.3618971918868823      -48.6957421513134605       66.3784292924063237
     -28.5010138824123480      -48.6743419500515273       66.3858872928958448
     -28.6514873834733201      -48.6511802036380701       66.3939131631638872
     -28.8135510719046870      -48.6262195574006313       66.4025081935649553
     -28.9874069400611596      -48.5994281493949103       66.4116702850494391
     -29.1732250877877881      -48.5707799359710535       66.4213937552741243
     -29.3711433070960624      -48.5402550329382905       66.4316691448569259
     -29.5812667646470224      -48.5078401079328643       66.4424830784115557
     -29.8036677796655951      -48.4735288330978094       66.4538182010416705
     -30.0383856602641366      -48.4373221969170729       66.4656529324464174
     -30.2854266421098153      -48.3992288514455069       66.4779613021424751
     -30.5447639374596136      -48.3592655244990368       66.4907129107693464
     -30.8163378877451244      -48.3174575212096116       66.5038730616664964
     -31.1000561636539032      -48.2738389256223570       66.5174025424508102
     -31.3957940646637645      -48.2284528746752841       66.5312575831227946
     -31.7033949434765461      -48.1813520477496056       66.5453902056471236
     -32.0226706593304087      -48.1325988220525218       66.5597482240337115
     -32.3534020989962414      -48.0822653193742156       66.5742752199053029
     -32.6953398506801989      -48.0304337922832545       66.5889111293113700
     -33.0482048630406737      -47.9771965362933912       66.6035923308794224
     -33.4116891889141314      -47.9226558076682139       66.6182519099183708
     -33.7854568860913957      -47.8669240950921235       66.6328205953252564
     -34.1691448093334458      -47.8101235042263895       66.6472266542808285
     -34.5623636111155008      -47.7523856216696672       66.6613966479953746
     -34.9646987174314035      -47.6938510361834602       66.6752559106472233
     -35.3757113796405918      -47.6346687239257918       66.6887290344832735
     -35.7949399803816632      -47.5749956894497288       66.7017408574422603
     -36.2219011710950696      -47.5149959143988170       66.7142165793040363
     -36.6560912522322653      -47.4548399304497579       66.7260828854570320
     -37.0969873474433456      -47.3947035666811942       66.7372680499928634
     -37.5440488699841808      -47.3347672754724726       66.7477029746155353
     -37.9967187909547874      -47.2752147717971454       66.7573213707912601
     -38.4544251627900167      -47.2162320934429900       66.7660606253636217
     -38.9165824738455868      -47.1580061598559652       66.7738620311800588
     -39.3825932215369150      -47.1007236263319058       66.7806714855201875
     -39.8518493349018073      -47.0445693776715004       66.7864397075096576
     -40.3237337955061506      -46.9897252467489110       66.7911227791538096
     -40.7976221112787414      -46.9363684826707157       66.7946823124995603
     -41.2728839817282562      -46.8846704030474370       66.7970858343980041
     -41.7488848120281446      -46.8347949008430362       66.7983068960614901
     -42.2249873461796170      -46.7868970891885425       66.7983252890842749
     -42.7005524537566217      -46.7411218791830265       66.7971272222317651
     -43.1749400387574127      -46.6976023799589797       66.7947056638792134
     -43.6475104741914492      -46.6564582623997595       66.7910607160105201
     -44.1176262946022817      -46.6177941379160856       66.7861997896522297
     -44.5846537931499896      -46.5816982365239056       66.7801379344896588
     -45.0479647707602595      -46.5482410038021968       66.7728977423884658
     -45.5069382101411151      -46.5174742774016678       66.7645097421110023
     -45.9609620446536624      -46.4894302851909700       66.7550121776134517
     -46.4094348304767195      -46.4641212456016035       66.7444512776500432
     -46.8517674327300071      -46.4415386895861957       66.7328807541057500
     -47.2873845765164162      -46.4216536163171440       66.7203621437957253
     -47.7157270393641255      -46.4044578920179163       66.7069350888709920
     -48.1362564150638548      -46.3902219840174652       66.6924386830737177
     -48.5484496550439317      -46.3792900269979995       66.6766536966446068
     -48.9518001844721553      -46.3719300530814920       66.6594074754352022
     -49.3458262417954714      -46.3683328473092544       66.6405738371397831
     -49.7300764847225878      -46.3686140993420182       66.6200718248489920
     -50.1041347857976547      -46.3728180258507194       66.5978635464851152
     -50.4676245027430426      -46.3809219628647114       66.5739507407658238
     -50.8202115194813402      -46.3928427812080884       66.5483717856415211
     -51.1616051954088604      -46.4084431715850414       66.5211971435392115
     -51.4915568991854897      -46.4275388435351530       66.4925257606995075
     -51.8098564998765738      -46.4499053222981999       66.4624814886743422
     -52.1163279625921874      -46.4752837633606291       66.4312092676112229
     -52.4108250729533864      -46.5033868614263710       66.3988726845750108
     -52.6932270054536716      -46.5339037166905740       66.3656513618034865
     -52.9634377971481882      -46.5665040386015434       66.3317381190818338
     -53.2213882219092582      -46.6008431314032734       66.2973364751695300
     -53.4670372968871277      -46.6365670007495083       66.2626575325852656
     -53.7003734032264219      -46.6733173768016627       66.2279163743259573
     -53.9214151256314977      -46.7107369840182258       66.1933287899090885
     -54.1302118504101983      -46.7484747335345787       66.1591081550700864
     -54.3268441418268750      -46.7861904671764464       66.1254621778679024
     -54.5114239294772105      -46.8235593262100309       66.0925898131633005
     -54.6840945271030634      -46.8602756986487989       66.0606784392779787
     -54.8450304984786499      -46.8960566924759803       66.0299013462453814
     -54.9944373816845271      -46.9306450651238265       66.0004155282360472
     -55.1325512844789642      -46.9638116008785076       65.9723598282890151
     -55.2596383609442157      -46.9953569209866657       65.9458534444548405
     -55.3759941766073069      -47.0251126866141576       65.9209947449005540
     -55.4819429786032643      -47.0529423786821681       65.8978606286515145
     -55.5778368715097599      -47.0787415427371982       65.8765062304656936
     -55.6640549033867060      -47.1024374921007478       65.8569648971050441
     -55.7410020706995084      -47.1239885694501837       65.8392484950106223
     -55.8091082473403475      -47.1433830144481121       65.8233480214501583
     -55.8688270424740949      -47.1619778155608955       65.8082739509313370
     -55.9206345914480494      -47.1812885547335696       65.7929210638729955
     -55.9650282841369773      -47.2009942954106165       65.7774997291857773
     -56.0025254345144603      -47.2208009640899391       65.7622020391394670
     -56.0336618953980903      -47.2404423223405416       65.7472009685595395
     -56.0589906223875190      -47.2596747004618294       65.7326540044914083
     -56.0790801909454970      -47.2782719314453743       65.7187066406880689
     -56.0945132706592275      -47.2960198962658183       65.7054961646018114
     -56.1058850608049511      -47.3127098872966343       65.6931563117612569
     -56.1138016914243067      -47.3281294755939470       65.6818237382225334
     -56.1188785942069188      -47.3420483223675959       65.6716481604885729
     -56.1217388475355747      -47.3541933042530161       65.6628102271802732
     -56.1230115001323142      -47.3642014115790317       65.6555554520502369
     -56.1233298778000247      -47.3723157866074942       65.6496919267587202
     -56.1230115001323142      -47.3804379952160559       65.6438392574303577
     -56.1217388475355747      -47.3904774218378435       65.6366278853319045
     -56.1188785942069188      -47.4026928285646605       65.6278875484586735
     -56.1138016914243067      -47.4167367994648146       65.6178853707417034
     -56.1058850608049937      -47.4323518085767191       65.6068236160569143
     -56.0945132706596468      -47.4493231705969336       65.5948736938850203
     -56.0790801909484102      -47.4674542399324864       65.5821941332281000
     -56.0589906224030798      -47.4865523155704707       65.5689408519626937
     -56.0336618954669632      -47.5064196200140927       65.5552737840169470
     -56.0025254347755421      -47.5268467903787482       65.5413617106760711
     -55.9650282850088630      -47.5476075651860484       65.5273862436322929
     -55.9206345940661151      -47.5684538712889093       65.5135455313411654
     -55.8688270496535822      -47.5891107194479233       65.5000581128047230
     -55.8091082655401891      -47.6092773089210084       65.4871622598780476
     -55.7410021140766787      -47.6304802201046655       65.4737679908065502
     -55.6640550017996958      -47.6540862518020276       65.4588993664939096
     -55.5778370851080155      -47.6801002495818125       65.4425703782862911
     -55.4819434239265377      -47.7084978387639680       65.4248168059529291
     -55.3759950715161224      -47.7392244944246542       65.4056970939767837
     -55.2596400994792063      -47.7721950282604126       65.3852929457403462
     -55.1325545578499572      -47.8072935363844707       65.3637095970941147
     -54.9944433683598035      -47.8443737863248941       65.3410756523172012
     -54.8450411550638819      -47.8832601151956112       65.3175425075622513
     -54.6841130226362040      -47.9237490019520536       65.2932835256571025
     -54.5114552791581701      -47.9656111564073058       65.2684927052642507
     -54.3268961122709371      -48.0085941744744318       65.2433828885001361
     -54.1302962275096888      -48.0524257621756519       65.2181835052430188
     -53.9215494583952477      -48.0968175007668535       65.1931378296482933
     -53.7005833631935445      -48.1414691645466917       65.1684997951858236
     -53.4673598241309378      -48.1860735618808818       65.1445303743565347
     -53.2218756676078399      -48.2303218395705571       65.1214935012080076
     -52.9641633235637315      -48.2739090442563068       65.0996513263398811
     -52.6942915746164857      -48.3165401686651776       65.0792591832976655
     -52.4123664598727927      -48.3579368474721960       65.0605605495750865
     -52.1185323931906908      -48.3978441675816029       65.0437813206473265
     -51.8129734881284634      -48.4360375912171222       65.0291234030618170
     -51.4959123912020118      -48.4723305963621769       65.0167588700516887
     -51.1676049742987615      -48.5065814876102763       65.0068244478674302
     -50.8283348968948587      -48.5386986345124001       64.9994163326537375
     -50.4784078674526597      -48.5686451480838102       64.9945869991334746
     -50.1181465113522222      -48.5964416950637670       64.9923425604928440
     -49.7478870361408525      -48.6221677139053625       64.9926408668956981
     -49.3679781911817130      -48.6459622146838981       64.9953913951912909
     -48.9787820923018984      -48.6680228439652467       65.0004545800681939
     -48.5806762137626009      -48.6886049596564945       65.0076425158529645
     -48.1740557913716572      -48.7080199079726412       65.0167197876214260
     -47.7593369371865464      -48.7266325431089058       65.0274044240988189
     -47.3369624956657091      -48.7448584543954979       65.0393701158204465
     -46.9074006314058636      -48.7630171593900599       65.0523552402957392
     -46.4711367751493967      -48.7811334260670364       65.0663131277510161
     -46.0286756971295006      -48.7991879550642196       65.0812232441110865
     -45.5805408918963266      -48.8171587308726203       65.0970609153846169
     -45.1272733036919149      -48.8350210904457285       65.1137968230965214
     -44.6694300338632502      -48.8527483333546328       65.1313972558789658
     -44.2075830897784030      -48.8703119904990331       65.1498239168122808
     -43.7423180249219783      -48.8876824019892737       65.1690341425004931
     -43.2742325952856888      -48.9048290512086936       65.1889807925260385
     -42.8039352684806005      -48.9217212069316076       65.2096125463712042
     -42.3320437612785412      -48.9383284620844279       65.2308740646146532
     -41.8591833834576690      -48.9546213563037327       65.2527062721100890
     -41.3859853733465499      -48.9705719811785514       65.2750466419090856
     -40.9130843650616640      -48.9861544975058010       65.2978295547840872
     -40.4411160202710036      -49.0013454521489393       65.3209869631841826
     -39.9707151372371143      -49.0161238122493472       65.3444489808806992
     -39.5025140019762873      -49.0304711522568013       65.3681447286466977
     -39.0371405102003592      -49.0443715583878657       65.3920028320789015
     -38.5752165028459899      -49.0578118192779797       65.4159523188250773
     -38.1173558626396911      -49.0707812118385078       65.4399229831161904
     -37.6641628575821983      -49.0832716955175670       65.4638462913067087
     -37.2162302442374084      -49.0952775851081711       65.4876555785323831
     -36.7741376444464407      -49.1067957475245436       65.5112869213376712
     -36.3384496916208164      -49.1178251800146981       65.5346791541317941
     -35.9097144626076528      -49.1283672014136741       65.5577746649241391
     -35.4884617117390064      -49.1384249809482441       65.5805192627221629
     -35.0752013672138148      -49.1480036725690184       65.6028628033731280
     -34.6704219118657591      -49.1571100032543384       65.6247590338001885
     -34.2745889770961440      -49.1657522475106106       65.6461658902967002
     -33.8881440078183971      -49.1739400593601985       65.6670455014211143
     -33.5115028576447287      -49.1816841629607708       65.6873639093027322
     -33.1450545679096749      -49.1889964808917171       65.7070913448923051
     -32.7891600678448185      -49.1958896818904421       65.7262017083171060
     -32.4441511462360381      -49.2023774332070474       65.7446729719079883
     -32.1103294012291798      -49.2084740505185891       65.7624867611954755
     -31.7879652999804811      -49.2141941916696766       65.7796279778778512
     -31.4772974326886903      -49.2195529909936269       65.7960849962109791
     -31.1785317622464184      -49.2245656667516016       65.8118491408879578
     -30.8918410369814183      -49.2292474273785530       65.8269145507007778
     -30.6173643417266597      -49.2336135576752056       65.8412782702873471
     -30.3552066843748705      -49.2376791043680697       65.8549397944840251
     -30.1054387213432619      -49.2414587732381435       65.8679008845119114
     -29.8680966131008034      -49.2449670111502940       65.8801656213463929
     -29.6431819514133430      -49.2482178757089812       65.8917401656626538
     -29.4306617850443999      -49.2512248992002881       65.9026325013557255
     -29.2304687505146710      -49.2540010787392504       65.9128523418084598
     -29.0425012995073324      -49.2565589262620520       65.9224111204896843
     -28.8666240277698591      -49.2589104207957220       65.9313218502081781
     -28.7026680974094468      -49.2610669494519726       65.9395989564215768
     -28.5504317561413714      -49.2630393255600012       65.9472582033073849
     -28.4096809441823019      -49.2648378165601599       65.9543166241251697
     -28.2801499871910949      -49.2664721875629255       65.9607924654723803
     -28.1615423724784968      -49.2679517519838157       65.9667051356391454
     -28.0535316028674906      -49.2692853867806733       65.9720751019410585
     -27.9557621311884255      -49.2704815792121238       65.9769238284457771
     -27.8678503708608751      -49.2715484812838369       65.9812737241419711
     -27.7893857790370227      -49.2724939641756023       65.9851480932873358
     -27.7199320090558849      -49.2733256712414018       65.9885710881197269
     -27.6590272470438272      -49.2740406014645771       65.9915755304603238
     -27.6058080958862142      -49.2701453063240393       65.9975693746308139
     -27.5596029566710570      -49.2596825937682183       66.0080528772647739
     -27.5200507054159935      -49.2446240673342999       66.0215729922068988
     -27.4867288808135761      -49.2264404313032671       66.0370543280534150
     -27.4591706421884645      -49.2062853768654165       66.0536616128705560
     -27.4368748073029174      -49.1850965297283764       66.0707239739373193
     -27.4193126407203209      -49.1636572175618198       66.0876884235501620
     -27.4059330593912271      -49.1426389556862091       66.1040877275150933
     -27.3961671732436471      -49.1226356337689012       66.1195144758096518
     -27.3894328629119883      -49.1041978191311657       66.1335950868671461
     -27.3851402784596267      -49.0878777542062039       66.1459558604567945
     -27.3826997385269308      -49.0743027123529671       66.1561679029009326
     -27.3814442022070033      -49.0632316739337426       66.1644508978556587
