     -24.3498180004012070      113.8967274402435805       25.7246417689629681
     -24.3503685178225098      113.8997517046439185       25.7111331505815919
     -24.3519394324948273      113.9034349694030794       25.6944827662043238
     -24.3551787871110861      113.9078253386484079       25.6743352369229996
     -24.3607124479506325      113.9127331997748485       25.6513927841359539
     -24.3691617359759576      113.9179897814352103       25.6262671521315006
     -24.3811402052621311      113.9234271730069423       25.5995692252652312
     -24.3972510221773256      113.9288661286439179       25.5719641505710662
     -24.4180845875077992      113.9341068147761291       25.5442134648812704
     -24.4442161891329839      113.9389196013386396       25.5172170974242576
     -24.4762035171830981      113.9430335891292998       25.4920654855838649
     -24.5145838208671023      113.9461198619803355       25.4701151648798820
     -24.5598703031802117      113.9477640095959003       25.4531120424685078
     -24.6125468601286279      113.9474159291663113       25.4434155997988931
     -24.6731578103648985      113.9455925341482185       25.4385884375554383
     -24.7422778727916182      113.9434985344122993       25.4330958232346340
     -24.8203662442014235      113.9411182588558233       25.4268877359634580
     -24.9078575109167168      113.9384329863459016       25.4199288218331141
     -25.0051606678273828      113.9354237591587093       25.4121857491863565
     -25.1126579897653528      113.9320713546651263       25.4036273519594253
     -25.2307039730354496      113.9283562533977232       25.3942247787649009
     -25.3596243518125029      113.9242586200981151       25.3839516515203449
     -25.4997151916979270      113.9197582940680036       25.3727842326952313
     -25.6512420630256912      113.9148347897592544       25.3607016010432744
     -25.8144392963365057      113.9094673088346070       25.3476858354803163
     -25.9895093267390784      113.9036347996285770       25.3337222141733953
     -26.1766221286577832      113.8973160609663609       25.3187994268643557
     -26.3759147256074655      113.8904897582863782       25.3029097694167788
     -26.5874907944913410      113.8831344906458014       25.2860493494188248
     -26.8114203640130064      113.8752288859328416       25.2682182955221784
     -27.0477396290065286      113.8667518348320158       25.2494209938289380
     -27.2964508463506981      113.8576826669736022       25.2296663057806292
     -27.5575223011189259      113.8480011937793250       25.2089677462042765
     -27.8308883876233288      113.8376878899537417       25.1873436778524535
     -28.1164498258405189      113.8267243183714470       25.1648175416406730
     -28.4140739186100681      113.8150932443919174       25.1414179959324429
     -28.7235949007229827      113.8027787344368562       25.1171790262616881
     -29.0448144581015981      113.7897666602719369       25.0921401143776848
     -29.3775022843972131      113.7760449140487395       25.0663463089364953
     -29.7213966988127325      113.7616034536108458       25.0398482206667659
     -30.0762054737282760      113.7464349103470624       25.0127020996732483
     -30.4416066329459518      113.7305346457169577       24.9849697460748423
     -30.8172493751761465      113.7139009461614307       24.9567184033011884
     -31.2027551605390059      113.6965355464853644       24.9280206731859515
     -31.5977187145539453      113.6784434590897064       24.8989542266192601
     -32.0017092994582484      113.6596335025480045       24.8696016146520158
     -32.4142718903575116      113.6401182265293528       24.8400498926881923
     -32.8349284926142175      113.6199141100161683       24.8103902421838072
     -33.2631795081395509      113.5990416802784750       24.7807175104242567
     -33.6985051219077931      113.5775253995952596       24.7511296439823383
     -34.1403668400532680      113.5553938298950385       24.7217271319663077
     -34.5882089377744464      113.5326793488951864       24.6926123050128261
     -35.0414601080570520      113.5094182334189838       24.6638886732749825
     -35.4995349744335869      113.4856502819720987       24.6356601294135373
     -35.9618358077351843      113.4614187458177241       24.6080301912187203
     -36.4277540971068703      113.4367699127464277       24.5811011492133140
     -36.8966723033580735      113.4117528772274710       24.5549732438008306
     -37.3679654739889457      113.3864191065298428       24.5297437963215188
     -37.8410030076185393      113.3608220653112539       24.5055063604717489
     -38.3151502970033988      113.3350167846026295       24.4823498790613101
     -38.7897704832342498      113.3090593789839318       24.4603578567613766
     -39.2642261266518773      113.2830066315048754       24.4396075857511690
     -39.7378811187767980      113.2569154388342980       24.4201694205411997
     -40.2101025258679101      113.2308423884455522       24.4021062149319086
     -40.6802623042690854      113.2048431992552651       24.3854728183668037
     -41.1477389295192921      113.1789723440332835       24.3703156762182793
     -41.6119190281127160      113.1532825541082019       24.3566724725492811
     -42.0721989503108418      113.1278245015678579       24.3445718826038053
     -42.5279863295862981      113.1026463923366663       24.3340333807981040
     -42.9787015920038229      113.0777937504679187       24.3250671674132768
     -43.4237794444561587      113.0533090805663790       24.3176741492774333
     -43.8626703263921769      113.0292318148394486       24.3118460646884493
     -44.2948418391496190      113.0055979696230111       24.3075656322770399
     -44.7197799833888965      112.9824296558375920       24.3048566818501577
     -45.1369896879148556      112.9596686492337483       24.3040912108694336
     -45.5459978167232649      112.9372293739442057       24.3057455654481096
     -45.9463544568892956      112.9150367930277241       24.3102213474460527
     -46.3376324405918893      112.8930279301982580       24.3178431501938626
     -46.7194274109433891      112.8711514979039947       24.3288577336497873
     -47.0913580754064824      112.8493687066870024       24.3434345262147431
     -47.4530664685876431      112.8276530665544044       24.3616669490552447
     -47.8042184439611546      112.8059900817634400       24.3835747246133039
     -48.1445046134383432      112.7843775059184850       24.4091073071123681
     -48.4736417286347958      112.7628241032902565       24.4381480016750281
     -48.7913745112266781      112.7413494335782502       24.4705193077909371
     -49.0974775655653772      112.7199830008413102       24.5059890588078915
     -49.3917571291276190      112.6987626666795990       24.5442771882611872
     -49.6740527881910765      112.6777339733289836       24.5850633315604981
     -49.9442380968091584      112.6569488456137691       24.6279946802204392
     -50.2022204936472676      112.6364638752180980       24.6726937543053388
     -50.4479412359651107      112.6163393500068537       24.7187661864140544
     -50.6813753098400639      112.5966380317849200       24.7658082086225591
     -50.9025312939489325      112.5774236504657324       24.8134137436184474
     -51.1114511794778181      112.5587595106968450       24.8611810997156262
     -51.3082101476284507      112.5407074797573586       24.9087192502140127
     -51.4929162750387732      112.5233267968092292       24.9556535046273176
     -51.6657101712212778      112.5066729271668180       25.0016305629097957
     -51.8267645429576120      112.4907964262178552       25.0463228995917895
     -51.9762836959580525      112.4757421564402478       25.0894325224303110
     -52.1145029618108637      112.4615485969239614       25.1306940298856425
     -52.2416880468971314      112.4482471915274147       25.1698769505475823
     -52.3581343067077185      112.4358618400683554       25.2067873959949829
     -52.4641659457803797      112.4244085351392783       25.2412690483647637
     -52.5601351438437732      112.4138951399544482       25.2732035136727191
     -52.6464211093900971      112.4043213035530329       25.3025100823441953
     -52.7234290630985214      112.3956785268231044       25.3291449511664659
     -52.7915891519797853      112.3879503384251421       25.3530999560788146
     -52.8513552969856093      112.3807487730807537       25.3760120865558605
     -52.9032039769745737      112.3736411849381227       25.3997098332019107
     -52.9476329519713786      112.3666928198255164       25.4238141978318417
     -52.9851599290074375      112.3599620854488137       25.4479779947336624
     -53.0163211739882030      112.3535001971355456       25.4718870849020220
     -53.0416700731990503      112.3473525180930181       25.4952541113684390
     -53.0617756482482648      112.3415598524640586       25.5178124718799175
     -53.0772210283822901      112.3361598549377618       25.5393098185227529
     -53.0886018842320055      112.3311887766929829       25.5595001279719263
     -53.0965248271585750      112.3266839105284447       25.5781327585993381
     -53.1016057784663360      112.3226874401932207       25.5949354107597600
     -53.1044683128358486      112.3192532426056829       25.6095842090096397
     -53.1057419804051847      112.3164598159240910       25.6216470068426183
     -53.1060606119907064      112.3142189849399273       25.6314216426281014
     -53.1057419804051847      112.3119974385839868       25.6412006793918188
     -53.1044683128358486      112.3092811063410181       25.6532810710796433
     -53.1016057784663360      112.3060202226085948       25.6679694215833401
     -53.0965248271585750      112.3023315387766843       25.6848423142325508
     -53.0886018842319984      112.2983070186847812       25.7035845654657109
     -53.0772210283821906      112.2940267865644870       25.7239325341006335
     -53.0617756482475542      112.2895659774858501       25.7456442145590110
     -53.0416700731952346      112.2849986614577205       25.7684822142161529
     -53.0163211739713134      112.2804003877259476       25.7922028331395445
     -52.9851599289434319      112.2758500518460494       25.8165481619794406
     -52.9476329517576474      112.2714314456874263       25.8412396136259161
     -52.9032039763327688      112.2672347072308128       25.8659719316419618
     -52.8513552952255807      112.2633578308133906       25.8904069643463330
     -52.7915891475181596      112.2599064508925011       25.9141749304554416
     -52.7234290524647733      112.2564771265263630       25.9391109848747661
     -52.6464210852645849      112.2527092388354077       25.9668583565232609
     -52.5601350914811860      112.2486211710840820       25.9974168328066888
     -52.4641658366117625      112.2442395857362669       26.0307506292990958
     -52.3581340873261709      112.2395998163684254       26.0667871695722475
     -52.2416876207069194      112.2347461468349081       26.1054163520099713
     -52.1145021593686195      112.2297319933560402       26.1464903651057874
     -51.9762822283756094      112.2246199542237832       26.1898240931348560
     -51.8267619305989484      112.2194817129257842       26.2351961495993358
     -51.6657056372457788      112.2143977860088739       26.2823505662930650
     -51.4929085900613117      112.2094571049839544       26.3309991531970518
     -51.3081974078288354      112.2047563256778773       26.3808245085317239
     -51.1114304958396133      112.2003989223872935       26.4314836822538908
     -50.9024983648496629      112.1964943363533536       26.4826125315443228
     -50.6813238427930699      112.1931568521829661       26.5338306513782491
     -50.4478621766221451      112.1905042601716929       26.5847468373047739
     -50.2021010106374987      112.1886561107364315       26.6349649620760864
     -49.9440602585712057      112.1877321543373967       26.6840903184676463
     -49.6737918506927087      112.1878507395084625       26.7317362714496305
     -49.3913793278148390      112.1891268208428301       26.7775310174361643
     -49.0969372647621753      112.1916696621408818       26.8211243345783927
     -48.7906105706409576      112.1955812807510284       26.8621944223161968
     -48.4725742864173412      112.2009544697851595       26.9004544583968404
     -48.1430342581087132      112.2078702088078757       26.9356589421868158
     -47.8022277685011758      112.2163961197523463       26.9676102058962677
     -47.4504241103655389      112.2265843670771659       26.9961645949162730
     -47.0879248730091504      112.2384691966913550       27.0212382510117948
     -46.7150637344227704      112.2520658362658992       27.0428127346514913
     -46.3322055390694558      112.2673683112381724       27.0609396724073399
     -45.9397448552753431      112.2843483177404238       27.0757447196127501
     -45.5381041717610060      112.3029544436571285       27.0874304851358580
     -45.1277318787066548      112.3231109555562739       27.0962781020650993
     -44.7091000629858328      112.3447182935965856       27.1026478665519548
     -44.2827015100547996      112.3676527172211621       27.1069772176459090
     -43.8490484916082792      112.3918098792869813       27.1096029432094312
     -43.4086730668611480      112.4171626189853015       27.1105183664117675
     -42.9621248827565054      112.4436877837341910       27.1096788023218878
     -42.5099695495611272      112.4713539306492720       27.1070512005537623
     -42.0527871471994956      112.5001216757224256       27.1026143437278932
     -41.5911706774969545      112.5299436821460404       27.0963588259120343
     -41.1257244741702337      112.5607651109807250       27.0882870069954151
     -40.6570625960240406      112.5925238713039818       27.0784127842413191
     -40.1858071850253964      112.6251512321841943       27.0667613203033888
     -39.7125868343570545      112.6585722689479354       27.0533686069847867
     -39.2380349199265126      112.6927066369592865       27.0382809917452356
     -38.7627879679909668      112.7274691617872691       27.0215545542163653
     -38.2874839910624871      112.7627707286974044       27.0032544617670638
     -37.8127610470330708      112.7985189646955604       26.9834542275781786
     -37.3392557102565377      112.8346191372102112       26.9622350336369259
     -36.8676014666372467      112.8709749029388831       26.9396849922762591
     -36.3984269915324177      112.9074891788402653       26.9158983938571552
     -35.9323545583159998      112.9440649435860422       26.8909749053601033
     -35.4699983229695448      112.9806060075690510       26.8650187408346852
     -35.0119627748747746      113.0170178300530779       26.8381378340776777
     -34.5588410445136631      113.0532081345184849       26.8104429657525785
     -34.1112134085554999      113.0890877028901116       26.7820469464692223
     -33.6696456397950712      113.1245708035341977       26.7530637368224298
     -33.2346875777927195      113.1595759298800346       26.7236076746657645
     -32.8068715453051922      113.1940260290502636       26.6937926241182417
     -32.3867109885158584      113.2278491257677615       26.6637312684571768
     -31.9746989966104067      113.2609784052844049       26.6335343325531255
     -31.5713070037742192      113.2933526409271963       26.6033099496946193
     -31.1769834524714220      113.3249162513870232       26.5731630072429859
     -30.7921525208966784      113.3556193776800711       26.5431945600608756
     -30.4172129990237323      113.3854180819200508       26.5135013421693415
     -30.0525370999027892      113.4142740034809833       26.4841752300916582
     -29.6984695222151984      113.4421546555971503       26.4553029355218428
     -29.3553264102209290      113.4690329616542925       26.4269655981529326
     -29.0233944899483944      113.4948871883750172       26.3992385468794488
     -28.7029302965291144      113.5197008837462676       26.3721911338629020
     -28.3941593774981165      113.5434623088485040       26.3458865185540780
     -28.0972756997064472      113.5661644222693099       26.3203816429498296
     -27.8124410946056315      113.5878046013057627       26.2957272025289051
     -27.5397847465445835      113.6083841236892198       26.2719676128470745
     -27.2794028442759959      113.6279080384012161       26.2491411111278943
     -27.0313583097969286      113.6463849565880082       26.2272798775576135
     -26.7956805699017551      113.6638265604670437       26.2064101234914304
     -26.5723654595461909      113.6802473483875957       26.1865522601619460
     -26.3613752363889340      113.6956645070030589       26.1677211164959189
     -26.1626386643891813      113.7100976190945403       26.1499261337909559
     -25.9760511855623939      113.7235683426081749       26.1331715648956475
     -25.8014751967984637      113.7361002174407787       26.1174567079496462
     -25.6387404194339830      113.7477185011631775       26.1027761465283596
     -25.4876443637495207      113.7584500520038233       26.0891199970083036
     -25.3479528691799949      113.7683231216020801       26.0764741289748692
     -25.2194007379707088      113.7773672070132989       26.0648203909982428
     -25.1016924585302732      113.7856129474623827       26.0541368369979836
     -24.9945030125318830      113.7930920360100231       26.0443979455100205
     -24.8974787633639316      113.7998371451854780       26.0355748313533937
     -24.8102384233812110      113.8058818659134346       26.0276354497517239
     -24.7323740977052502      113.8112606633179240       26.0205447943699362
     -24.6634523995599864      113.8160088293663961       26.0142650856746656
     -24.6030158507857202      113.8201653512092690       26.0087431864021532
     -24.5506763082366462      113.8250166988646157       25.9984465380451084
     -24.5059716787174402      113.8311436856540553       25.9809351687445691
     -24.4683386507482190      113.8380361298919183       25.9585599172921597
     -24.4372052873846570      113.8453243745332912       25.9330584893835514
     -24.4119887285288897      113.8527285251871461       25.9057795845330752
     -24.3920946408087040      113.8600304195290533       25.8778060974894260
     -24.3769175131158988      113.8670563425889526       25.8500306411563052
     -24.3658413852538231      113.8736650398053314       25.8232076015583125
     -24.3582407799382779      113.8797380221657534       25.7979950870340637
     -24.3534816609815365      113.8851698609998664       25.7749970103440056
     -24.3509221960353912      113.8898555773414500       25.7548181755390928
     -24.3499129567549417      113.8936702887694281       25.7381538694108514
     -24.3498180004012070      113.8967274402435805       25.7246417689629681
