     -17.0454115619163034      -38.2921840591078109      119.6974099879427627
     -17.0464693624350261      -38.2761114902693294      119.7025344133529927
     -17.0488625485639460      -38.2563301273918412      119.7088214024924895
     -17.0533923832709959      -38.2324379234578657      119.7163850848710354
     -17.0608028640809692      -38.2052918538578083      119.7249378736389929
     -17.0718350361522511      -38.1756409897658742      119.7342270612814730
     -17.0872205076311907      -38.1442331595058803      119.7440009644818417
     -17.1076766848379336      -38.1118805485113370      119.7539882101241346
     -17.1339026763760529      -38.0795098347889791      119.7638819853587080
     -17.1665752391014976      -38.0482121845316357      119.7733243532389906
     -17.2063442681195582      -38.0193052978486321      119.7818867347833560
     -17.2538271792932001      -37.9944234141996020      119.7890414683996880
     -17.3096009994295876      -37.9756641049919850      119.7941152288833280
     -17.3741895522348244      -37.9658552561526292      119.7962040394435235
     -17.4483274350771218      -37.9621107686512644      119.7962098613362514
     -17.5328748781082311      -37.9578542921572861      119.7961992416208830
     -17.6283946598838064      -37.9530410447275628      119.7961720601857110
     -17.7354192289640018      -37.9476428194728470      119.7961223628648071
     -17.8544498724125020      -37.9416328626394801      119.7960430651715455
     -17.9859553371261676      -37.9349859847147641      119.7959258517411598
     -18.1303705354168549      -37.9276786795911605      119.7957610817731933
     -18.2880953383816411      -37.9196892509370400      119.7955376997055197
     -18.4594934603638414      -37.9109979454894628      119.7952431525870054
     -18.6448914372142518      -37.9015870926483416      119.7948633149389366
     -18.8445777009809774      -37.8914412497075759      119.7943824222229949
     -19.0588017551045183      -37.8805473529386774      119.7937830174118830
     -19.2877734511103327      -37.8688948726047414      119.7930459091225259
     -19.5316623696727980      -37.8564759780950766      119.7921501662373203
     -19.7905973115163789      -37.8432857697829235      119.7910733344172627
     -20.0646658954299895      -37.8293224367564633      119.7897914344676309
     -20.3539142789126615      -37.8145873935556054      119.7882789023645813
     -20.6583469942842513      -37.7990854981952893      119.7865087927505954
     -20.9779268940994470      -37.7828252817488632      119.7844530468556741
     -21.3125752001741198      -37.7658190586557083      119.7820824221388563
     -21.6621716892042429      -37.7480831646745827      119.7793668753350431
     -22.0265549961731892      -37.7296381780829080      119.7762759514979507
     -22.4055230157220251      -37.7105089762443697      119.7727787193302476
     -22.7988334678212468      -37.6907250115129955      119.7688444814142770
     -23.2062045402572430      -37.6703203566749778      119.7644428418569049
     -23.6273156830078328      -37.6493338451286377      119.7595441732224941
     -24.0618085181911852      -37.6278091837479209      119.7541201048716033
     -24.5092878477410387      -37.6057949301449739      119.7481436964911694
     -24.9693228228520141      -37.5833446079122879      119.7415901748729965
     -25.4414481657554354      -37.5605165640390908      119.7344369808488835
     -25.9251655744262024      -37.5373740114555403      119.7266645417779358
     -26.4199451571094599      -37.5139847971799867      119.7182563096930608
     -26.9252270180086271      -37.4904213173022143      119.7091994215561783
     -27.4404228064088400      -37.4667601866800695      119.6994848153293844
     -27.9649174167362524      -37.4430819240153241      119.6891076565094778
     -28.4980707867545533      -37.4194705207768052      119.6780675878016496
     -29.0392197351335355      -37.3960129020793417      119.6663688065449378
     -29.5876799339734013      -37.3727984263275701      119.6540204257722166
     -30.1427478403297755      -37.3499181677296335      119.6410362830784919
     -30.7037027730375698      -37.3274642921325395      119.6274351695900862
     -31.2698089604629317      -37.3055292635682108      119.6132406145416667
     -31.8403176350496544      -37.2842050492518453      119.5984807351600097
     -32.4144691932417430      -37.2635823219181646      119.5831881191335526
     -32.9914952938118162      -37.2437495626808825      119.5673993975060370
     -33.5706210341203430      -37.2247922260808366      119.5511549933784323
     -34.1510670949926052      -37.2067918498573178      119.5344986356692232
     -34.7320518570619967      -37.1898251946376632      119.5174768769354898
     -35.3127936087266647      -37.1739634368350522      119.5001386407770099
     -35.8925131692813721      -37.1592714551469712      119.4825345725803203
     -36.4704365356166278      -37.1458074160285818      119.4647164140615843
     -37.0457970325940593      -37.1336224614059560      119.4467362732362830
     -37.6178373093119589      -37.1227604832017164      119.4286459975120351
     -38.1858113140682534      -37.1132579489262184      119.4104965453177414
     -38.7489861895228955      -37.1051437649956384      119.3923373150038856
     -39.3066440950812037      -37.0984392772000078      119.3742157505266306
     -39.8580840022014300      -37.0931582468061549      119.3561767003608765
     -40.4026234142541512      -37.0893069835234144      119.3382621032627782
     -40.9396000769382624      -37.0868845393663449      119.3205106739341659
     -41.4683736777600558      -37.0858829283213609      119.3029574435547318
     -41.9883270263105004      -37.0863471779384426      119.2856153578902791
     -42.4988653007247308      -37.0887428933628982      119.2683606175180557
     -42.9994225211875971      -37.0936645590209295      119.2510235783025365
     -43.4894632316360870      -37.1016212603910418      119.2334551220119039
     -43.9684789335031354      -37.1130332869809365      119.2155282382057493
     -44.4359864261699400      -37.1282303217715821      119.1971388059879757
     -44.8915266205777996      -37.1474507067271418      119.1782062012549659
     -45.3346636158565772      -37.1708417725624400      119.1586736785168625
     -45.7649845529015522      -37.1984612422678325      119.1385084392989597
     -46.1821007985469905      -37.2302798208306598      119.1177013016886974
     -46.5856507203467487      -37.2661852044050832      119.0962660372062345
     -46.9753037262802167      -37.3059875269278791      119.0742378626889462
     -47.3507647468899791      -37.3494266375994144      119.0516723169895101
     -47.7117784217928289      -37.3961803758218423      119.0286425267488966
     -48.0581332068892522      -37.4458744307177582      119.0052374107542335
     -48.3896624560122532      -37.4980925704357162      118.9815586004613834
     -48.7062436569264250      -37.5523868907971448      118.9577178336544279
     -49.0077977802885059      -37.6082877824676061      118.9338346891821914
     -49.2942887216140946      -37.6653131936766883      118.9100335309813943
     -49.5657228117218693      -37.7229776080846904      118.8864412380525692
     -49.8221483395177884      -37.7808004300399389      118.8631850026383603
     -50.0636550509991309      -37.8383135740942436      118.8403898090520840
     -50.2903736216952382      -37.8950683958003509      118.8181762538188053
     -50.5024750889446921      -37.9506419144291627      118.7966587410638368
     -50.7001702224671646      -38.0046421554933005      118.7759436617875934
     -50.8837088276067178      -38.0567126160313478      118.7561276713181257
     -51.0533789802631190      -38.1065359206329859      118.7372963320977703
     -51.2095061905318971      -38.1538367022377614      118.7195232313939783
     -51.3524524808876137      -38.1983835775510983      118.7028691245414365
     -51.4826153811589933      -38.2399903137958077      118.6873813177214743
     -51.6004268393516057      -38.2785162342111889      118.6730933064705198
     -51.7063520479430565      -38.3138659162613280      118.6600246678028014
     -51.8008881863309227      -38.3459882363908662      118.6481811699059108
     -51.8845630809034333      -38.3748748303360685      118.6375550823398868
     -51.9579337848497786      -38.4024860375889645      118.6275015762286102
     -52.0215850806822573      -38.4310112794113223      118.6172998462195949
     -52.0761279086577815      -38.4599984929766379      118.6070836230239820
     -52.1221977250290536      -38.4890338020457889      118.5969750055085257
     -52.1604527942537999      -38.5177429881599380      118.5870838778630514
     -52.1915724195246398      -38.5457839868871659      118.5775102324706012
     -52.2162551162969848      -38.5728396671740725      118.5683464080443485
     -52.2352167336727859      -38.5986100442465485      118.5596795221261459
     -52.2491885286576263      -38.6228027822782352      118.5515944730534983
     -52.2589151984475322      -38.6451200924170521      118.5441781315556256
     -52.2651528760221851      -38.6652383374462616      118.5375259280351230
     -52.2686670944241740      -38.6827722310669699      118.5317534860708832
     -52.2702307251912117      -38.6972070045520482      118.5270187335407996
     -52.2706218964802005      -38.7089011716636264      118.5231943801804846
     -52.2702307251912117      -38.7205983576648123      118.5193792703906013
     -52.2686670944241740      -38.7350452012479565      118.5146814754212556
     -52.2651528760221851      -38.7526062377177851      118.5089921424341526
     -52.2589151984475322      -38.7727727141146445      118.5024876190493046
     -52.2491885286575908      -38.7951653694594114      118.4953019778353251
     -52.2352167336724804      -38.8194666266718755      118.4875492047910512
     -52.2162551162948887      -38.8453848265454837      118.4793349390733113
     -52.1915724195134558      -38.8726338759101679      118.4707631934770546
     -52.1604527942043532      -38.9009201972571574      118.4619407040256220
     -52.1221977248415840      -38.9299332903059394      118.4529801123012192
     -52.0761279080317223      -38.9593380102387385      118.4440025980419335
     -52.0215850788023744      -38.9887674178827055      118.4351403343078033
     -51.9579337796946135      -39.0178153512871475      118.4265390413684997
     -51.8845630678353089      -39.0460379570850904      118.4183575889334890
     -51.8008881551847793      -39.0756280515163041      118.4098855723030397
     -51.7063519772801143      -39.1085486825305679      118.4004864678368278
     -51.6004266859842247      -39.1447976535679842      118.3901714554633884
     -51.4826150614122326      -39.1843302766760857      118.3789660591641848
     -51.3524518383412243      -39.2270579405027959      118.3669108076016556
     -51.2095049422763609      -39.2728472643334499      118.3540617131743033
     -51.0533766300402760      -39.3215199017212242      118.3404905433892509
     -50.8837045293476891      -39.3728530552640166      118.3262848830725886
     -50.7001625714833963      -39.4265807429074613      118.3115479589568224
     -50.5024618101815364      -39.4823958384465783      118.2963981878901478
     -50.2903511148502105      -39.5399528298841219      118.2809682218965861
     -50.0636177407833642      -39.5988714451593538      118.2654039338182486
     -49.8220877657196652      -39.6587410940953689      118.2498632402689083
     -49.5656263777595782      -39.7191260057800761      118.2345145130041146
     -49.2941380014700599      -39.7795709731899265      118.2195344934099666
     -49.0075662612266783      -39.8396077676854929      118.2051061392571967
     -48.7058937674951196      -39.8987621254565497      118.1914164195697481
     -48.3891416924389475      -39.9565609772920212      118.1786534612673449
     -48.0573691205390574      -40.0125399229472549      118.1670035067483155
     -47.7106721555822659      -40.0662510391027524      118.1566484743977696
     -47.3491826908955815      -40.1172703106638977      118.1477626435173676
     -46.9730668818503005      -40.1652048555789847      118.1405096924725342
     -46.5825252849623297      -40.2096999241335311      118.1350402136416022
     -46.1777957458693749      -40.2504456644570183      118.1314879784099929
     -45.7591561871814960      -40.2871846597822909      118.1299673551630036
     -45.3269274042641328      -40.3197192820528798      118.1305693996362152
     -44.8814752224605726      -40.3479194928216955      118.1333587802399592
     -44.4232111560899909      -40.3717303765685642      118.1383703660579556
     -43.9525912770525622      -40.3911791909066054      118.1456062420946154
     -43.4701135733740145      -40.4063813984265749      118.1550330271924025
     -42.9763143661598690      -40.4175454142386954      118.1665798578318345
     -42.4717643231040469      -40.4249757851173968      118.1801369328628226
     -41.9570638574333827      -40.4290747592929733      118.1955550255999299
     -41.4328365170333441      -40.4303405056044980      118.2126458628400911
     -40.8997275206682929      -40.4291549833043007      118.2312550673790810
     -40.3584069710741673      -40.4254944119104493      118.2513605425294543
     -39.8095657110116647      -40.4192935630319994      118.2729483711405436
     -39.2539130121788489      -40.4105049374807095      118.2959924373804768
     -38.6921746838092204      -40.3990989027760534      118.3204547405947835
     -38.1250910810503640      -40.3850636598296617      118.3462858248241503
     -37.5534150849747377      -40.3684049756396988      118.3734251613634143
     -36.9779100248194155      -40.3491458624302481      118.4018020120225856
     -36.3993476080835308      -40.3273259945837665      118.4313361427947342
     -35.8185058579009237      -40.3030010189102370      118.4619388097592889
     -35.2361670321277956      -40.2762417186368111      118.4935138554692884
     -34.6531156059712515      -40.2471330111239638      118.5259588011355163
     -34.0701362959616745      -40.2157728653911306      118.5591661093808398
     -33.4880125648418456      -40.1822711728337580      118.5930243409764557
     -32.9075251426842641      -40.1467487792509630      118.6274193501909480
     -32.3294500018688993      -40.1093364912629156      118.6622353849578246
     -31.7545563341246293      -40.0701740229412806      118.6973561817284661
     -31.1836045631431276      -40.0294089319417665      118.7326661593078114
     -30.6173443172647879      -39.9871954296507184      118.7680513203098371
     -30.0565125029361830      -39.9436932318402853      118.8034003039342963
     -29.5018313623697459      -39.8990663511337615      118.8386052499616454
     -28.9540065599111998      -39.8534818513957561      118.8735624863988392
     -28.4137253710809503      -39.8071087125798186      118.9081734393554797
     -27.8816548210478388      -39.7601165574941291      118.9423449836188240
     -27.3584399647264576      -39.7126745494496660      118.9759901169867078
     -26.8447021592173414      -39.6649502387769104      119.0090282626695313
     -26.3410374125654414      -39.6171084670162656      119.0413854941945999
     -25.8480148224908213      -39.5693104115676562      119.0729949071902496
     -25.3661749937696115      -39.5217125310632866      119.1037964140533916
     -24.8960285881290879      -39.4744657830736614      119.1337371218713344
     -24.4380549190137373      -39.4277146524324209      119.1627708475466392
     -23.9927007486057384      -39.3815965642562986      119.1908584259527970
     -23.5603790614455555      -39.3362410961125946      119.2179670400573173
     -23.1414680180870391      -39.2917696024548988      119.2440704321164020
     -22.7363099067743590      -39.2482946356411802      119.2691481464249392
     -22.3452102572250162      -39.2059197450297816      119.2931855814612732
     -21.9684369952694674      -39.1647391508341087      119.3161733469460302
     -21.6062197164937793      -39.1248376313618991      119.3381069772338066
     -21.2587490641620960      -39.0862905043015516      119.3589866670601651
     -20.9261761770356571      -39.0491635419469034      119.3788165694043499
     -20.6086122803110392      -39.0135131852208517      119.3976047989803391
     -20.3061283506203445      -38.9793866124504973      119.4153628170984831
     -20.0187548947035410      -38.9468219192549867      119.4321050099575388
     -19.7464818489029348      -38.9158484455648619      119.4478486021635746
     -19.4892585721972225      -38.8864870013999635      119.4626131728964822
     -19.2469939603865328      -38.8587501672497524      119.4764203342492266
     -19.0195566797181144      -38.8326426896174581      119.4892936480188297
     -18.8067754940274305      -38.8081618298699524      119.5012583806146296
     -18.6084396967070838      -38.7852976722136304      119.5123411432628728
     -18.4242996551966911      -38.7640334903295098      119.5225697392705655
     -18.2540674633479547      -38.7443461103989435      119.5319730387457895
     -18.0974176998534979      -38.7262062644857821      119.5405808707058810
     -17.9539882917818012      -38.7095789330943845      119.5484239344699091
     -17.8233814790199609      -38.6944236746050123      119.5555337259388438
     -17.7051648773689685      -38.6806949415407075      119.5619424785992351
     -17.5988726374735691      -38.6683423841116394      119.5676831181075244
     -17.5040066963831293      -38.6573111419901210      119.5727892286787721
     -17.4200381183586082      -38.6475421278452984      119.5772950357583113
     -17.3464091489100625      -38.6389571056712029      119.5812402943162027
     -17.2828033808470884      -38.6249552215875553      119.5867668439956333
     -17.2287258615907177      -38.6026156477356537      119.5948267506577736
     -17.1834212869541396      -38.5747188521766944      119.6045327705735417
     -17.1461414461817476      -38.5433148551804265      119.6152338785799714
     -17.1161359978663796      -38.5099901389807187      119.6264295832878588
     -17.0926482632978214      -38.4760143761555042      119.6377226629079900
     -17.0749134153357183      -38.4424303825316400      119.6487900653465459
     -17.0621578676915995      -38.4101161248170726      119.6593627643676712
     -17.0535992025636354      -38.3798346949579496      119.6692094916091804
     -17.0484461280227855      -38.3522844432896051      119.6781204533002523
     -17.0458978271169350      -38.3281645969072784      119.6858861402326966
     -17.0451416366493902      -38.3082819616080457      119.6922630599331541
     -17.0454115619163034      -38.2921840591078109      119.6974099879427627
