  -61.252002461505910        44.431787069395099        137.23848151365058     
  -59.728002461505909        44.413117281815467        137.18081529163297     
  -58.204002461505908        44.394447494235834        137.12314906961535     
  -56.680002461505907        44.375777706656201        137.06548284759774     
  -50.572286694766710        44.300955032140578        136.83437464981213     
  -50.562552525131565        44.300835783532079        136.83400632121152     
  -50.548570012673785        44.300664580882582        136.83347751980156     
  -50.529593955150631        44.300432407394339        136.83276039498884     
  -50.504892642393081        44.300130478919158        136.83182781477450     
  -50.473749838233815        44.299750288770788        136.83065350416615     
  -50.435466721685032        44.299283654019604        136.82921218816301     
  -50.389363781989502        44.298722762848840        136.82747973800451     
  -50.334782662278300        44.298060222525592        136.82543331928005     
  -50.271087946695289        44.297289107522872        136.82305154041791     
  -50.197668885991440        44.296402999309720        136.82031457525218     
  -50.113941056749901        44.295393708611989        136.81719712696002     
  -50.019347949577558        44.294253066470048        136.81367395877575     
  -49.913362481788347        44.292974721368488        136.80972544220396     
  -49.795488430308787        44.291552770944541        136.80533332589491     
  -49.665261780467404        44.289981813619605        136.80048088674243     
  -49.522251984747044        44.288257023598284        136.79515314748045     
  -49.366063132489671        44.286374213818227        136.78933704828526     
  -49.196335025739458        44.284329898724025        136.78302160463625     
  -49.012744156563258        44.282121369893169        136.77619808551424     
  -48.815004583995261        44.279746778316373        136.76886018439305     
  -48.602868710650405        44.277205202099175        136.76100410618201     
  -48.376127957596097        44.274496695389487        136.75262854230832     
  -48.134613324261728        44.271622426122526        136.74373484691128     
  -47.878195842937821        44.268584807706823        136.73432709612729     
  -47.606786923642410        44.265387657114466        136.72441209870635     
  -47.320338587946786        44.262036396436983        136.71399936967020     
  -47.018843596847312        44.258538277551239        136.70310095157490     
  -46.702335467165071        44.254902682656059        136.69173117844448     
  -46.370888378423558        44.251141512472458        136.67990632995324     
  -46.024616970429015        44.247269724835888        136.66764425104452     
  -45.663676039334810        44.243306000768364        136.65496370367541     
  -45.288260133434513        44.239273612970777        136.64188346337551     
  -44.898603023716369        44.235201657015331        136.62842190581827     
  -44.494977042220732        44.231126079389590        136.61459716825397     
  -44.077692339429326        44.227089806513781        136.60042660764773     
  -43.647096039309957        44.223142112110338        136.58592610219034     
  -43.203571266576787        44.219337450775612        136.57111002525534     
  -42.747536069199356        44.215733735656606        136.55599141922815     
  -42.279442241604450        44.212390273813654        136.54058221889136     
  -41.799774046116077        44.209365768270473        136.52489391584049     
  -41.309046852684389        44.206716401589318        136.50893805737917     
  -40.807805704477900        44.204494135496304        136.49272664547686     
  -40.296623806626236        44.202745324788694        136.47627251366259     
  -39.776100953171294        44.201509994924351        136.45958953973778     
  -39.246861896871806        44.200822672627460        136.44269518809486     
  -38.709554655045388        44.200713593494335        136.42561388929650     
  -38.164848754850738        44.201207293024154        136.40837241005360     
  -37.613433418385796        44.202322425745955        136.39099897077691     
  -37.056015703490289        44.204071830267168        136.37352299541880     
  -36.493318595930447        44.206462653534111        136.35597487303312     
  -35.926079063275317        44.209496528454082        136.33838569196629     
  -35.355046073789623        44.213169826302988        136.32078700763580     
  -34.780978584469715        44.217473959835402        136.30321057486819     
  -34.204643507564036        44.222395743860623        136.28568807939286     
  -33.626813656783050        44.227917806099406        136.26825086698057     
  -33.048265680257558        44.234019039148066        136.25092966592382     
  -32.469777989800605        44.240675050410339        136.23375420733154     
  -31.892128684780893        44.247858562863797        136.21675285554255     
  -31.316093458924300        44.255539871094513        136.19995295252480     
  -30.742443526981354        44.263687075772573        136.18338068218549     
  -30.171943567925833        44.272266269415510        136.16706077495422     
  -29.605349686876774        44.281241743783802        136.15101626508942     
  -29.043407396591313        44.290576244331916        136.13526838887694     
  -28.486849624838555        44.300231275609654        136.11983663824543     
  -27.936394756001057        44.310167399478573        136.10473880031969     
  -27.392744714947309        44.320344487023220        136.08999086873584     
  -26.856583091987751        44.330722007200229        136.07560708694899     
  -26.328573316554060        44.341259305385144        136.06159998748305     
  -25.809356885538364        44.351915872847499        136.04798043304265     
  -25.299551647289150        44.362651616511570        136.03475769535635     
  -24.799750155913070        44.373427037912762        136.02193929666944     
  -24.310518081312868        44.384203529630476        136.00953125625949     
  -23.832392699728807        44.394943563306164        135.99753804336586     
  -23.365881450456360        44.405610978745052        135.98596283285039     
  -22.911460579796959        44.416171181296299        135.97480750651275     
  -22.469573861993812        44.426591354148272        135.96407278565178     
  -22.040631412339064        44.436840591680863        135.95375821737954     
  -21.625008581369116        44.446890075686895        135.94386238270414     
  -21.223044952011090        44.456713131260550        135.93438282673722     
  -20.835043417498895        44.466285379243530        135.92531636765415     
  -20.461269374582457        44.475584715650619        135.91665895598257     
  -20.101949998239405        44.484591411537593        135.90840597473638     
  -19.757273636155382        44.493288029912044        135.90055204496355     
  -19.427389296772382        44.501659432498187        135.89309116531362     
  -19.112406236813662        44.509692832846795        135.88601704110255     
  -18.812393671632019        44.517377693203727        135.87932297831040     
  -18.527380579340438        44.524705682828433        135.87300199912318     
  -18.257355616770585        44.531670605139347        135.86704688761060     
  -18.002267151923661        44.538268272032909        135.86145009277027     
  -17.762023395556032        44.544496422284155        135.85620378097613     
  -17.536492641331808        44.550354629947279        135.85129987588360     
  -17.325503618044973        44.555844183605011        135.84673001325112     
  -17.128845949826605        44.560967957856867        135.84248546125428     
  -16.946270714771011        44.565730338118549        135.83855718847536     
  -16.777491110463412        44.570137128795253        135.83493586409330     
  -16.622183222937426        44.574195457523956        135.83161182801786     
  -16.479986895881012        44.577913682536149        135.82857505198263     
  -16.350506698297622        44.581301297498477        135.82581507496297     
  -16.233312983742969        44.584368880387395        135.82332105598181     
  -16.127943043300565        44.587128031536103        135.82108177901844     
  -16.033902348578422        44.589591306859752        135.81908563131705     
  -15.950665880404259        44.591772156123589        135.81732058834979     
  -15.877679539666833        44.593684877099705        135.81577424201453     
  -15.814361636349938        44.595349556911643        135.81444905452949     
  -15.760104453469951        44.596783517607655        135.81333640342839     
  -15.714275880967303        44.598000102422247        135.81241304871762     
  -15.676221115220256        44.599014064058977        135.81165775985036     
  -15.645264420099323        44.599841402892984        135.81105099974090     
  -15.620710944649504        44.600499208080244        135.81057462308178     
  -15.601848592545259        44.601005503112383        135.81021159346022     
  -15.587949938336314        44.601379097886635        135.80994572518603     
  -15.578274185350669        44.601639448435179        135.80976145282924     
  -15.572069160012965        44.601806525647724        135.80964363199746     
  -15.568573337235728        44.601900694260209        135.80957737467455     
  -15.567017891452174        44.601942603226497        135.80954792195939     
  -9.4706287677849197        44.766199929946751        135.69411142508821     
  -7.9466287677849188        44.807261640550138        135.66525414290641     
  -6.4226287677849196        44.848323351153525        135.63639686072460     
  -4.8986287677849187        44.889385061756911        135.60753957854280     
