     -20.2609874088780550       26.5446018255373488       84.0215081541400508
     -20.2605516262824921       26.5609739531401026       84.0163545022864895
     -20.2611191560194044       26.5811947968774263       84.0099325136643529
     -20.2634628247449093       26.6057241575930199       84.0020571434890826
     -20.2684154756517891       26.6337410592953603       83.9929453477573986
     -20.2767968345414893       26.6645339271586650       83.9827805355316741
     -20.2894169282468795       26.6973920958027549       83.9717469613961924
     -20.3070773922893864       26.7315391151351101       83.9600510794772532
     -20.3305720030284611       26.7660818208742270       83.9479380179897987
     -20.3606872359592188       26.7999595847863326       83.9357080577540557
     -20.3982034888957315       26.8318813490560757       83.9237369992085434
     -20.4438978017836810       26.8602342690660549       83.9125054905473178
     -20.4985495754343781       26.8829346573615169       83.9026465139166078
     -20.5629525862901765       26.8971567730532541       83.8950312648700702
     -20.6375788595297216       26.9058705800910900       83.8886868742190472
     -20.7226820289956102       26.9157860380534757       83.8814469907012494
     -20.8188260414867266       26.9269825156278202       83.8732543519238476
     -20.9265455459148804       26.9395198788562773       83.8640582543290236
     -21.0463436388295726       26.9534536453134379       83.8538096760998144
     -21.1786904877122808       26.9688346776205492       83.8424613071895806
     -21.3240220409097923       26.9857088510150547       83.8299675427820574
     -21.4827388384886717       27.0041167120075087       83.8162845006305446
     -21.6552049254244636       27.0240931228944454       83.8013700514225519
     -21.8417468653046711       27.0456668821600736       83.7851838342548945
     -22.0426528600262586       27.0688603255465736       83.7676872723794759
     -22.2581719778176605       27.0936889539908847       83.7488437293196455
     -22.4885134919514833       27.1201610919722036       83.7286188092897703
     -22.7338463340116732       27.1482773967155637       83.7069802377218366
     -22.9942986611640485       27.1780304077451937       83.6838978966109153
     -23.2699575302662538       27.2094041667458413       83.6593440889376154
     -23.5608686684748996       27.2423738716439168       83.6332938846040292
     -23.8670363756246502       27.2769054046855999       83.6057250143557553
     -24.1884235454167502       27.3129550285348550       83.5766182051680886
     -24.5249518008747209       27.3504692682186423       83.5459579843153080
     -24.8765017347683575       27.3893844854489075       83.5137324104908743
     -25.2429132673187731       27.4296267643001634       83.4799335966250595
     -25.6239861117226830       27.4711119084126381       83.4445583742448349
     -26.0194803375508599       27.5137452371481359       83.4076081161231571
     -26.4291170796170292       27.5574219698854712       83.3690900835060091
     -26.8525792881680161       27.6020271837400877       83.3290171812522971
     -27.2895126413171738       27.6474362798769775       83.2874089313832542
     -27.7395265044029173       27.6935153327094241       83.2442917397044368
     -28.2021950204497323       27.7401216596469489       83.1996994557550948
     -28.6770582713229487       27.7871045128699166       83.1536739082548593
     -29.1636235389240319       27.8343058445708778       83.1062652579068413
     -29.6613666367581033       27.8815612335163685       83.0575324243726953
     -30.1697333822117884       27.9287009396956734       83.0075434934088321
     -30.6881411703210496       27.9755509220191847       82.9563757039568088
     -31.2159807035076611       28.0219341452306949       82.9041160595839557
     -31.7526175938034747       28.0676715872399818       82.8508607603741893
     -32.2973942420397009       28.1125837769433673       82.7967159199326090
     -32.8496315540932713       28.1564918877230213       82.7417967096621680
     -33.4086308840642019       28.1992192447201724       82.6862275028531712
     -33.9736759214137791       28.2405925453820323       82.6301409898694317
     -34.5440345879620452       28.2804431538508858       82.5736773729386613
     -35.1189611497629599       28.3186086921260944       82.5169843322660626
     -35.6976981075846140       28.3549341153887688       82.4602154358409507
     -36.2794782592458063       28.3892730109977371       82.4035292096888412
     -36.8635267674019005       28.4214888028905825       82.3470879871165522
     -37.4490631054526233       28.4514557401971899       82.2910562399979142
     -38.0353031838288516       28.4790600067849837       82.2355994210869596
     -38.6214612872288612       28.5042005730302250       82.1808822613125329
     -39.2067513809995702       28.5267900748248984       82.1270671136933004
     -39.7903884868692685       28.5467559395815371       82.0743124429741897
     -40.3715904890321227       28.5640413507759412       82.0227708379963616
     -40.9495801061842499       28.5786061689676423       81.9725873467352670
     -41.5235869067099088       28.5904276634601473       81.9238977996213720
     -42.0928492195631492       28.5995010529173470       81.8768271748395335
     -42.6566161699877213       28.6058399207175462       81.8314882404402510
     -43.2141496307606303       28.6094763863927248       81.7879801656776380
     -43.7647261428503285       28.6104611973299328       81.7463875871609815
     -44.3076388408831789       28.6088635527286748       81.7067795864988682
     -44.8421992063079884       28.6047709053835995       81.6692092492837105
     -45.3677394238237142       28.5982294903918195       81.6337338638285814
     -45.8836169773688951       28.5888799045133766       81.6005418616681908
     -46.3892101695486687       28.5762471547164907       81.5698517429511440
     -46.8839194617382802       28.5599527531344783       81.5418370954766374
     -47.3671752497661345       28.5397160834567991       81.5166262592890689
     -47.8384431459008326       28.5153520090765795       81.4943023551461749
     -48.2972285641583383       28.4867672508040926       81.4749055944619442
     -48.7430807836833253       28.4539547002057525       81.4584348826114848
     -49.1755959347678200       28.4169870129377635       81.4448517303699049
     -49.5944180719905106       28.3760087332108242       81.4340830174285202
     -49.9992381385314175       28.3312286876282187       81.4260259192713960
     -50.3897910218275342       28.2829118378765472       81.4205510868222859
     -50.7658519077594974       28.2313721128522452       81.4175074352455539
     -51.1272326394650847       28.1769652263666259       81.4167254448197895
     -51.4737779691815973       28.1200821901895495       81.4180207440634405
     -51.8053652950221917       28.0611431694648275       81.4211977687572812
     -52.1219064159365502       28.0005904522822178       81.4260521467216165
     -52.4233490084491223       27.9388815194892928       81.4323745550944835
     -52.7096777049717744       27.8764817215998910       81.4399538560546432
     -52.9809148554832419       27.8138568431773585       81.4485796614134756
     -53.2371210856981847       27.7514662045917966       81.4580456688464523
     -53.4783956126871800       27.6897559551727426       81.4681522969095084
     -53.7048763446252053       27.6291527090747273       81.4787086644131477
     -53.9167398207629134       27.5700579154903913       81.4895347454514507
     -54.1142009886650115       27.5128429113295283       81.5004633038455211
     -54.2975128142239996       27.4578445895008585       81.5113412266516661
     -54.4669657461697838       27.4053618055439117       81.5220304988528142
     -54.6228870481971072       27.3556525690582184       81.5324089001354366
     -54.7656400125679852       27.3089320609175452       81.5423705476290763
     -54.8956230519485899       27.2653713801071369       81.5518260533834649
     -55.0132686811000511       27.2250970257199540       81.5607024150470892
     -55.1190423956823636       27.1881910785765299       81.5689426796442945
     -55.2134414540855687       27.1546920294821916       81.5765054053101863
     -55.2969935666036250       27.1245961816986849       81.5833639182331041
     -55.3702554999908116       27.0959384903445617       81.5901434825371865
     -55.4338116022698131       27.0665246573412617       81.5975431674117715
     -55.4882722481639945       27.0367922005943804       81.6053874528445959
     -55.5342722123953081       27.0071411718716519       81.6135145358109781
     -55.5724689757462684       26.9779326131473489       81.6217766403415226
     -55.6035409686583080       26.9494959531088547       81.6300373614209320
     -55.6281857571237808       26.9221361245177526       81.6381691150345290
     -55.6471181757498599       26.8961412527403603       81.6460504188440979
     -55.6610684129886266       26.8717920592723942       81.6535626315485672
     -55.6707800536411810       26.8493748733105591       81.6605855330799812
     -55.6770080838489960       26.8292019357077471       81.6669905401198690
     -55.6805168638853516       26.8116470957486648       81.6726289029653003
     -55.6820780741477819       26.7972135027457661       81.6773094415383127
     -55.6824686398317112       26.7855324043453074       81.6811268343049051
     -55.6820780741477819       26.7738591031303379       81.6849680041944310
     -55.6805168638853516       26.7594566830671745       81.6897436030711361
     -55.6770080838489960       26.7419719339043986       81.6955957042561920
     -55.6707800536411952       26.7219235100655013       81.7023804097239434
     -55.6610684129886693       26.6997007486136368       81.7099961989686960
     -55.6471181757502364       26.6756313999415120       81.7183617842296570
     -55.6281857571263600       26.6500173820827477       81.7274044828092769
     -55.6035409686721422       26.6231551594270250       81.7370536605681650
     -55.5724689758074888       26.5953488448597533       81.7472365883102299
     -55.5342722126273785       26.5669197080707455       81.7578755007000382
     -55.4882722489390119       26.5382139813372859       81.7688852345627879
     -55.4338116045970253       26.5096101047207959       81.7801710689437442
     -55.3702555063727502       26.4815262589776772       81.7916264854158186
     -55.2969935827818233       26.4544189377403605       81.8031338324051944
     -55.2134414926447619       26.4261059820186119       81.8154292034654986
     -55.1190424831653232       26.3946336701565762       81.8291724073529565
     -55.0132688709776474       26.3600148092442872       81.8443871291977416
     -54.8956234478225653       26.3223049372603661       81.8610839740045009
     -54.7656408081163377       26.2816038854066960       81.8792602366508504
     -54.6228885937296695       26.2380567511733176       81.8988998480909913
     -54.4669686562008195       26.1918542225121982       81.9199735435197454
     -54.2975181364894439       26.1432321915764696       81.9424392647682964
     -54.1142104627687957       26.0924706000140425       81.9662427871146662
     -53.9167562643680753       26.0398914422762218       81.9913184735317628
     -53.7049042170228645       25.9858559758473184       82.0175904019763351
     -53.4784418198815530       25.9307610841748044       82.0449737447527667
     -53.2371961080587255       25.8750347637034608       82.0733763113317565
     -52.9810342988705827       25.8191306672205663       82.1026999923389127
     -52.7098643995916092       25.7635218447143011       82.1328424572348581
     -52.4236358076971456       25.7086938362468622       82.1636994648829813
     -52.1223398822474024       25.6551368910355215       82.1951668973448903
     -51.8060105050050197       25.6033373437731484       82.2271424049538950
     -51.4747247331245248       25.5537686577249339       82.2595280727502711
     -51.1286035236033030       25.5068817533556853       82.2922326729565867
     -50.7678125937059477       25.4630946043248976       82.3251732450843434
     -50.3925635150510658       25.4227818000189139       82.3582781225699563
     -50.0031124762711912       25.3862635483046795       82.3914888059073292
     -49.5997553714126411       25.3537956436839877       82.4247621373373107
     -49.1828228037954105       25.3255609573134421       82.4580726456008932
     -48.7526747090458272       25.3016620806006394       82.4914131517900699
     -48.3096956099226702       25.2821162642194857       82.5247966409335731
     -47.8542913788067423       25.2668514827280397       82.5582557511237951
     -47.3868880781382344       25.2557045187741878       82.5918436206494704
     -46.9079324088678078       25.2484197324149626       82.6256326936648406
     -46.4178932136120466       25.2446493434800594       82.6597148284909196
     -45.9172632891200436       25.2439542524093596       82.6941997349800175
     -45.4065618576559373       25.2458062500976688       82.7292145788712929
     -44.8863394201297439       25.2495913219706551       82.7649018078505776
     -44.3571761446505022       25.2548250043345810       82.8013540373522261
     -43.8196743150276831       25.2614459744135900       82.8385247876999813
     -43.2744598036595249       25.2694469023945878       82.8763415663774055
     -42.7221811218201353       25.2788142546111025       82.9147245750462929
     -42.1635079026724000       25.2895280449447526       82.9535872372236867
     -41.5991293142007308       25.3015617540051885       82.9928371002113749
     -41.0297525351698269       25.3148822443742212       83.0323765880479243
     -40.4561011316742736       25.3294498270521302       83.0721041351555556
     -39.8789133499165303       25.3452183188910496       83.1119151834555510
     -39.2989404312229524       25.3621352129315838       83.1517034426296675
     -38.7169447044916453       25.3801418465823758       83.1913620301308043
     -38.1336976954110085       25.3991736387785529       83.2307847143626276
     -37.5499780894077588       25.4191604107617799       83.2698672881371778
     -36.9665689209457895       25.4400267393214534       83.3085085792610869
     -36.3842549063263334       25.4616927451716784       83.3466117536449786
     -35.8038202280664564       25.4840749361799546       83.3840851966246106
     -35.2260463258651768       25.5070870190780852       83.4208431410323357
     -34.6517098012096980       25.5306408812174404       83.4568067542539325
     -34.0815801012778152       25.5546473344704808       83.4919043822607421
     -33.5164173159900898       25.5790169617127745       83.5260720974821140
     -32.9569699982826663       25.6036610283979016       83.5592544587174473
     -32.4039728112833245       25.6284919876261625       83.5914039742934989
     -31.8581444055650600       25.6534242401904002       83.6224814585037706
     -31.3201851802606370       25.6783747202914086       83.6524559053542589
     -30.7907751458221348       25.7032634194261185       83.6813042712862654
     -30.2705718757672422       25.7280139465541602       83.7090115067168341
     -29.7602083783162961       25.7525536915395143       83.7355694441443887
     -29.2602912456915618       25.7768143675423929       83.7609770816010410
     -28.7713987041594841       25.8007319927237120       83.7852392262483647
     -28.2940789900625518       25.8242472453462852       83.8083666210954306
     -27.8288485732768471       25.8473053268470103       83.8303747143185518
     -27.3761905998752439       25.8698561268974636       83.8512835422360894
     -26.9365533412555713       25.8918540482371569       83.8711166225933766
     -26.5103488639826885       25.9132580951888087       83.8899008143045535
     -26.0979517335148259       25.9340316075413817       83.9076651348333655
     -25.6996979405043611       25.9541423660685702       83.9244408828226511
     -25.3158838692922750       25.9735622124641594       83.9402602844270262
     -24.9467654812671320       25.9922671982374744       83.9551569395925981
     -24.5925575671209629       26.0102371787819493       83.9691645555361816
     -24.2534331621216417       26.0274557811100351       83.9823169624046812
     -23.9295230944573056       26.0439102629614823       83.9946478434163311
     -23.6209156557505544       26.0595912411748571       84.0061901016838704
     -23.3276564089436818       26.0744927357651513       84.0169762958662432
     -23.0497481165475939       26.0886119183240339       84.0270381648522999
     -22.7871507925538133       26.1019488923311123       84.0364062920069301
     -22.5397818639646275       26.1145066507922365       84.0451103657995020
     -22.3075164542747650       26.1262909379184336       84.0531791327652940
     -22.0901878030677885       26.1373100730186749       84.0606402364066270
     -21.8875877960711485       26.1475748526424212       84.0675203291124831
     -21.6994676054065003       26.1570985026897560       84.0738453614382308
     -21.5255384393851443       26.1658965285598981       84.0796405545577556
     -21.3654723982744663       26.1739865510386025       84.0849303331525562
     -21.2189034324593315       26.1813882052662805       84.0897384625731661
     -21.0854284007982784       26.1881230399394376       84.0940881839692622
     -20.9646082249204966       26.1942144137627153       84.0980023340381422
     -20.8559691361437345       26.1996873900580418       84.1015034487583932
     -20.7590040200527746       26.2045686457221372       84.1046138996964316
     -20.6731738422776594       26.2088863732825494       84.1073559915384834
     -20.5979083649713246       26.2126856688819068       84.1097472514414477
     -20.5322696755573695       26.2226561657063435       84.1097504790234325
     -20.4754841655766207       26.2417337941071942       84.1064869043677419
     -20.4270493185590603       26.2670414572842326       84.1008745454956568
     -20.3864011534616729       26.2964447805048280       84.0936031273433997
     -20.3529299259009342       26.3282807171189717       84.0852187603662031
     -20.3259896464571881       26.3612083199959919       84.0761702429531255
     -20.3049047024231690       26.3941172279057170       84.0668372408982663
     -20.2889750742962143       26.4260645643486392       84.0575495577849097
     -20.2774809675440792       26.4562240773214050       84.0486025844781182
     -20.2696874869795387       26.4838351281318687       84.0402728262755403
     -20.2648501438487685       26.5081359474545089       84.0328384034843197
     -20.2622225192279970       26.5282551283472934       84.0266126948940695
     -20.2609874088780550       26.5446018255373488       84.0215081541400508
