     -24.3498180004012070      110.2078137813199845      -38.5805585402869369
     -24.3531869333003712      110.2031927426001516      -38.5932877425976670
     -24.3582219595573441      110.1975204380818241      -38.6087810468430916
     -24.3656383127107752      110.1906920749614045      -38.6272339448259387
     -24.3759081672771778      110.1829653542792187      -38.6478408267937255
     -24.3895181266397501      110.1745670400623283      -38.6698832808422779
     -24.4069473042691385      110.1657237052844636      -38.6926456067896609
     -24.4286532127085820      110.1566806611918992      -38.7153630187197706
     -24.4550606112227946      110.1477164324658418      -38.7371821608722087
     -24.4865504107946812      110.1391571816521946      -38.7571217363546836
     -24.5234463294990839      110.1313945804373731      -38.7740235420370425
     -24.5659962860023597      110.1249116894673392      -38.7864812410280848
     -24.6143430699022012      110.1203251131930472      -38.7927239198679032
     -24.6684722733135580      110.1184616168933132      -38.7904039522451427
     -24.7294315339580422      110.1184930697579034      -38.7817165683886600
     -24.7989456102250614      110.1185223929330590      -38.7717918075140204
     -24.8774788239402085      110.1185407662976985      -38.7605741741678500
     -24.9654679774237138      110.1185428598390530      -38.7479992069546100
     -25.0633239919539008      110.1185223755473714      -38.7340057264130806
     -25.1714307209370354      110.1184719861576298      -38.7185359909304907
     -25.2901438273454922      110.1183832821486419      -38.7015358665777924
     -25.4197897292092669      110.1182467242658163      -38.6829550154227917
     -25.5606646167389009      110.1180516004554306      -38.6627471067658988
     -25.7130335442335110      110.1177859872213389      -38.6408700551502022
     -25.8771295999422790      110.1174367190595831      -38.6172862891286073
     -26.0531531634796210      110.1169894196219872      -38.5919630710698982
     -26.2412712404171486      110.1164284992571538      -38.5648728347388854
     -26.4416168757836942      110.1157371130513667      -38.5359935375818523
     -26.6542886600254576      110.1148971600087805      -38.5053090535936633
     -26.8793503424351137      110.1138893133256005      -38.4728095945384965
     -27.1168306195137490      110.1126932040586155      -38.4384921643607100
     -27.3667229731371542      110.1112874430668995      -38.4023609294588653
     -27.6289855784074199      110.1096496407586329      -38.3644275732216329
     -27.9035413431591728      110.1077565803844323      -38.3247116776053218
     -28.1902780899205609      110.1055845726030640      -38.2832411298168864
     -28.4890487873621581      110.1031094483005717      -38.2400523535555195
     -28.7996719305356521      110.1003067240778819      -38.1951905395021853
     -29.1219321105487552      110.0971521230160306      -38.1487099263251181
     -29.4555806163525986      110.0936216466729149      -38.1006738417448148
     -29.8003361910085403      110.0896917845345513      -38.0511546971906043
     -30.1558860051577469      110.0853401463469652      -38.0002340249164803
     -30.5218866145403851      110.0805454643388543      -37.9480021854218847
     -30.8979651572985894      110.0752880661670474      -37.8945581201245147
     -31.2837206665108027      110.0695503270869295      -37.8400089748760990
     -31.6787254060902477      110.0633167222668476      -37.7844694626457738
     -32.0825264965387973      110.0565745254021408      -37.7280613265237434
     -32.4946473497912010      110.0493137882892256      -37.6709124722722137
     -32.9145890720559606      110.0415278379943516      -37.6131563606945818
     -33.3418319553593605      110.0332133211428811      -37.5549312927139951
     -33.7758372291401869      110.0243703464655027      -37.4963796953451762
     -34.2160488685140294      110.0150025931439046      -37.4376473747816263
     -34.6618954186743267      110.0051172221342597      -37.3788826882840937
     -35.1127919345655783      109.9947249440361645      -37.3202357617657441
     -35.5681418558794107      109.9838397766327489      -37.2618576002830793
     -36.0273390118151084      109.9724789982681159      -37.2038992693098223
     -36.4897695187379085      109.9606628240493365      -37.1465109914634937
     -36.9548137887170682      109.9484142264828819      -37.0898413065439456
     -37.4218484119446302      109.9357585677968530      -37.0340361865225489
     -37.8902481134305020      109.9227233034670093      -36.9792381971622177
     -38.3593875780650464      109.9093376021543378      -36.9255856573274741
     -38.8286433065204690      109.8956319728981299      -36.8732118296008693
     -39.2973955615274235      109.8816378978410029      -36.8222440959777657
     -39.7650325268589526      109.8673875263159658      -36.7728024566512772
     -40.2309543707971073      109.8529137345055204      -36.7249971790079002
     -40.6945749981604266      109.8382502884418983      -36.6789265292568984
     -41.1553233482603318      109.8234320674445286      -36.6346747229187102
     -41.6126445216444409      109.8084952172631574      -36.5923100645596122
     -42.0660006990211599      109.7934773640886590      -36.5518833419418101
     -42.5148719218175728      109.7784177231368972      -36.5134264300138653
     -42.9587567428302179      109.7633573365780961      -36.4769511817030363
     -43.3971728356934108      109.7483390897705391      -36.4424484728467633
     -43.8296576393396364      109.7334080464906947      -36.4098875468563961
     -44.2557691720049391      109.7186113123481448      -36.3792153369068458
     -44.6750846970599085      109.7040148452779960      -36.3503074853272921
     -45.0871906923625545      109.6898029877127243      -36.3226678868039485
     -45.4917062523876368      109.6761991296154406      -36.2956660031202460
     -45.8882846960610422      109.6634070872642184      -36.2687119646451279
     -46.2765919476620340      109.6516109646965447      -36.2412639477610483
     -46.6562944105382016      109.6409728982373650      -36.2128357046329512
     -47.0270496487854430      109.6316314730467525      -36.1830045082444016
     -47.3884987542436704      109.6236997576144887      -36.1514190726019535
     -47.7402626710059579      109.6172626994999320      -36.1178069639924217
     -48.0819449095766061      109.6123757835620580      -36.0819811965649464
     -48.4131415297395975      109.6090628905971300      -36.0438439592156072
     -48.7334568795432901      109.6073160493326810      -36.0033870097622071
     -49.0425211403123242      109.6070966592992590      -35.9606878895125419
     -49.3400065323593253      109.6083373034566790      -35.9159018830527614
     -49.6256430721629229      109.6109458969636847      -35.8692505203814633
     -49.8992208054550019      109.6148108590873846      -35.8210079007570386
     -50.1605840734213615      109.6198056882912653      -35.7714877932866386
     -50.4096268678999877      109.6257936057407960      -35.7210323389624236
     -50.6462892314329807      109.6326316391518390      -35.6700019058527928
     -50.8705543799795379      109.6401739070932280      -35.6187658577298478
     -51.0824463626836973      109.6482744641892282      -35.5676942533845875
     -51.2820281408154273      109.6567901731727801      -35.5171505642902829
     -51.4693999606027077      109.6655829869562524      -35.4674851688273449
     -51.6446979521197349      109.6745218319410924      -35.4190296572265737
     -51.8080928931915281      109.6834840739514192      -35.3720919187720781
     -51.9597891007094290      109.6923568738571646      -35.3269520888266513
     -52.1000234020434192      109.7010382819518526      -35.2838592826894129
     -52.2290641468978620      109.7094379410442428      -35.2430290462282443
     -52.3472102364744529      109.7174775371417468      -35.2046415341651127
     -52.4547901475793097      109.7250910199880423      -35.1688403825129967
     -52.5521609339561735      109.7322246112299524      -35.1357322333589508
     -52.6397071914781733      109.7388366194035427      -35.1053868639490005
     -52.7178399785739273      109.7448971066635437      -35.0778378740674128
     -52.7869956844194093      109.7503873994603083      -35.0530838634136686
     -52.8476348414075900      109.7558053563530365      -35.0295050206325556
     -52.9002408809496600      109.7617077124716616      -35.0052924186394563
     -52.9453188319358077      109.7679576262194843      -34.9808084613398478
     -52.9833939638943505      109.7744285559408013      -34.9563844379307938
     -53.0150103771120484      109.7810045801343506      -34.9323192692188016
     -53.0407295424084921      109.7875783642538323      -34.9088856318765437
     -53.0611287940884324      109.7940492076494792      -34.8863358526077434
     -53.0767997798592504      109.8003209505706081      -34.8649082727264812
     -53.0883468717140872      109.8062994443563696      -34.8448350258674253
     -53.0963855419489761      109.8118890921512616      -34.8263527895271565
     -53.1015407086148414      109.8169874995920310      -34.8097195484615938
     -53.1044450548085720      109.8214761216352287      -34.7952440499226512
     -53.1057373262915746      109.8252025716435583      -34.7833416418942392
     -53.1060606119907064      109.8282420473072705      -34.7737086089089900
     -53.1057373262915746      109.8313006562019467      -34.7640816338682512
     -53.1044450548085720      109.8351035954789410      -34.7522034437959064
     -53.1015407086148414      109.8397641713391835      -34.7377823891032520
     -53.0963855419489761      109.8451679514611641      -34.7212458348318549
     -53.0883468717139451      109.8512341819243545      -34.7029144936213427
     -53.0767997798578577      109.8578981171400386      -34.6830582705452386
     -53.0611287940789111      109.8651017159127576      -34.6619257339362434
     -53.0407295423574965      109.8727883679335235      -34.6397609027876001
     -53.0150103768864724      109.8808995347304887      -34.6168140300385829
     -52.9833939630392550      109.8893723420808612      -34.5933494190101030
     -52.9453188290801791      109.8981376285158831      -34.5696518328697735
     -52.9002408723749369      109.9071181501060579      -34.5460324389967610
     -52.8476348178932440      109.9162267182921795      -34.5228349879373440
     -52.7869956248110839      109.9253666593240695      -34.5004346050406099
     -52.7178398365046164      109.9351238012603886      -34.4770315828774159
     -52.6397068691554750      109.9460232739194225      -34.4510147629180921
     -52.5521602343791301      109.9580811464160774      -34.4223937830736944
     -52.4547886890590433      109.9713025477295787      -34.3912134216011864
     -52.3472073054798912      109.9856813826428947      -34.3575548704699187
     -52.2290584528818158      110.0012001975327962      -34.3215365377741222
     -52.1000126811890283      110.0178302391776981      -34.2833143385099959
     -51.9597694933692438      110.0355316927262663      -34.2430814254741875
     -51.8080579912342927      110.0542541057564989      -34.2010673311776117
     -51.6446373765795741      110.0739370010664118      -34.1575365053214455
     -51.4692972861558005      110.0945106699998632      -34.1127862464389651
     -51.2818579309476448      110.1158970140169373      -34.0671440078372996
     -51.0821700171562583      110.1380105653693846      -34.0209641622315502
     -50.8701144230807216      110.1607598311685194      -33.9746243383373141
     -50.6456015833451900      110.1840486380925199      -33.9285213266616239
     -50.4085705380770221      110.2077774737777673      -33.8830666831915863
     -50.1589875863334242      110.2318446040235358      -33.8386821303819687
     -49.8968445009863331      110.2561475540057927      -33.7957951481335996
     -49.6221561886911715      110.2805844420801407      -33.7548348641999851
     -49.3349576329041639      110.3050547543800803      -33.7162284589336707
     -49.0352998958877535      110.3294597789151226      -33.6803985956765004
     -48.7232452924085067      110.3537032414496935      -33.6477626161302439
     -48.3988705769789362      110.3776905888209257      -33.6187327183425850
     -48.0622829487834622      110.4013279424593463      -33.5937141265462600
     -47.7136355429408212      110.4245229227426961      -33.5731003845893028
     -47.3531430696026803      110.4471853736243929      -33.5572649299418799
     -46.9810945052883469      110.4692294290335468      -33.5465491162410103
     -46.5978591236597808      110.4905774039550153      -33.5412476010072496
     -46.2038845017418254      110.5111631095313101      -33.5415920069958418
     -45.7996880112728704      110.5309368990177035      -33.5477354100313647
     -45.3858443101705120      110.5498694241720443      -33.5597382209644195
     -44.9629713520835779      110.5679554025163895      -33.5775567587137118
     -44.5317139332576346      110.5852168602401520      -33.6010350996861860
     -44.0927184841542541      110.6017044662203688      -33.6299036600973054
     -43.6466321391618663      110.6174444396997814      -33.6639560268006974
     -43.1941235347843957      110.6323635692473175      -33.7032889067357715
     -42.7358701314636988      110.6463821533752991      -33.7480004101360720
     -42.2725540887896898      110.6594285013954391      -33.7981413636938157
     -41.8048603116341155      110.6714395642007815      -33.8537163729806494
     -41.3334742915378683      110.6823604599717044      -33.9146850456813667
     -40.8590799401671205      110.6921449387834144      -33.9809640219897986
     -40.3823574879080738      110.7007548944046817      -34.0524292251869412
     -39.9039815258355688      110.7081605900679477      -34.1289188111494113
     -39.4246192406738913      110.7143401375287084      -34.2102363211379412
     -38.9449288503013165      110.7192794569480156      -34.2961543553206738
     -38.4655582765138746      110.7229717118164274      -34.3864183900341160
     -37.9871442397383774      110.7254170236405599      -34.4807508650898100
     -37.5103136288892856      110.7266219496607533      -34.5788545807069880
     -37.0356846658625258      110.7265994490557262      -34.6804151932213287
     -36.5638658176247233      110.7253688249586219      -34.7851036532687914
     -36.0954545714403920      110.7229557389680110      -34.8925787472047020
     -35.6310362494545174      110.7193920547545787      -35.0024896269254242
     -35.1711829222072936      110.7147157300025384      -35.1144783729388976
     -34.7164523303313146      110.7089705198383172      -35.2281824928888270
     -34.2673869075537567      110.7022057538699613      -35.3432374159824434
     -33.8245127947376645      110.6944759032588337      -35.4592788722038605
     -33.3883389388224217      110.6858402397042624      -35.5759452321591709
     -32.9593561931599126      110.6763623118901592      -35.6928797014409938
     -32.5380364548027714      110.6661094447152607      -35.8097324177336276
     -32.1248318549419238      110.6551522192994383      -35.9261624219082805
     -31.7201739008478576      110.6435637705402399      -36.0418394361654677
     -31.3244727584795264      110.6314193839261293      -36.1564455941112186
     -30.9381162682237090      110.6187955550697808      -36.2696768865306893
     -30.5614690711898582      110.6057696687613117      -36.3812447841703559
     -30.1948718694554401      110.5924189660266705      -36.4908774476840563
     -29.8386409263547847      110.5788200978812341      -36.5983208793127730
     -29.4930675047821502      110.5650484885077560      -36.7033397721009038
     -29.1584172447476426      110.5511775418645328      -36.8057180725253374
     -28.8349296743782624      110.5372784673238300      -36.9052595233453289
     -28.5228175809848459      110.5234195254530789      -37.0017878010122914
     -28.2222664540663004      110.5096656248609293      -37.0951465703087990
     -27.9334339962333260      110.4960782190068613      -37.1851994572367914
     -27.6564495533186339      110.4827147363955220      -37.2718297007572730
     -27.3914136334318350      110.4696283549267548      -37.3549397733762234
     -27.1383975052702127      110.4568680366646021      -37.4344509634861424
     -26.8974427775653204      110.4444782267979406      -37.5103027378216751
     -26.6685610555332104      110.4324987088782564      -37.5824520691333177
     -26.4517336881928991      110.4209646535231997      -37.6508727615387357
     -26.2469115893401685      110.4099067060185320      -37.7155547393940509
     -26.0540151356298857      110.3993508920494975      -37.7765032272736008
     -25.8729341879130708      110.3893186935179642      -37.8337379399635481
     -25.7035281487053311      110.3798271756938476      -37.8872922915499188
     -25.5456261109211695      110.3708891668051280      -37.9372126437990502
     -25.3990271002410424      110.3625133892219026      -37.9835575659673239
     -25.2635004148696396      110.3547045616154634      -38.0263971186118894
     -25.1387860752787482      110.3474635663874608      -38.0658121979481692
     -25.0245953750255765      110.3407876235138190      -38.1018939227340780
     -24.9206115301438125      110.3346704665159876      -38.1347430623318360
     -24.8264904244442342      110.3291025199162760      -38.1644695038567079
     -24.7418614483386143      110.3240710834586764      -38.1911917564221000
     -24.6663284263372411      110.3195605088029509      -38.2150364819729731
     -24.5994706298614858      110.3155523701240526      -38.2361380463361655
     -24.5408467575701330      110.3120213046321680      -38.2546502070949401
     -24.4912304076995682      110.3070753950710525      -38.2759313956378193
     -24.4506749870511477      110.2998712735700622      -38.3024080123912825
     -24.4181314867835439      110.2911945508888465      -38.3319636390041865
     -24.3926706385071377      110.2816221419829077      -38.3630681225916987
     -24.3734337702304771      110.2715986073276611      -38.3945646263385143
     -24.3596064924754927      110.2614780467623490      -38.4255523598242874
     -24.3504031903782163      110.2515497384112990      -38.4553145137325174
     -24.3450568517720924      110.2420557940372134      -38.4832684494749842
     -24.3428112101460634      110.2332053969038981      -38.5089254787512871
     -24.3429128865139326      110.2251891236267056      -38.5318505300360528
     -24.3446006197677782      110.2181977568403823      -38.5516095049998242
     -24.3470867272074365      110.2124529540223676      -38.5676839528993369
     -24.3498180004012070      110.2078137813199845      -38.5805585402869369
