     -19.3955854073106764      129.6730774169258780      -48.7088365135834991
     -19.4030300587715914      129.6682968554070499      -48.7216881522980714
     -19.4131252040959090      129.6625713514078484      -48.7370950844103916
     -19.4267192295547453      129.6558938949143851      -48.7550876410696148
     -19.4440992590068653      129.6486359881826615      -48.7746799938117164
     -19.4655938525902883      129.6411359898548312      -48.7949766181802218
     -19.4915240818468156      129.6337309859929974      -48.8150868723966127
     -19.5221727877101365      129.6267762836830002      -48.8340727756940325
     -19.5577607057285228      129.6206602193128106      -48.8509092739861828
     -19.5984226849426584      129.6158188761553163      -48.8644445864736809
     -19.6441786122604007      129.6127543530171522      -48.8733507580778053
     -19.6948920080995542      129.6120613276207791      -48.8760515263229252
     -19.7502035448437674      129.6144705096778011      -48.8706041465438545
     -19.8094114474201710      129.6209278991239842      -48.8544838144540279
     -19.8743172627595079      129.6306499147499949      -48.8297895868330514
     -19.9483301618094302      129.6417370878514816      -48.8016114032798569
     -20.0319491275851078      129.6542564592800204      -48.7697732309764262
     -20.1256403202177054      129.6682753332889888      -48.7340965078550354
     -20.2298424631854346      129.6838564370298457      -48.6944129983448661
     -20.3449655641867757      129.7010576680999918      -48.6505653782591807
     -20.4713897048809557      129.7199318324992703      -48.6024078593904463
     -20.6094639065146232      129.7405263720346227      -48.5498068673932721
     -20.7595050776060397      129.7628830801996855      -48.4926417845915125
     -20.9217970493882461      129.7870378009990588      -48.4308057649684613
     -21.0965897025577185      129.8130201110407143      -48.3642066276133420
     -21.2840981882124964      129.8408529849460820      -48.2927678312409441
     -21.4845022466448476      129.8705524310940973      -48.2164295237283440
     -21.6979456249338440      129.9021271172505010      -48.1351496686855498
     -21.9245355939513082      129.9355780124809883      -48.0489052492396311
     -22.1643425978481758      129.9708980208633022      -47.9576935062596661
     -22.4174001319496483      130.0080716457125902      -47.8615330995191854
     -22.6837046759645062      130.0470746743634436      -47.7604652104796514
     -22.9632156644164063      130.0878739439506262      -47.6545546373955631
     -23.2558555757855743      130.1304271315655399      -47.5438908061963517
     -23.5615101478694626      130.1746825537298378      -47.4285886545718398
     -23.8800287109762195      130.2205790867745918      -47.3087893925114358
     -24.2112246455903133      130.2680461770787019      -47.1846610891443206
     -24.5548759764383533      130.3170038573378520      -47.0563990170499622
     -24.9107260889597271      130.3673629392042130      -46.9242257786738932
     -25.2784845789306338      130.4190253105408885      -46.7883911534342758
     -25.6578282445284849      130.4718842747258805      -46.6491716115241815
     -26.0484022016870895      130.5258251008143588      -46.5068695281545388
     -26.4498211479132976      130.5807256107096350      -46.3618120144905319
     -26.8616707565373538      130.6364569243645235      -46.2143493944698989
     -27.2835092080793338      130.6928842968341655      -46.0648532973768852
     -27.7148688593971251      130.7498680311900614      -45.9137143639215637
     -28.1552578186620792      130.8072645399420537      -45.7613397432304225
     -28.6041610022730204      130.8649271878743718      -45.6081507735190428
     -29.0610416203630209      130.9227072180733273      -45.4545806290063226
     -29.5253430554829244      130.9804546199750064      -45.3010717027875316
     -29.9964908334519578      131.0380191099389435      -45.1480728898543546
     -30.4738946991640098      131.0952509983206085      -44.9960367224167470
     -30.9569507601819041      131.1520021828109464      -44.8454164707463576
     -31.4450437108221941      131.2081270290602504      -44.6966631588128038
     -31.9375490987416200      131.2634832384222818      -44.5502225627451836
     -32.4338356370441474      131.3179326128976072      -44.4065321958361849
     -32.9332675231368412      131.3713418318267827      -44.2660183539994847
     -33.4352067567708602      131.4235831324500055      -44.1290932196438774
     -33.9390154195133391      131.4745351353476508      -43.9961521389705439
     -34.4440578979124652      131.5240834692397414      -43.8675709884732612
     -34.9497030205510839      131.5721212107936253      -43.7437036674960495
     -35.4553265931669941      131.6185494750822897      -43.6248796535558938
     -35.9603189807775152      131.6632786679620892      -43.5113994360508087
     -36.4640923428513517      131.7062304454460389      -43.4035282633736941
     -36.9660821617647173      131.7473390205281589      -43.3014910711545511
     -37.4657476826912657      131.7865523821469083      -43.2054682621555699
     -37.9625717811792356      131.8238331242548043      -43.1155921434061540
     -38.4560602583942952      131.8591591903482936      -43.0319441173386252
     -38.9457406336595611      131.8925243196910060      -42.9545525121002072
     -39.4311605410507937      131.9239383815451845      -42.8833910281629400
     -39.9118859162030120      131.9534275798980616      -42.8183776731214394
     -40.3874992378116104      131.9810345767816671      -42.7593740384068894
     -40.8575982036606788      132.0068186654351052      -42.7061847499787675
     -41.3217893374085179      132.0308735529094690      -42.6585018373003280
     -41.7796611654583003      132.0534368414180335      -42.6155639720043808
     -42.2308370965961970      132.0748045980656684      -42.5764224429143781
     -42.6749765189775445      132.0952673361844347      -42.5401406123205348
     -43.1117225945523685      132.1151047731115682      -42.5058078048318961
     -43.5406756407819699      132.1345804808161120      -42.4725553449175877
     -43.9613747468973415      132.1539361954032188      -42.4395737328039644
     -44.3732845708784041      132.1733856392399673      -42.4061313592997919
     -44.7757920590713994      132.1931081918524171      -42.3715942295908334
     -45.1682177249832364      132.2132430700471275      -42.3354449376630484
     -45.5498428933877335      132.2338850843419493      -42.2972980394959066
     -45.9199484552161437      132.2550825413345592      -42.2569085822324269
     -46.2778558145610504      132.2768390691386742      -42.2141722002719675
     -46.6229631546022958      132.2991177939411784      -42.1691161868771331
     -46.9547792943318427      132.3218482288342841      -42.1218816571590295
     -47.2729252632839589      132.3449341830698813      -42.0727000722089599
     -47.5771179120360870      132.3682604857841056      -42.0218715011305335
     -47.8671568216282282      132.3916990296215204      -41.9697461332363773
     -48.1429142781531780      132.4151138571168076      -41.9167083272127599
     -48.4043274452167580      132.4383653782834358      -41.8631627578659860
     -48.6513921688047120      132.4613142189975861      -41.8095224821505056
     -48.8841580258710238      132.4838244546680812      -41.7561985986048398
     -49.1027243350684657      132.5057662577740416      -41.7035913228074406
     -49.3072369165744604      132.5270181205638096      -41.6520823855338449
     -49.4978854329980891      132.5474687578062003      -41.6020286712205802
     -49.6749011726287435      132.5670185706883899      -41.5537569634773902
     -49.8385551627479302      132.5855807610343788      -41.5075597425194331
     -49.9891565191416518      132.6030821394750490      -41.4636919721850319
     -50.1270509575841814      132.6194636311652175      -41.4223688050259113
     -50.2526194042886445      132.6346805166137131      -41.3837641451964302
     -50.3662766551553815      132.6487024459541715      -41.3480100077297550
     -50.4684700473449368      132.6615132409545765      -41.3151966027409188
     -50.5596781153792136      132.6731105092899838      -41.2853730732104012
     -50.6404092120642062      132.6835050959001876      -41.2585488119399173
     -50.7112000809623780      132.6932816169415048      -41.2328892358032562
     -50.7726143734284108      132.7030908420758806      -41.2063442357102403
     -50.8252411046176178      132.7128148378651531      -41.1793379322632802
     -50.8696930489623966      132.7223477531937306      -41.1522592101033879
     -50.9066050761845901      132.7315961673811273      -41.1254602667941427
     -50.9366324299445523      132.7404768215612023      -41.0992635720900026
     -50.9604489529886706      132.7489144322702543      -41.0739685674833908
     -50.9787452631415974      132.7568393424002693      -41.0498589032017591
     -50.9922268848551425      132.7641846794660978      -41.0272112860635403
     -51.0016123412862896      132.7708824738967337      -41.0063077159729659
     -51.0076312120590956      132.7768576708697594      -40.9874545724051345
     -51.0110221619895299      132.7820176894002486      -40.9710161624419840
     -51.0125309461388881      132.7862327186994094      -40.9574783314456212
     -51.0129083966200625      132.7896257643044464      -40.9465075800339164
     -51.0125309461388881      132.7930002795868063      -40.9355311146818934
     -51.0110221619895299      132.7971412417478803      -40.9219704446225165
     -51.0076312120590813      132.8021348209127552      -40.9054807120450690
     -51.0016123412862612      132.8078146745554591      -40.8865364975231458
     -50.9922268848547944      132.8140521415745638      -40.8654909826101544
     -50.9787452631383360      132.8207367010035114      -40.8426396105751621
     -50.9604489529663027      132.8277657067303892      -40.8182536885963643
     -50.9366324298246909      132.8350385869486558      -40.7925995321038144
     -50.9066050756544399      132.8424531606158894      -40.7659507623995623
     -50.8696930469527615      132.8499030028769994      -40.7385972184584162
     -50.8252410979064351      132.8572753104885464      -40.7108522602591663
     -50.7726143532769072      132.8644489354038285      -40.6830595367079297
     -50.7112000257022473      132.8712923397596910      -40.6556000151748691
     -50.6404090719844575      132.8776641244258485      -40.6288905889945937
     -50.5596777815249823      132.8841810716001532      -40.6008706887706055
     -50.4684692899294802      132.8913932443776389      -40.5696951206095235
     -50.3662750112989741      132.8992863605965056      -40.5353656207608211
     -50.2526159772087979      132.9078346610433243      -40.4979243090045031
     -50.1270440709258622      132.9170005972810031      -40.4574551531410052
     -49.9891431411067657      132.9267346952481716      -40.4140849088268581
     -49.8385299754518343      132.9369756076602584      -40.3679834843263734
     -49.6748551100908031      132.9476503633471509      -40.3193636931610158
     -49.4978034441630612      132.9586748257539455      -40.2684803774206443
     -49.3070946257041101      132.9699543416648453      -40.2156288975176963
     -49.1024831688592158      132.9813845541445403      -40.1611430088049346
     -48.8837582529406589      132.9928523792821693      -40.1053921846431365
     -48.6507431506410555      133.0042370970578816      -40.0487784672444036
     -48.4032942250912868      133.0154114512856154      -39.9917329538244175
     -48.1412994301125394      133.0262428532417118      -39.9347121361218100
     -47.8646762345741976      133.0365945469131077      -39.8781943001167534
     -47.5733688737935196      133.0463265238001327      -39.8226762461361972
     -47.2673447993282210      133.0552960991345515      -39.7686707213063002
     -46.9465901387991806      133.0633583143366252      -39.7167051572559728
     -46.6111038676901401      133.0703655461027495      -39.6673222470017492
     -46.2608901929763974      133.0761660992150439      -39.6210832746889636
     -45.8959494082643218      133.0806018940617150      -39.5785755564136110
     -45.5162879234192701      133.0835054342225021      -39.5404231874505996
     -45.1219576833660412      133.0846985934893496      -39.5072936149977352
     -44.7130931513148369      133.0839934102448296      -39.4798961092987497
     -44.2899478468226633      133.0811949837941484      -39.4589710728531387
     -43.8529232488133047      133.0761081208977430      -39.4452694618185546
     -43.4025816913586908      133.0685456146000547      -39.4395231220211002
     -42.9396406192023790      133.0583378039280262      -39.4424097226548511
     -42.4649515720310262      133.0453419588120880      -39.4545164246509259
     -41.9794700082228829      133.0294510305327549      -39.4763059894884663
     -41.4842215135566903      133.0106007897111908      -39.5080875214928398
     -40.9802618439181003      132.9887754686667165      -39.5499943251777637
     -40.4686162136208125      132.9640082818949338      -39.6019777189152578
     -39.9502773084946696      132.9363219056281764      -39.6640080302153706
     -39.4262556999606701      132.9056482186267942      -39.7363452620524313
     -38.8975502506136621      132.8719290569812301      -39.8191980235401601
     -38.3651389488063685      132.8351320199492136      -39.9126700925101403
     -37.8299750011498688      132.7952497467292119      -40.0167635250566605
     -37.2929827817944570      132.7522990148957263      -40.1313830773175155
     -36.7550540823038787      132.7063194784972211      -40.2563418631044598
     -36.2170449406583970      132.6573723321951377      -40.3913682245691135
     -35.6797732414935709      132.6055385931505270      -40.5361135551076046
     -35.1440171709503772      132.5509173177715638      -40.6901609668653137
     -34.6105145561252669      132.4936236174887370      -40.8530345409876787
     -34.0799630583132682      132.4337865428834675      -41.0242089580512683
     -33.5530216393448697      132.3715470245799679      -41.2031191413388242
     -33.0303173851160565      132.3070564811268071      -41.3891673123405610
     -32.5124514313271220      132.2404764123374719      -41.5817273936385874
     -31.9999994093229390      132.1719775909321868      -41.7801498017519961
     -31.4935115373194847      132.1017390384121768      -41.9837662753938403
     -30.9935128637113309      132.0299470843793301      -42.1918946729584121
     -30.5005036305326414      131.9567944315450916      -42.4038436816294464
     -30.0149597175275247      131.8824791820501048      -42.6189173938540833
     -29.5373331500380587      131.8072037859233205      -42.8364197111104090
     -29.0680526262574439      131.7311739569146880      -43.0556585646099279
     -28.6075240605114338      131.6545974707847790      -43.2759499028177643
     -28.1561310968766101      131.5776830831640041      -43.4966215029683383
     -27.7142356011275943      131.5006393257538946      -43.7170165101880670
     -27.2821780889398795      131.4236734039329235      -43.9364967612454507
     -26.8602781052013775      131.3469899984868334      -44.1544458136877651
     -26.4488345123334163      131.2707901771013610      -44.3702717393180066
     -26.0481254629093399      131.1952701751830546      -44.5834097671035963
     -25.6584080808138353      131.1206201850509956      -44.7933250402693375
     -25.2799187730495518      131.0470232227475833      -44.9995149020956404
     -24.9128735907965186      130.9746541006259122      -45.2015106832624127
     -24.5574684054377705      130.9036785514781229      -45.3988790927425612
     -24.2138789245019090      130.8342523860386564      -45.5912231901873355
     -23.8822605357185402      130.7665208624959519      -45.7781830236331118
     -23.5627480152848534      130.7006181049556233      -45.9594359023506840
     -23.2554551116957704      130.6366666352849677      -46.1346963561790133
     -22.9604740166281864      130.5747770987260310      -46.3037158419046122
     -22.6778747614077076      130.5150480137485260      -46.4662821712876379
     -22.4077045521781706      130.4575656356191473      -46.6222187274073363
     -22.1499870625933184      130.4024039683460501      -46.7713835182141864
     -21.9047217178923717      130.3496248118177903      -46.9136680634739633
     -21.6718829895128700      130.2992778642399685      -47.0489961578385092
     -21.4514197135182769      130.2514009491932541      -47.1773225699223531
     -21.2432544628055417      130.2060202775327582      -47.2986316769336170
     -21.0472830548567345      130.1631507571187569      -47.4129360179978931
     -20.8633741744297829      130.1227963548654998      -47.5202747635062650
     -20.6913689655939734      130.0849505089477702      -47.6207122556851203
     -20.5310807245285680      130.0495965382076520      -47.7143366118081502
     -20.3822947294977546      130.0167080464486844      -47.8012583912401396
     -20.2447682113554457      129.9862493276896771      -47.8816093382212742
     -20.1182304665641638      129.9581757664960548      -47.9555412043426585
     -20.0023831114136712      129.9324342340770500      -48.0232246533771345
     -19.8969004745293176      129.9089634798264683      -48.0848482469193783
     -19.8014301247459876      129.8876945108385996      -48.1406175025766743
     -19.7155935285983936      129.8685509638481790      -48.1907540166874782
     -19.6389868315686620      129.8514494722547852      -48.2354946390827024
     -19.5711817566490396      129.8363000315146110      -48.2750906849109285
     -19.5117333392268968      129.8230018262076157      -48.3098194846208244
     -19.4630597612791050      129.8094990895995409      -48.3452544234881714
     -19.4259272475303391      129.7948275791497679      -48.3839933519350467
     -19.3985571521916320      129.7797239221860082      -48.4240224219179822
     -19.3794745836610858      129.7647048001278733      -48.4639292462296538
     -19.3673918075734903      129.7501464129412057      -48.5026857542937648
     -19.3611448655311378      129.7363281663233465      -48.5395284122098190
     -19.3596553596771273      129.7234595018018695      -48.5738844494948268
     -19.3619046456913537      129.7116984685143564      -48.6053207412540687
     -19.3669133910215052      129.7011667834433126      -48.6335024599574908
     -19.3737211011444046      129.6919650243816875      -48.6581516275197998
     -19.3813588311071818      129.6841925522008410      -48.6789931670966141
     -19.3888037574191827      129.6779798559065000      -48.6956677479603357
     -19.3955854073106764      129.6730774169258780      -48.7088365135834991
