  -60.310095074533436        89.506662173205726        126.79891462950832     
  -58.786095074533435        89.449808892119123        126.71837387242816     
  -57.262095074533434        89.392955611032519        126.63783311534800     
  -55.738095074533433        89.336102329945916        126.55729235826784     
  -49.629600286567523        89.108223083754112        126.23446900207166     
  -49.619218856569866        89.107835801367145        126.23392036149976     
  -49.604306592402445        89.107279910753647        126.23313286339909     
  -49.584068736265259        89.106526279483859        126.23206523753932     
  -49.557724917124560        89.105546620150534        126.23067741077971     
  -49.524511263870572        89.104313661663682        126.22893074971647     
  -49.483682475117213        89.102801326644922        126.22678831193117     
  -49.434513840003660        89.100984912530635        126.22421510238152     
  -49.376303204501518        89.098841273804041        126.22117833110856     
  -49.308372877905747        89.096349002664766        126.21764766808036     
  -49.230071474398770        89.093488590376538        126.21359546927665     
  -49.140775684841444        89.090238222816694        126.20899081523370     
  -49.039891974277630        89.086577225382300        126.20380438077777     
  -48.926858201071390        89.082489511982288        126.19801330120347     
  -48.801145154156018        89.077961071507488        126.19159757565542     
  -48.662258005609054        89.072980117255682        126.18454021649197     
  -48.509737676723148        89.067537245075343        126.17682736878571     
  -48.343162116982931        89.061625607806349        126.16844838764457     
  -48.162147496947824        89.055241117890631        126.15939585730021     
  -47.966349318061880        89.048382695862728        126.14966553126888     
  -47.755463444953442        89.041052590167780        126.13925616718024     
  -47.529227068956146        89.033256803800569        126.12816922288798     
  -47.287419615509343        89.025005676099084        126.11640837196720     
  -47.029863612944254        89.016314684268821        126.10397878630286     
  -46.756425546156770        89.007205549652610        126.09088612068987     
  -46.467016726123866        88.997707759513929        126.07713511843951     
  -46.161594215611380        88.987860647799593        126.06272773679635     
  -45.840161863469945        88.977716220506565        126.04766066474110     
  -45.502771515779763        88.967342966880238        126.03192207067842     
  -45.149524493673184        88.956830973246767        126.01548736898529     
  -44.780573404526400        88.946299043396834        125.99831412270126     
  -44.396123894442049        88.935907324901024        125.98033983414096     
  -43.996437864102738        88.925869416455456        125.96147245761107     
  -43.581837545462633        88.916464913832954        125.94157686378873     
  -43.152707872349737        88.908049638526592        125.92046697183191     
  -42.709496626141132        88.901058561265302        125.89790294858254     
  -42.252712242879682        88.896000955762361        125.87359371760459     
  -41.782919156209978        88.893447348865934        125.84720508722482     
  -41.300731088631736        88.894009706383557        125.81837252516848     
  -40.806803117324812        88.898317731317377        125.78671662849649     
  -40.301823404113648        88.906994369087556        125.75185919643353     
  -39.786505257191592        88.920632840416104        125.71343835010072     
  -39.261579885542105        88.939776454247280        125.67112187653767     
  -38.727790079764603        88.964902013929802        125.62461827866572     
  -38.185886121385082        88.996411068698265        125.57368248005631     
  -37.636624465854126        89.034630939456548        125.51811706993723     
  -37.080766260048719        89.079818065519305        125.45777445461606     
  -36.519075432348409        89.132156756146983        125.39255298177846     
  -35.952317049904288        89.191759985373736        125.32239564266510     
  -35.381255783383011        89.258671073019016        125.24728909534498     
  -34.806654496857234        89.332866018685735        125.16726234611438     
  -34.229272989470573        89.414256556126617        125.08238502949317     
  -33.649866900059820        89.502693939822990        124.99276526176200     
  -33.069186774794687        89.597973435515698        124.89854706775932     
  -32.487977289557456        89.699839456464119        124.79990739949190     
  -31.906976599929763        89.807991418492392        124.69705299849507     
  -31.326915741463171        89.922090932388031        124.59021815705340     
  -30.748518207849077        90.041768244622858        124.47966064496377     
  -30.172499376689160        90.166627926406079        124.36565777439515     
  -29.599565435911483        90.296251940254152        124.24850289163800     
  -29.030412048783266        90.430202787604600        124.12850345159491     
  -28.465723038472699        90.568026766994905        124.00597915472031     
  -27.906169106064777        90.709257260351350        123.88126002260150     
  -27.352406580434760        90.853418018836962        123.75468442506535     
  -26.805076198513966        91.000026420975814        123.62659707216257     
  -26.264801914633431        91.148596677200032        123.49734698480751     
  -25.732189738367026        91.298642954591429        123.36728545556132     
  -25.207826646490240        91.449682239880701        123.23676379579922     
  -24.692279505839551        91.601237131276989        123.10613117809656     
  -24.186093969270630        91.752838664980771        122.97573276505280     
  -23.689793396554080        91.904028992552597        122.84590788625978     
  -23.203877752585271        92.054364055661779        122.71698850135228     
  -22.728822596347044        92.203415848280684        122.58929744036077     
  -22.265078110193979        92.350774508894617        122.46314669489475     
  -21.813068215974699        92.496050407025677        122.33883566300732     
  -21.373189749690749        92.638876114995483        122.21664942969791     
  -20.945811635933072        92.778908057713068        122.09685724687498     
  -20.531274058472736        92.915827820971515        121.97971123765660     
  -20.129887632172032        93.049343128911943        121.86544532651749     
  -19.741932582594142        93.179188506093396        121.75427439280689     
  -19.367657940724619        93.305125643715868        121.64639364147007     
  -19.007280758976908        93.426943516208524        121.54197821195676     
  -18.660985325108197        93.544458632849413        121.44118348258274     
  -18.328922463403760        93.657514567315786        121.34414488910747     
  -18.011208878777794        93.765981392766520        121.25097802641645     
  -17.707926596751335        93.869754556754827        121.16177839593746     
  -17.419122463099960        93.968753744141338        121.07662143575152     
  -17.144807694596327        94.062921958140279        120.99556306774745     
  -16.884957517725923        94.152224530115447        120.91864033326476     
  -16.639510903562918        94.236648080874431        120.84587209380045     
  -16.408370402568867        94.316199445351472        120.77725978617249     
  -16.191402075316418        94.390904547644908        120.71278824068939     
  -15.988435533426568        94.460807275423093        120.65242652300479     
  -15.799264104973959        94.525968403084676        120.59612875892456     
  -15.623645127073011        94.586464575550764        120.54383493038884     
  -15.461300366226704        94.642387358525070        120.49547163564782     
  -15.311916565842205        94.693842358190068        120.45095280900144     
  -15.175146119159603        94.740948410521796        120.41018039781856     
  -15.050607864697442        94.783836837665490        120.37304499688942     
  -14.937888000190386        94.822650766114819        120.33942644249525     
  -14.836541109905083        94.857544498841264        120.30919437082983     
  -14.746091299233237        94.888682931240311        120.28220874740938     
  -14.666033429687472        94.916240999146041        120.25832037556873     
  -14.595834446862009        94.940403165462982        120.23737141764771     
  -14.534934745634770        94.961370762301357        120.21920625859740     
  -14.482749745744151        94.979348085009235        120.20365434702748     
  -14.438671466767040        94.994540023071821        120.19052830155688     
  -14.402070105581005        95.007160075315326        120.17963572134907     
  -14.372295728626201        95.017429613072892        120.17077948372064     
  -14.348680019342678        95.025577130502256        120.16375806347622     
  -14.330538075745336        95.031837485070795        120.15836587660978     
  -14.317170253151906        95.036451131725372        120.15439365029587     
  -14.307864047056100        95.039663354435334        120.15162882058132     
  -14.301896011074007        95.041723498756085        120.14985595877602     
  -14.298533704813716        95.042884208905193        120.14885722718326     
  -14.297037666440840        95.043400672622226        120.14841286445503     
  -8.2006634046434126        97.147996496340767        118.33762943242050     
  -6.6766634046434117        97.674113151521539        117.88496136581020     
  -5.1526634046434125        98.200229806702310        117.43229329919990     
  -3.6286634046434116        98.726346461883082        116.97962523258960     
