     -25.8321801863554512       31.8990811975210704      -97.8108372042999576
     -25.8323708062549748       31.8859481588537506      -97.8151064009004614
     -25.8334943774286145       31.8697294592579219      -97.8203158196813547
     -25.8361868156806018       31.8500574340360494      -97.8265403989499589
     -25.8410899451898217       31.8275919074819313      -97.8335196918068988
     -25.8488386607183536       31.8029050690391095      -97.8410225083109708
     -25.8600600865039318       31.7765685982171036      -97.8488186844476218
     -25.8753724190406906       31.7492072834792687      -97.8566618273162447
     -25.8953836666290655       31.7215400174146041      -97.8642762097820764
     -25.9206904149987523       31.6944206691920165      -97.8713437266338104
     -25.9518767227572376       31.6688887769372940      -97.8774876602161328
     -25.9895132805784428       31.6462430356990758      -97.8822490123398268
     -26.0341570729622127       31.6281610923680212      -97.8850477166005106
     -26.0863520623166885       31.6169173593251394      -97.8851118306513257
     -26.1465754051716281       31.6101257655897356      -97.8831780308037480
     -26.2152525230491129       31.6023912444802875      -97.8809555762190087
     -26.2928388141207563       31.5936487393493657      -97.8784286094230964
     -26.3797654636156906       31.5838481895351499      -97.8755769745390296
     -26.4764381268874303       31.5729422805547983      -97.8723801831751956
     -26.5832358056739047       31.5608866218082547      -97.8688173629322193
     -26.7005097972490475       31.5476399340868667      -97.8648672098611172
     -26.8285827221726052       31.5331642544816511      -97.8605079659880914
     -26.9677476323901715       31.5174251565788772      -97.8557174139709360
     -27.1182671955052008       31.5003919691674810      -97.8504728366357170
     -27.2803729655416838       31.4820380129034270      -97.8447510029266141
     -27.4542647406489380       31.4623408498271537      -97.8385281672634619
     -27.6401100095282608       31.4412825439719121      -97.8317800813418472
     -27.8380434990278189       31.4188499539949753      -97.8244820898244427
     -28.0481668169322411       31.3950350396511375      -97.8166092617203020
     -28.2705481626857811       31.3698351201370507      -97.8081363745306902
     -28.5052221399115098       31.3432531544431399      -97.7990379836615347
     -28.7521896774143215       31.3152980411771651      -97.7892885855275154
     -29.0114180766542198       31.2859849648027115      -97.7788629716547035
     -29.2828410897582820       31.2553356096228256      -97.7677362316307779
     -29.5663591078229651       31.2233783827965397      -97.7558838626670763
     -29.8618395077146808       31.1901487182780919      -97.7432822298974600
     -30.1691170530755883       31.1556892857874068      -97.7299088466794927
     -30.4879943248091152       31.1200500604918133      -97.7157423533676024
     -30.8182423620427528       31.0832885289892928      -97.7007630770107625
     -31.1596013478591622       31.0454697814477463      -97.6849534066037961
     -31.5117812861675723       31.0066664080310801      -97.6682977411294075
     -31.8744629519606839       30.9669585875081879      -97.6507832449887161
     -32.2472987610552408       30.9264339000447421      -97.6323999521528094
     -32.6299137505911432       30.8851871001666076      -97.6131409699171826
     -33.0219067609879531       30.8433199697281744      -97.5930031693211077
     -33.4228514445951532       30.8009408072325819      -97.5719869646687812
     -33.8322976286810260       30.7581641470884506      -97.5500970559824907
     -34.2497724998678024       30.7151101338374986      -97.5273422981669995
     -34.6747820155783018       30.6719039832554934      -97.5037360476781316
     -35.1068122813654355       30.6286753031488246      -97.4792962689050029
     -35.5453309683199805       30.5855573186151410      -97.4540455293000889
     -35.9897888528689833       30.5426861079734522      -97.4280112029968848
     -36.4396212562037860       30.5001996453517101      -97.4012252114248014
     -36.8942496887476992       30.4582369308285514      -97.3737241704031504
     -37.3530833262848958       30.4169369199779247      -97.3455489968153813
     -37.8155207117310823       30.3764375570516556      -97.3167449149862023
     -38.2809512706518547       30.3368746485452121      -97.2873609887990654
     -38.7487570359524724       30.2983808316113006      -97.2574499585689694
     -39.2183141979541219       30.2610844463206590      -97.2270677354086956
     -39.6889948276425599       30.2251084875632152      -97.1962730797024790
     -40.1601684523330889       30.1905695290374680      -97.1651270820964896
     -40.6312037511497977       30.1575767158494550      -97.1336927225621736
     -41.1014700384709499       30.1262307765671480      -97.1020343697899762
     -41.5703388273763323       30.0966230617513339      -97.0702173008180011
     -42.0371854013764334       30.0688346453152739      -97.0383072304363594
     -42.5013904508603204       30.0429355077829605      -97.0063698172523772
     -42.9623416483601943       30.0189838385496230      -96.9744702319590033
     -43.4194352520982108       29.9970254364205573      -96.9426726935619030
     -43.8720776579212952       29.9770932580564420      -96.9110401113522926
     -44.3196869568016680       29.9592070654113414      -96.8796336577710946
     -44.7616944441708142       29.9433732607826890      -96.8485125480507634
     -45.1975461066632747       29.9295847806810507      -96.8177336069412178
     -45.6267040659181475       29.9178212541997688      -96.7873512926947654
     -46.0486480585783227       29.9080973312612954      -96.7574022547737940
     -46.4628772787240933       29.9007603196470839      -96.7278138140251826
     -46.8689106915669882       29.8962534710355179      -96.6984765111203757
     -47.2662883068410267       29.8949428425723198      -96.6692984914683393
     -47.6545733126274840       29.8971152044401975      -96.6402053170636748
     -48.0333538753550542       29.9029785864155784      -96.6111407451476509
     -48.4022446922827214       29.9126636692874932      -96.5820660623493978
     -48.7608884533877358       29.9262264637636513      -96.5529596715720260
     -49.1089570943111156       29.9436521292168329      -96.5238168025963574
     -49.4461526215477676       29.9648593286015092      -96.4946478715409057
     -49.7722076392608983       29.9897057688815778      -96.4654781520547857
     -50.0868854607477871       30.0179939849679123      -96.4363463026628409
     -50.3899800346530569       30.0494775232361171      -96.4073027614543747
     -50.6813158841477787       30.0838677020463052      -96.3784089631721770
     -50.9607478982299398       30.1208402503547035      -96.3497355300326319
     -51.2281616092774925       30.1600420785597194      -96.3213604667939336
     -51.4834737739335111       30.2010983762548157      -96.2933679441834869
     -51.7266327924344864       30.2436195505616325      -96.2658464624519326
     -51.9576189836224529       30.2872079663747371      -96.2388867218476634
     -52.1764447821448130       30.3314646595783728      -96.2125801476963431
     -52.3831548150107054       30.3759956621057867      -96.1870172765886622
     -52.5778258620704833       30.4204178467713007      -96.1622860276601727
     -52.7605667101423137       30.4643642453906160      -96.1384699811228813
     -52.9315179217901246       30.5074888774035138      -96.1156470012854953
     -53.0908515077265974       30.5494709653101104      -96.0938879828669883
     -53.2387705013535282       30.5900184803783830      -96.0732556652021827
     -53.3755084435511478       30.6288710295655981      -96.0538036236799968
     -53.5013287787001630       30.6658020676767897      -96.0355754158416062
     -53.6165241660337699       30.7006204505860154      -96.0186039151393231
     -53.7214157171284512       30.7331713985588664      -96.0029109899117117
     -53.8163521489799237       30.7633368174629922      -95.9885072675858453
     -53.9017088598550416       30.7910350439678915      -95.9753920617450831
     -53.9778869320435604       30.8162200698411759      -95.9635534754398805
     -54.0453120644748140       30.8388802995732902      -95.9529686669076796
     -54.1044334382621557       30.8605932229097277      -95.9431036760530418
     -54.1557225183244952       30.8831210437657191      -95.9333635031627807
     -54.1996717944002668       30.9060935737598932      -95.9238384091403020
     -54.2367934648282670       30.9291714039003374      -95.9146091587352458
     -54.2676180666248271       30.9520470789522300      -95.9057465464939156
     -54.2926930555208216       30.9744390299358088      -95.8973132537019239
     -54.3125813397213264       30.9960857380089472      -95.8893656386966455
     -54.3278597713108695       31.0167394441189153      -95.8819556861272702
     -54.3391175992881301       31.0361584810204931      -95.8751334164921047
     -54.3469548883112523       31.0540966983715698      -95.8689502535942637
     -54.3519809073877482       31.0702870037290602      -95.8634643186165789
     -54.3548124927949701       31.0844124717029366      -95.8587497772057304
     -54.3560723895909064       31.0960516002939436      -95.8549145961492712
     -54.3563875761408966       31.1054877241489010      -95.8518378879455497
     -54.3560723895909064       31.1149323810090692      -95.8487874742734931
     -54.3548124927949701       31.1266056218731464      -95.8450574104907957
     -54.3519809073877482       31.1408077752600434      -95.8405791758640788
     -54.3469548883112523       31.1571342606532973      -95.8355128808813248
     -54.3391175992881372       31.1752849944764989      -95.8299845893880473
     -54.3278597713109335       31.1950096514432005      -95.8241040907098665
     -54.3125813397217314       31.2160787904270300      -95.8179742982469094
     -54.2926930555230030       31.2382674231383213      -95.8116966288475425
     -54.2676180666344621       31.2613444769612734      -95.8053744865635366
     -54.2367934648647747       31.2850651732721801      -95.7991158148579132
     -54.1996717945221889       31.3091647911518400      -95.7930352124424189
     -54.1557225186906237       31.3333528921112610      -95.7872559110493995
     -54.1044334392661810       31.3573073184110243      -95.7819118351326182
     -54.0453120670199780       31.3806754220533648      -95.7771472959799297
     -53.9778869381096769       31.4052329924434908      -95.7724091566021656
     -53.9017088736177712       31.4325704611167644      -95.7672033347579514
     -53.8163521788511048       31.4626918560963631      -95.7615551277600048
     -53.7214157794061862       31.4955669248261998      -95.7555011800080251
     -53.6165242911861455       31.5311299736540107      -95.7490899968950089
     -53.5013290218348843       31.5692791812050473      -95.7423823157986646
     -53.3755089013368647       31.6098764380936004      -95.7354513133218035
     -53.2387713386058508       31.6527477503343242      -95.7283826053268996
     -53.0908529980914636       31.6976842152176062      -95.7212739377341677
     -52.9315205084866633       31.7444436812101642      -95.7142348086821357
     -52.7605710946013247       31.7927530568045782      -95.7073858533039896
     -52.5778331305525626       31.8423112638055876      -95.7008579542269615
     -52.3831666159451501       31.8927928380593713      -95.6947911042959447
     -52.1764635700490089       31.9438521257524677      -95.6893329251295768
     -51.9576483491277017       31.9951280664918158      -95.6846369176407023
     -51.7266779023396595       32.0462495986505047      -95.6808606938095352
     -51.4835419506538514       32.0968415264176770      -95.6781638918173769
     -51.2282630861700525       32.1465307487363745      -95.6767056991494087
     -50.9608967971170301       32.1949527738505381      -95.6766420128391530
     -50.6815314759529301       32.2417587096682041      -95.6781230842626655
     -50.3902883670380177       32.2866223347421766      -95.6812907716438872
     -50.0873214330141181       32.3292470579473985      -95.6862751475064357
     -49.7728168399926005       32.3693730620821327      -95.6931917788880497
     -49.4469918034952656       32.4067841977572897      -95.7021392163645004
     -49.1100932902476188       32.4413140834860272      -95.7131956911239570
     -48.7623966728441616       32.4728519134532618      -95.7264169320407206
     -48.4042044101212028       32.5013475359427417      -95.7418342288495552
     -48.0358448499836825       32.5268153797701132      -95.7594517779550927
     -47.6576713927255540       32.5493380178133478      -95.7792457989046113
     -47.2700617812708828       32.5690684604764158      -95.8011628646113422
     -46.8734175160522710       32.5862316370596830      -95.8251189264553886
     -46.4681633110797634       32.6011250939127137      -95.8509992750646234
     -46.0547465134849716       32.6141182817670483      -95.8786577289637023
     -45.6336369539163726       32.6256505684058027      -95.9079179907709829
     -45.2053256312248308       32.6360591594742360      -95.9386313031573650
     -44.7703225071173279       32.6453449869389303      -95.9707568531253230
     -44.3291556200721999       32.6534673801078696      -96.0042610114886799
     -43.8823698233056305       32.6603922698378213      -96.0391013828845814
     -43.4305253799806223       32.6660923652906661      -96.0752266957984347
     -42.9741965291908414       32.6705473843787715      -96.1125771364807235
     -42.5139700358336228       32.6737441624556197      -96.1510846051274939
     -42.0504436886732123       32.6756767348024084      -96.1906731688545875
     -41.5842247946043742       32.6763463489645858      -96.2312595743550077
     -41.1159286115747307       32.6757614246527197      -96.2727538625181865
     -40.6461767908636418       32.6739374584508440      -96.3150600649418180
     -40.1755957482771748       32.6708968727618938      -96.3580769664513781
     -39.7048150570320644       32.6666688152805449      -96.4016989377164890
     -39.2344656626774508       32.6612888864629198      -96.4458168044393460
     -38.7651781720829263       32.6547987889156275      -96.4903188007706376
     -38.2975811307676040       32.6472458878996079      -96.5350914667013740
     -37.8322994186749000       32.6386827674836439      -96.5800206554974636
     -37.3699525093180824       32.6291666973892944      -96.6249923674949969
     -36.9111528803898210       32.6187591431580017      -96.6698937716989946
     -36.4565042644226196       32.6075251601645206      -96.7146139126256799
     -36.0066000855887651       32.5955328822031305      -96.7590446962206414
     -35.5620217293690715       32.5828528711545360      -96.8030814339066552
     -35.1233370125017430       32.5695576018666628      -96.8466237300148407
     -34.6910985095387403       32.5557208069406130      -96.8895758699341201
     -34.2658420554446366       32.5414169642867108      -96.9318475254943195
     -33.8480851792064001       32.5267206903348978      -96.9733540521549031
     -33.4383256277726844       32.5117062122399147      -97.0140168751747325
     -33.0370399648953068       32.4964468773455835      -97.0537638261341726
     -32.6446821170040025       32.4810145975784934      -97.0925291098136825
     -32.2616821846239858       32.4654795329663912      -97.1302537896476679
     -31.8884450361797889       32.4499095194044429      -97.1668853146000941
     -31.5253492533548894       32.4343698663156346      -97.2023779695216206
     -31.1727459208962827       32.4189229128540433      -97.2366924235100356
     -30.8309576018427158       32.4036277652770863      -97.2697956429950921
     -30.5002774509233134       32.3885401402088036      -97.3016609512739592
     -30.1809682395859831       32.3737120162434948      -97.3322673485179592
     -29.8732616584602582       32.3591915915096067      -97.3615995951461031
     -29.5773576284950366       32.3450231549833376      -97.3896478929544145
     -29.2934236490478384       32.3312469120871029      -97.4164072964212124
     -29.0215943627448993       32.3178990360241016      -97.4418776847276007
     -28.7619711613732463       32.3050116591005008      -97.4660634489995061
     -28.5146218412505483       32.2926128146303881      -97.4889729395503366
     -28.2795804207387391       32.2807265158059309      -97.5106182492892088
     -28.0568470734226203       32.2693728915915941      -97.5310151069917026
     -27.8463880930976657       32.2585682186605069      -97.5501824072557326
     -27.6481359811804737       32.2483250211023460      -97.5681419085827173
     -27.4619896428096339       32.2386522087249503      -97.5849180259269247
     -27.2878146903127892       32.2295552471727618      -97.6005377057970520
     -27.1254438168063530       32.2210362844367850      -97.6150301622439969
     -26.9746772623139606       32.2130942845355790      -97.6284266350558028
     -26.8352833811531966       32.2057251888459248      -97.6407602391041678
     -26.7069992972749120       32.1989220784498968      -97.6520658297333028
     -26.5895316455837580       32.1926753364100975      -97.6623798850352074
     -26.4825573988901155       32.1869728137890263      -97.6717404195003240
     -26.3857247705101869       32.1817999795496945      -97.6801868705722711
     -26.2986541956798447       32.1771400687461693      -97.6877600025640334
     -26.2209393908699653       32.1729742337834139      -97.6945018423897409
     -26.1521484850419270       32.1692816913939339      -97.7004556239974988
     -26.0918250957796403       32.1660274687511034      -97.7056698290146812
     -26.0394366640045014       32.1578568765388368      -97.7119480620080765
     -25.9944588129189889       32.1424183072942711      -97.7201019446906400
     -25.9563931823793261       32.1220124880962103      -97.7294083440633727
     -25.9247165167531541       32.0983455625777268      -97.7393415044927707
     -25.8988843199158900       32.0727466668026651      -97.7495016060176454
     -25.8783335788881921       32.0462874889893286      -97.7595753530046068
     -25.8624850670797315       32.0198555272576897      -97.7693116999042360
     -25.8507454569867470       31.9942045590682227      -97.7785050350498892
     -25.8425093671094146       31.9699953001844008      -97.7869815856455347
     -25.8371614375572811       31.9478361977984875      -97.7945857977200461
     -25.8340785542584470       31.9283368606224300      -97.8011626082964369
     -25.8326324251931467       31.9121950098450284      -97.8065287875643321
     -25.8321801863554512       31.8990811975210704      -97.8108372042999576
