     -22.8748992581923467      101.8334680149404363       73.4481660752132512
     -22.8757344495024562      101.8416855406549502       73.4367355322084592
     -22.8776726624125786      101.8517778015013420       73.4226543423957736
     -22.8813810861934712      101.8639351549930723       73.4056273544836415
     -22.8874828358894042      101.8777038568660203       73.3862545411257230
     -22.8965982447443928      101.8926857280082601       73.3650593125830852
     -22.9093397667425123      101.9084837225288567       73.3425643961323885
     -22.9263081929824466      101.9246685314973462       73.3193385305768572
     -22.9480893804421271      101.9407531199967565       73.2960321715210767
     -22.9752510151032610      101.9561673513938018       73.2734131003754925
     -23.0083390300215989      101.9702264560748830       73.2524106012887728
     -23.0478731816731681      101.9820851970357154       73.2341795138495684
     -23.0943408810287494      101.9906629718681756       73.2202046517184186
     -23.1481872869208978      101.9945073907421715       73.2124906536761273
     -23.2198791641408739      102.1545926003300480       72.9857915445492296
     -23.2905913039953383      102.1584793539890086       72.9772159166325594
     -23.3704798136232270      102.1628610734344278       72.9675215984850070
     -23.4599898197968884      102.1677584064139239       72.9566527974386361
     -23.5595403397521075      102.1731897383245951       72.9445567772508667
     -23.6695231191744000      102.1791710241045195       72.9311840766721389
     -23.7903015394992572      102.1857156185479027       72.9164887417978349
     -23.9222095975859901      102.1928341059324623       72.9004285729773471
     -24.0655509609295386      102.2005341328903256       72.8829653887630968
     -24.2205981032798192      102.2088202660223573       72.8640653213874572
     -24.3875915176333677      102.2176938281530596       72.8436991094375657
     -24.5667390107936860      102.2271527326729625       72.8218423995029696
     -24.7582150834011188      102.2371913338803324       72.7984760666881385
     -24.9621603965755803      102.2478002872755667       72.7735865459779063
     -25.1786813335394015      102.2589664697564018       72.7471662054571340
     -25.4078496541829324      102.2706728991415730       72.7192137133520617
     -25.6497022522128368      102.2828985916423221       72.6897343538536518
     -25.9042410074903167      102.2956184770053198       72.6587403725452390
     -26.1714327398349766      102.3088034234539379       72.6262513772147287
     -26.4512092574167710      102.3224202508299641       72.5922946988302016
     -26.7434674865706796      102.3364316354243329       72.5569056358973654
     -27.0480697278359266      102.3507961833725091       72.5201277699703013
     -27.3648440339709431      102.3654686353861081       72.4820133164670466
     -27.6935846444250018      102.3803998218731124       72.4426232317660208
     -28.0340525612034206      102.3955368419613023       72.4020274033575788
     -28.3859762512432034      102.4108233853975491       72.3603048564852571
     -28.7490523884823936      102.4261997552765564       72.3175436566070573
     -29.1229467733155403      102.4416032690675422       72.2738409794132650
     -29.5072953199777643      102.4569685426723424       72.2293029914582121
     -29.9017051240910057      102.4722277049466896       72.1840445699416904
     -30.3057557008929201      102.4873109561464730       72.1381891489141793
     -30.7190002130510713      102.5021467426714423       72.0918681762246223
     -31.1409668638068098      102.5166623577989640       72.0452207467714913
     -31.5711601742426566      102.5307842681977633       71.9983928949330192
     -32.0090624437815308      102.5444386815032658       71.9515369068095794
     -32.4541352708883934      102.5575520270944594       71.9048104436832176
     -32.9058211563400036      102.5700514817141027       71.8583755790265855
     -33.3635451569812318      102.5818655300237197       71.8123977516565475
     -33.8267165766790114      102.5929244587638038       71.7670445759925855
     -34.2947307137919708      102.6031609328267109       71.7224846274543495
     -34.7669706232436084      102.6125104965886266       71.6788861093880172
     -35.2428089205103063      102.6209121300655909       71.6364155101243654
     -35.7216095913602345      102.6283087157307676       71.5952361688517982
     -36.2027298178390708      102.6346475546415178       71.5555068679502995
     -36.6855218106157892      102.6398807824676993       71.5173803691666308
     -37.1693346267064939      102.6439658469974034       71.4810020286848697
     -37.6535159963637085      102.6468658296001877       71.4465083620122812
     -38.1374141780285072      102.6485498901185451       71.4140257809585535
     -38.6203805431127449      102.6489933855372669       71.3836693075495958
     -39.1017721411779178      102.6481781323834497       71.3555417162452557
     -39.5809535586950005      102.6460922744161195       71.3297325947169440
     -40.0572985999733362      102.6427305341672991       71.3063178126149069
     -40.5301919236404302      102.6380939432862363       71.2853587772833492
     -40.9990305764704104      102.6321900917423022       71.2669022078470249
     -41.4632254801732287      102.6250327356428471       71.2509796293991826
     -41.9222028408945420      102.6166420286451739       71.2376074733491009
     -42.3754055274667465      102.6070440033947335       71.2267868373603221
     -42.8222944251796207      102.5962707796866908       71.2185039382571432
     -43.2623498127478925      102.5843599009440226       71.2127301582824543
     -43.6950720171867104      102.5712976760509179       71.2095047445235849
     -44.1199792575716856      102.5566680211764350       71.2094397892933557
     -44.5366161088695591      102.5399310708216376       71.2133193897195014
     -44.9445549765282948      102.5206269802510946       71.2218048558346197
     -45.3433899492246368      102.4983794430531674       71.2354308617897942
     -45.7327334473010865      102.4728965025243355       71.2546039799761246
     -46.1122136155124309      102.4439706014197071       71.2796031697670429
     -46.4814721360125489      102.4114775899392100       71.3105819495589657
     -46.8401632184894794      102.3753742058735270       71.3475718473820706
     -47.1879546123440647      102.3356954324497678       71.3904881143105143
     -47.5245309830057110      102.2925497843915252       71.4391364001263867
     -47.8495992334783651      102.2461141355341283       71.4932215302346776
     -48.1628945216191511      102.1966275074896231       71.5523578389344692
     -48.4641859436347175      102.1443833895423694       71.6160804173366472
     -48.7532821553500924      102.0897220387840463       71.6838579420948179
     -49.0300326711356291      102.0330220699231489       71.7551059801420905
     -49.2943265008449529      101.9746916523622815       71.8292000280764000
     -49.5460910177811513      101.9151603479379844       71.9054886228462209
     -49.7852910504084036      101.8548709753995070       71.9833058851589556
     -50.0119281077030138      101.7942715038417418       72.0619832869055301
     -50.2260396912242868      101.7338073684446869       72.1408607185794182
     -50.4276986605199298      101.6739144304293063       72.2192968304985641
     -50.6170126143907169      101.6150123130817207       72.2966782969259043
     -50.7941232714070736      101.5574983033430811       72.3724280017977435
     -50.9592058330039634      101.5017418533272462       72.4460120647439823
     -51.1124683251381029      101.4480800700615504       72.5169459101330460
     -51.2541508981987661      101.3968138641598671       72.5847991030052668
     -51.3845250775949296      101.3482048192721265       72.6491989846425241
     -51.5038929600147242      101.3024728580818703       72.7098331816847576
     -51.6125863501961604      101.2597946974180445       72.7664510325929257
     -51.7109658345547345      101.2203030759765596       72.8188639956078845
     -51.7994197894939603      101.1840866983083771       72.8669450978345736
     -51.8783633233695980      101.1511908559967168       72.9106275184032739
     -51.9482371521548956      101.1216186784125597       72.9499024101296385
     -52.0095064080321166      100.9486586233317382       73.1875538424798719
     -52.0626593947552863      100.9331970046300455       73.2075780322612246
     -52.1082062585174057      100.9176044574732316       73.2279653209808430
     -52.1466776280916875      100.9020850641184097       73.2484187112523699
     -52.1786231833607843      100.8868228655489503       73.2686694743486555
     -52.2046101769504176      100.8719856576146157       73.2884718013496581
     -52.2252219083171454      100.8577286460404565       73.3075976565135079
     -52.2410561543501331      100.8441984008327381       73.3258312299289940
     -52.2527235606797902      100.8315377027300457       73.3429621775407838
     -52.2608459980010807      100.8198922624998914       73.3587763035664722
     -52.2660548878202178      100.8094212218130252       73.3730410660922701
     -52.2689895021193394      100.8003156320356624       73.3854801454836689
     -52.2702952415067088      100.7928335112158038       73.3957252682691745
     -52.2706218964802005      100.7867812034669726       73.4040282998429348
     -52.2702952415067159      100.7807355947136898       73.4123362103626533
     -52.2689895021193394      100.7732802566784756       73.4226008393200829
     -52.2660548878202178      100.7642348888650474       73.4350837789746436
     -52.2608459980010807      100.7538708378564820       73.4494264631611742
     -52.2527235606797689      100.7423924780338069       73.4653622755312057
     -52.2410561543498915      100.7299723079819103       73.4826684021459755
     -52.2252219083155396      100.7167694858546128       73.5011404410899445
     -52.2046101769418769      100.7029404028381236       73.5205779609334513
     -52.1786231833229976      100.6886454897349523       73.5407752467201590
     -52.1466776279484634      100.6740541639206157       73.5615146131862758
     -52.1082062580391536      100.6593488958610294       73.5825609390486761
     -52.0626593933192154      100.6447289861131082       73.6036566091797084
     -52.0095064040940542      100.6304144915252152       73.6245162603721752
     -51.9482371330495241      100.4572925518825173       73.8620497888064875
     -51.8783632778345520      100.4289852169464581       73.9022458736772023
     -51.7994196861862619      100.3975026974545699       73.9469576206808483
     -51.7109656103353075      100.3628524577045198       73.9961793323523409
     -51.6125858827350399      100.3250842073095015       74.0498473906927757
     -51.5038920206313620      100.2842915939185389       74.1078383946435082
     -51.3845232526877282      100.2406133664952108       74.1699681278763876
     -51.2541474622624449      100.1942339255616901       74.2359914328681043
     -51.1124620412666175      100.1453831856219949       74.3056030549975475
     -50.9591946476304827      100.0943357126614615       74.3784395258408892
     -50.7941038585628775      100.0414090839588255       74.4540821173113301
     -50.6169797107231858       99.9869614351391363       74.5320608821449042
     -50.4276441154638988       99.9313881065484537       74.6118597246436508
     -50.2259511368186864       99.8751173463104607       74.6929224442767890
     -50.0117871292035474       99.8186054435598606       74.7746599697082814
     -49.7850707113870286       99.7623309920330712       74.8564584615402993
     -49.5457525605241855       99.7067883666071992       74.9376882077736894
     -49.2938150021079053       99.6524803758917415       75.0177131075575687
     -49.0292713801920712       99.5999105340520003       75.0959008609820557
     -48.7521651674921159       99.5495749419866200       75.1716336051846810
     -48.4625687530460709       99.5019536290100604       75.2443185914474952
     -48.1605818258545284       99.4575016195803556       75.3133987673396632
     -47.8463293894557395       99.4166406003240581       75.3783635502587970
     -47.5199622493210185       99.3797503559986808       75.4387589470442634
     -47.1816616191535374       99.3471598676085819       75.4941972966991841
     -46.8316436337560162       99.3191391441889522       75.5443674540113648
     -46.4701639709234726       99.2958906201910310       75.5890442633067039
     -46.0975215872851365       99.2775409098962314       75.6280976673427148
     -45.7140603597633657       99.2641337426696140       75.6615016386356558
     -45.3201681457645051       99.2556228459459078       75.6893414149286201
     -44.9162737167987132       99.2518670085473644       75.7118201549206304
     -44.5028423515949711       99.2526259888477682       75.7292635214130740
     -44.0803708823521347       99.2575581938402536       75.7421225694511691
     -43.6493818898557180       99.2662202367877313       75.7509747749279967
     -43.2104149782633513       99.2780691032647411       75.7565210179126609
     -42.7640256171557951       99.2926801012397533       75.7593010875230135
     -42.3107908345458199       99.3100425547005727       75.7593050159191534
     -41.8513042128016721       99.3301872203818590       75.7564622894327044
     -41.3861735829621082       99.3531251668127879       75.7507210907195230
     -40.9160193633040308       99.3788481148142893       75.7420487727482623
     -40.4414727976365285       99.4073282175727826       75.7304315740539664
     -39.9631741383732120       99.4385187804364392       75.7158747136029859
     -39.4817708186312970       99.4723545408160561       75.6984018171218196
     -38.9979156190984071       99.5087527261800062       75.6780546139923871
     -38.5122648717608840       99.5476138083988218       75.6548920979155071
     -38.0254766862963223       99.5888228402758386       75.6289898481266505
     -37.5382092346190674       99.6322506236628556       75.6004389667481433
     -37.0511191461879221       99.6777552386033960       75.5693450705767589
     -36.5648606307266419       99.7251834463075255       75.5358271024234114
     -36.0800845768952030       99.7743721709606319       75.5000162662493750
     -35.5974369353401840       99.8251499756021161       75.4620548961637070
     -35.1175570837491335       99.8773386102346592       75.4220952799538509
     -34.6410761804990415       99.9307545611190164       75.3802984104286367
     -34.1686155999006687       99.9852106231814588       75.3368327097086592
     -33.7007853363389955      100.0405174120264178       75.2918726916317098
     -33.2381825156000517      100.0964849088416315       75.2455976600483467
     -32.7813898598458024      100.1529238415111536       75.1981903211652281
     -32.3309742782643212      100.2096471289055870       75.1498355056149023
     -31.8874854055717556      100.2664710805625816       75.1007187918626045
     -31.4514542757350313      100.3232167075154848       75.0510253190191889
     -31.0233919484281557      100.3797106920039539       75.0009384684013867
     -30.6037882643602117      100.4357864779069018       74.9506387760791455
     -30.1931105804979687      100.4912850347807023       74.9003027550145646
     -29.7918025633035803      100.5460556675323716       74.8501019101843355
     -29.4002829823564618      100.5999566503215732       74.8002017710792870
     -29.0189446352233915      100.6528556829003804       74.7507609622274316
     -28.6481534204396553      100.7046304410786490       74.7019305350813170
     -28.2882473727540180      100.7551686562504329       74.6538531416505720
     -27.9395358539352365      100.8043684918381615       74.6066626164297304
     -27.6022987302666500      100.8521384925569748       74.5604834224824629
     -27.2767856330014737      100.8983975396211719       74.5154302747261710
     -26.9632153238586554      100.9430749010666091       74.4716079949470213
     -26.6617750614319959      100.9861098687447623       74.4291112105681236
     -26.3726200869305352      101.0274515746660597       74.3880243217441262
     -26.0958731929189263      101.0670587907318207       74.3484215768435774
     -25.8316243273470114      101.1048994393401728       74.3103670407887904
     -25.5799303078596196      101.1409502362065638       74.2739147514642752
     -25.3408146339248077      101.1751963946808957       74.2391089962761157
     -25.1142673554665556      101.2076311225678609       74.2059844964467032
     -24.9002450382065241      101.2382551639162074       74.1745666706295310
     -24.6986708379774171      101.2670763963808866       74.1448719737613686
     -24.5094346763014990      101.2941094592809606       74.1169082840818731
     -24.3323934746284500      101.3193752841145283       74.0906752291288910
     -24.1673714826306600      101.3429006768686378       74.0661645476507715
     -24.0141607029510560      101.3647179438692945       74.0433604734399324
     -23.8725214080832338      101.3848645377906621       74.0222401177578035
     -23.7421827495430797      101.4033827380786050       74.0027738560646071
     -23.6228434529244140      101.4203193253649999       73.9849256863025317
     -23.5141725998034943      101.4357252764392143       73.9686535763211452
     -23.4158104963336307      101.4496554982704737       73.9539098133837314
     -23.3273696240014097      101.4621685823670276       73.9406413427403777
     -23.2484356698054704      101.4733265772552357       73.9287900953590764
     -23.1785686329856908      101.4831947768284266       73.9182933057214910
     -23.1269901781618827      101.6500095859358339       73.6909762862609767
     -23.0738935826750939      101.6583577928958420       73.6817672057528625
     -23.0287201432432234      101.6708192281114265       73.6665285868392630
     -22.9908480771038128      101.6859758259064961       73.6472425528337737
     -22.9596593544399852      101.7027855573474824       73.6253727457396394
     -22.9345327905536287      101.7204455100364555       73.6020539533139839
     -22.9148409704232137      101.7383165022787068       73.5781963149469789
     -22.8999490046467322      101.7558767759270779       73.5545491760714896
     -22.8892142044675140      101.7726900122750351       73.5317450844462428
     -22.8819861703093608      101.7883795284337367       73.5103352394136920
     -22.8776069053260578      101.8026024160756151       73.4908250612590592
     -22.8754104667034248      101.8150157806018115       73.4737207761997126
     -22.8747213439139792      101.8252219819966058       73.4596052148413037
     -22.8748992581923467      101.8334680149404363       73.4481660752132512
