     -43.1263041711776793      -43.4425723057713427      -33.8175563032640767
     -43.1243801474181723      -43.4466458881570219      -33.8118913962439436
     -43.1224543926457002      -43.4517999239248667      -33.8048359267911138
     -43.1207927502649966      -43.4582360142682873      -33.7961889085574754
     -43.1198221380942783      -43.4658399655968282      -33.7861910593071215
     -43.1199524693159688      -43.4745236993773148      -33.7750457410067426
     -43.1215896413180175      -43.4841983641477228      -33.7629565313711382
     -43.1251432141838080      -43.4947577527295905      -33.7501504174167835
     -43.1310321005653208      -43.5060656197801450      -33.7368955889825273
     -43.1396902571780316      -43.5179430667364713      -33.7235192110142421
     -43.1515739623501418      -43.5301529474337130      -33.7104294581072708
     -43.1671727474976379      -43.5423773200671320      -33.6981474059174531
     -43.1870277275908876      -43.5541807452563674      -33.6873589178748531
     -43.2117655636337616      -43.5649435935316731      -33.6790088227110758
     -43.2412628431056021      -43.5754656306531061      -33.6720376431339830
     -43.2749074637276507      -43.5874604206977310      -33.6640905248444611
     -43.3129225264897428      -43.6010112896126216      -33.6551080844544046
     -43.3555216380622923      -43.6161934779406337      -33.6450388924821553
     -43.4029064248030281      -43.6330776942601517      -33.6338342860560289
     -43.4552660625801579      -43.6517298788380117      -33.6214485398789762
     -43.5127768518352269      -43.6722109648438845      -33.6078390534261899
     -43.5756018395615143      -43.6945766347474063      -33.5929665585973183
     -43.6438904897338205      -43.7188770700180953      -33.5767953514361182
     -43.7177784036145596      -43.7451566929296192      -33.5592935506910024
     -43.7973870909518936      -43.7734539002631706      -33.5404333852386287
     -43.8828237841343665      -43.8038007999376973      -33.5201915194572067
     -43.9741813053538237      -43.8362229396995176      -33.4985494073086869
     -44.0715380003201531      -43.8707390125801666      -33.4754936611125871
     -44.1749577155445081      -43.9073605682484072      -33.4510164535051331
     -44.2844898149503834      -43.9460917231607908      -33.4251159437575396
     -44.4001691988109002      -43.9869288706202752      -33.3977967176315076
     -44.5220163715916897      -44.0298604174283597      -33.3690702170867084
     -44.6500375644108445      -44.0748665472347128      -33.3389551614459307
     -44.7842248867749149      -44.1219190074343004      -33.3074779586568752
     -44.9245565017327237      -44.1709809252788546      -33.2746730978794787
     -45.0709968190025023      -44.2220066592962482      -33.2405835138071524
     -45.2234967003087363      -44.2749416921325718      -33.2052609126253273
     -45.3819936710047784      -44.3297225708453055      -33.1687660491452192
     -45.5464121320589896      -44.3862769004584763      -33.1311689444569950
     -45.7166635666503041      -44.4445233962501263      -33.0925490334375922
     -45.8926467359613994      -44.5043719997705125      -33.0529952316418516
     -46.0742478592777474      -44.5657240630011273      -33.0126059115072295
     -46.2613407742006615      -44.6284726043644895      -32.9714887784217154
     -46.4537870736594769      -44.6925026394964746      -32.9297606380434829
     -46.6514362174553057      -44.7576915888138132      -32.8875470473187974
     -46.8541256177854777      -44.8239097630909598      -32.8449818428646054
     -47.0616807689953589      -44.8910209405906926      -32.8022065400246774
     -47.2739155903323578      -44.9588830324548496      -32.7593696421703058
     -47.4906326962216170      -45.0273487306798472      -32.7166259338794561
     -47.7116235883314701      -45.0962661717015791      -32.6741357088530506
     -47.9366688487610020      -45.1654796420460656      -32.6320639119930291
     -48.1655383392010066      -45.2348303227162845      -32.5905791984549040
     -48.3979914097375854      -45.3041570681503885      -32.5498529138724990
     -48.6337771215455916      -45.3732972153533893      -32.5100580010240634
     -48.8726344882549881      -45.4420874186041246      -32.4713678393071987
     -49.1142927412526760      -45.5103645049688907      -32.4339550245037671
     -49.3584716245905355      -45.5779663457035582      -32.3979900974378765
     -49.6048817254861802      -45.6447327384886137      -32.3636402312506775
     -49.8532248466123988      -45.7105062953092443      -32.3310678881183549
     -50.1031944264526459      -45.7751333306551018      -32.3004294573130224
     -50.3544760139355461      -45.8384647445663660      -32.2718738875297504
     -50.6067476445587872      -45.9003568668922455      -32.2455413283461994
     -50.8596786301569495      -45.9606721101707905      -32.2215616386514370
     -51.1129281741371031      -46.0192800360513417      -32.2000522477448854
     -51.3661455795829838      -46.0760589121540107      -32.1811156914634466
     -51.6189707888917440      -46.1308972646351449      -32.1648372258474495
     -51.8710351116331552      -46.1836953606239362      -32.1512825875587822
     -52.1219621377597164      -46.2343665954693961      -32.1404959470719689
     -52.3713688214145279      -46.2828387604330231      -32.1324980966043512
     -52.6188667058087844      -46.3290551682790834      -32.1272849078194440
     -52.8640632407342750      -46.3729756174097005      -32.1248260838439847
     -53.1065631186977853      -46.4145771801070524      -32.1250642149903811
     -53.3459695181059459      -46.4538548075489857      -32.1279141258378615
     -53.5818868869024172      -46.4908063147625867      -32.1332852577456549
     -53.8139298495798499      -46.5253370070083818      -32.1412220236283588
     -54.0417083122942543      -46.5573346340743868      -32.1517918941416312
     -54.2648280471977102      -46.5867260051463035      -32.1650034826203921
     -54.4829086353755940      -46.6134783105415167      -32.1808089746984862
     -54.6955952938418690      -46.6375969935449248      -32.1991101589517612
     -54.9025690225735516      -46.6591221788064132      -32.2197662442722432
     -55.1035561210518381      -46.6781240750088102      -32.2426030766591722
     -55.2983341955154373      -46.6946973913488037      -32.2674230032678011
     -55.4867334218871591      -46.7089551860352472      -32.2940143987398187
     -55.6686324943618800      -46.7210227904000632      -32.3221597234210662
     -55.8439497545631838      -46.7310325065212879      -32.3516412230143899
     -56.0126321131259672      -46.7391196681288008      -32.3822440616452596
     -56.1746439932865371      -46.7454201959265703      -32.4137572592440719
     -56.3299557492359071      -46.7500694676526010      -32.4459725640891534
     -56.4785411479410513      -46.7532030115139534      -32.4786829426522274
     -56.6203806168448480      -46.7549573154228923      -32.5116823321749209
     -56.7554639371147758      -46.7554698741182051      -32.5447663347642830
     -56.8837923139316644      -46.7548786815832074      -32.5777335310104732
     -57.0053799855405998      -46.7533213521157123      -32.6103871852667311
     -57.1202554702183392      -46.7509340066667463      -32.6425371683719732
     -57.2284625159253650      -46.7478500297937956      -32.6740019619734809
     -57.3300607982788009      -46.7441987802844494      -32.7046106377278463
     -57.4251264016586234      -46.7401043216019048      -32.7342047278759267
     -57.5137521118976238      -46.7356842247186108      -32.7626399229347030
     -57.5960475449481919      -46.7310484844574248      -32.7897875486389907
     -57.6721391329739745      -46.7262985804693045      -32.8155357884545111
     -57.7421699868576681      -46.7215267050681433      -32.8397906303595164
     -57.8062996518525338      -46.7168151721198441      -32.8624765273851480
     -57.8647037709351508      -46.7122360139612525      -32.8835367707638113
     -57.9175736683376741      -46.7078507668720064      -32.9029335825602516
     -57.9651158637951980      -46.7037104399445084      -32.9206479414276956
     -58.0075515262900581      -46.6998556573067063      -32.9366791607134815
     -58.0451158745526783      -46.6963169595534779      -32.9510442426007728
     -58.0780575303654700      -46.6925915761195824      -32.9645188014242052
     -58.1066378293720973      -46.6881148604147498      -32.9779677051304887
     -58.1311300941790066      -46.6830406097652215      -32.9912405528396064
     -58.1518188729342782      -46.6775138149474671      -33.0042025832937043
     -58.1689991466868648      -46.6716701242053631      -33.0167351987317232
     -58.1829755087492728      -46.6656377440838028      -33.0287330267944128
     -58.1940613188800953      -46.6595392650296930      -33.0401010838150384
     -58.2025778350695759      -46.6534936439657741      -33.0507517139144014
     -58.2088533256870946      -46.6476186564080564      -33.0606008650344236
     -58.2132221647341268      -46.6420343356018776      -33.0695629742983996
     -58.2160239129357677      -46.6368684058897713      -33.0775430450421410
     -58.2176023873945638      -46.6322659247843774      -33.0844227969293527
     -58.2183047225178001      -46.6284076723120293      -33.0900344961769832
     -58.2184804249117889      -46.6252363462771271      -33.0945464480543450
     -58.2183047225178001      -46.6220234553770680      -33.0990288972317117
     -58.2176023873945638      -46.6179990573209366      -33.1045226665089984
     -58.2160239129357677      -46.6130231791954159      -33.1111373815621945
     -58.2132221647341410      -46.6071945127793938      -33.1186470424517623
     -58.2088533256871941      -46.6005768525811490      -33.1268756884416078
     -58.2025778350705707      -46.5932177324683892      -33.1356714037482476
     -58.1940613188869094      -46.5851583185188787      -33.1448926456581816
     -58.1829755087858445      -46.5764390955417369      -33.1544005012488512
     -58.1689991468485417      -46.5671035605413906      -33.1640537532775284
     -58.1518188735471071      -46.5572009290569397      -33.1737053366845984
     -58.1311300962254691      -46.5467883704951149      -33.1831994571685911
     -58.1066378355166577      -46.5359330835988487      -33.1923689320229016
     -58.0780575472142289      -46.5247144427440134      -33.2010324267371004
     -58.0451159172597784      -46.5132236800252130      -33.2089951347106336
     -58.0075516280661461      -46.5008306663804589      -33.2170754515571574
     -57.9651160946732418      -46.4869691100826543      -33.2260039198911201
     -57.9175741693715409      -46.4716128771129746      -33.2357573467194598
     -57.8647048153597581      -46.4547491965073149      -33.2462972100728038
     -57.8063017503372691      -46.4363791631593870      -33.2575691824804593
     -57.7421740628046649      -46.4165180762219691      -33.2695028925997391
     -57.6721468057226048      -46.3951955921227110      -33.2820119535860428
     -57.5960615745239721      -46.3724556725202035      -33.2949942844982232
     -57.5137770792432974      -46.3483563090721447      -33.3083327485291534
     -57.4251697237118321      -46.3229690085963455      -33.3218961292967180
     -57.3301342083542167      -46.2963780239789813      -33.3355404640237367
     -57.2285841771200694      -46.2686793179034623      -33.3491107504031277
     -57.1204529335557112      -46.2399792479879252      -33.3624430425731475
     -57.0056942561560689      -46.2103929630518593      -33.3753669512491129
     -56.8842833493533462      -46.1800425007603295      -33.3877085641183200
     -56.7562179746096263      -46.1490545765432501      -33.3992938056904336
     -56.6215198175672398      -46.1175580521034618      -33.4099522617464046
     -56.4802361646927977      -46.0856810685352443      -33.4195215035932947
     -56.3324419909384702      -46.0535478234134317      -33.4278519634698554
     -56.1782426068641740      -46.0212749622139512      -33.4348124378666114
     -56.0177770945921552      -45.9889675406409708      -33.4402963357246961
     -55.8512225551607031      -45.9567144608398834      -33.4442288133095786
     -55.6787927459108190      -45.9245828825011202      -33.4465739295431490
     -55.5007270585562793      -45.8926125419291537      -33.4473395738961443
     -55.3172790705732282      -45.8608117246372160      -33.4465800310937951
     -55.1287040768621637      -45.8291548831513111      -33.4443960691621740
     -54.9352477842877605      -45.7975822005054241      -33.4409326789661634
     -54.7371389587564181      -45.7660011009929732      -33.4363751405522436
     -54.5345874287065229      -45.7342892965633467      -33.4309443019179824
     -54.3277867590781369      -45.7022987287817415      -33.4248917692325591
     -54.1169189870001759      -45.6698597550984999      -33.4184953037524153
     -53.9021609681743001      -45.6367853448119334      -33.4120545657165877
     -53.6836928783720637      -45.6028753388156360      -33.4058872603968595
     -53.4617136815395781      -45.5679210453898733      -33.4003264609862995
     -53.2364401941364918      -45.5317638478537035      -33.3956403113993119
     -53.0080907469133038      -45.4943724784128705      -33.3919229008497638
     -52.7768925704344198      -45.4557431415232500      -33.3892325230753571
     -52.5430830316378916      -45.4158831606699636      -33.3876143106280026
     -52.3069093423180860      -45.3748107113599346      -33.3871005531717628
     -52.0686283959624703      -45.3325545187294239      -33.3877111050094868
     -51.8285066347226646      -45.2891534821931785      -33.3894539087458568
     -51.5868198795890294      -45.2446562029524628      -33.3923256506916601
     -51.3438530779066653      -45.1991203998561915      -33.3963125549710966
     -51.0998999379025989      -45.1526122068214590      -33.4013913160819484
     -50.8552624321022080      -45.1052053516031748      -33.4075301632934369
     -50.6102501614577420      -45.0569802215178612      -33.4146900445386166
     -50.3651794264161978      -45.0080227984910266      -33.4228259143241431
     -50.1203706436984007      -44.9584233276779486      -33.4318879848352708
     -49.8761457245407627      -44.9082753547351174      -33.4418224660899526
     -49.6328269722075248      -44.8576752492677997      -33.4525720064548082
     -49.3907361030181917      -44.8067217479527997      -33.4640761325282412
     -49.1501932433437005      -44.7555154791563012      -33.4762717040100881
     -48.9115159104181316      -44.7041584722530132      -33.4890933801468549
     -48.6750179848370408      -44.6527536550602804      -33.5024740941814443
     -48.4410086824940080      -44.6014043429745115      -33.5163455321069605
     -48.2097915334639708      -44.5502137235344691      -33.5306386119312592
     -47.9816633749929338      -44.4992843402370042      -33.5452839596026990
     -47.7569133653165991      -44.4487175794934970      -33.5602123777306431
     -47.5358220245259702      -44.3986131646413114      -33.5753553032544332
     -47.3186603081397834      -44.3490686609097011      -33.5906452502776673
     -47.1056887184515602      -44.3001789951861582      -33.6060162343859545
     -46.8971564599245880      -44.2520359947798525      -33.6214041747417696
     -46.6933007237825493      -44.2047279632042489      -33.6367472703529913
     -46.4943461167515508      -44.1583392627189895      -33.6519863942944468
     -46.3005039379789878      -44.1129498448503625      -33.6670655153676606
     -46.1119714504700866      -44.0686348178214331      -33.6819320645896525
     -45.9289312166953039      -44.0254640772406489      -33.6965372291742042
     -45.7515505005828018      -43.9835020008486168      -33.7108361748258005
     -45.5799807367691088      -43.9428072067006568      -33.7247881986794766
     -45.4143570672437988      -43.9034323729957734      -33.7383568164926118
     -45.2547979448865902      -43.8654241167264232      -33.7515097887849720
     -45.1014048028640318      -43.8288229274339969      -33.7642190915197631
     -44.9542617884222580      -43.7936631516294952      -33.7764608376053559
     -44.8134355592835689      -43.7599730228826544      -33.7882151559790671
     -44.6789751406203237      -43.7277747322001673      -33.7994660353093224
     -44.5509118404393689      -43.6970845330985611      -33.8102011394361099
     -44.4292592211605140      -43.6679128757272963      -33.8204116015721610
     -44.3140131252220044      -43.6402645644941174      -33.8300918040353977
     -44.2051517517868291      -43.6141389336477019      -33.8392391499889484
     -44.1026357604189201      -43.5895300319479020      -33.8478538330715182
     -44.0064084055378615      -43.5664268216172061      -33.8559385989082315
     -43.9163957535370955      -43.5448133962575952      -33.8634985039599599
     -43.8325069500843441      -43.5246691970192217      -33.8705406907901221
     -43.7546345273707900      -43.5059692216465947      -33.8770741840328284
     -43.6826547464717692      -43.4886842293290101      -33.8831097115950541
     -43.6164279778488648      -43.4727809356169317      -33.8886595476155037
     -43.5557991321634077      -43.4582221813388543      -33.8937373644244744
     -43.5005981166751141      -43.4449671048505621      -33.8983581149662143
     -43.4506403245983037      -43.4329713083137747      -33.9025379359790620
     -43.4057271579529029      -43.4221870171401676      -33.9062940677705456
     -43.3656465821993109      -43.4125632344490313      -33.9096447876707643
     -43.3301737107081024      -43.4040458926723929      -33.9126093538664435
     -43.2990694441832815      -43.3965818233336549      -33.9152026285144572
     -43.2712367883219287      -43.3917533291835866      -33.9151552056808825
     -43.2460463058892230      -43.3902140752464334      -33.9114907266098982
     -43.2235988573147054      -43.3911811174428195      -33.9052327894058152
     -43.2038911589773065      -43.3940520087813084      -33.8971500195154718
     -43.1868511732871312      -43.3983382751385349      -33.8878498736957994
     -43.1723579151561054      -43.4036289036683911      -33.8778301508861404
     -43.1602539042166242      -43.4095680104252608      -33.8675105077576006
     -43.1503540041177160      -43.4158394896772535      -33.8572541198757833
     -43.1424527129295470      -43.4221546728387651      -33.8473850856239054
     -43.1363314851278616      -43.4282399521470523      -33.8382058588184762
     -43.1317680713104252      -43.4338205375632853      -33.8300200910813871
     -43.1285511931729744      -43.4385939430448360      -33.8231698639751244
     -43.1263041711776793      -43.4425723057713427      -33.8175563032640767
