  -66.350468639831718       -26.268882189957484        81.484190601069599     
  -64.826468639831717       -26.284094036054459        81.531376657835040     
  -63.302468639831716       -26.299305882151433        81.578562714600480     
  -61.778468639831715       -26.314517728248408        81.625748771365920     
  -55.672984255576239       -26.375459781267288        81.814786653738622     
  -55.665104014241372       -26.375538438103504        81.815030641609326     
  -55.653784488347796       -26.375651607277916        81.815381684280823     
  -55.638422325410147       -26.375805538824604        81.815859168910450     
  -55.618425048349714       -26.376006511015287        81.816482570246421     
  -55.593212645531160       -26.376260856465795        81.817271531604661     
  -55.562219126348225       -26.376574992864196        81.818245960175346     
  -55.524894038221618       -26.376955457746710        81.819426134866404     
  -55.480703940977570       -26.377408946707725        81.820832824748422     
  -55.429133834691648       -26.377942354401746        81.822487416046016     
  -55.369688537208368       -26.378562808934774        81.824412018380144     
  -55.301894007683991       -26.379275178442043        81.826621729425653     
  -55.225298612648146       -26.380084021339314        81.829130682608664     
  -55.139474331162091       -26.380995545094869        81.831958119589089     
  -55.044017893982605       -26.382016094713958        81.835123695335540     
  -54.938551855981792       -26.383152192701075        81.838647591109464     
  -54.822725600802883       -26.384410602710307        81.842550693490949     
  -54.696216271830416       -26.385798389432900        81.846854750229227     
  -54.558729628129818       -26.387322983423019        81.851582524109730     
  -54.410000823268689       -26.388992251831606        81.856757939765188     
  -54.249795105110998       -26.390814576024560        81.862406215427740     
  -54.077908433485398       -26.392798927544078        81.868553938342558     
  -53.894168012812727       -26.394954934469098        81.875229039674508     
  -53.698432747796751       -26.397293008853424        81.882460862698792     
  -53.490593613612972       -26.399824486530228        81.890280140291097     
  -53.270573940801135       -26.402561794084402        81.898718885425808     
  -53.038329607201256       -26.405518602357386        81.907810014559502     
  -52.793849144310030       -26.408710036746481        81.917586852456310     
  -52.537153778767433       -26.412153114407580        81.928082956396182     
  -52.268297381945210       -26.415867239712377        81.939331619126079     
  -51.987366319700946       -26.419874744041174        81.951364850500653     
  -51.694479238886579       -26.424201762984801        81.964212531974468     
  -51.389786795950698       -26.428879551656866        81.977901766220455     
  -51.073471275368739       -26.433945814559120        81.992455425981461     
  -50.745746115277960       -26.439445592563342        82.007890884168461     
  -50.406855370201974       -26.445431621395535        82.024219816536046     
  -50.057073016994430       -26.451963510027589        82.041447220858529     
  -49.696702178995274       -26.459106170069404        82.059571166854141     
  -49.326074283823360       -26.466927707956785        82.078583412772957     
  -48.945548071281493       -26.475496480633776        82.098468905823438     
  -48.555508598422094       -26.484878530416101        82.119206797111701     
  -48.156366141181671       -26.495134909804349        82.140770590995785     
  -47.748555045158881       -26.506319362623046        82.163128421304066     
  -47.332532557986760       -26.518476609965283        82.186243917537993     
  -46.908777581034371       -26.531641151469728        82.210075786501079     
  -46.477789449697042       -26.545838411634715        82.234581385197032     
  -46.040086622281095       -26.561085907884550        82.259719897900411     
  -45.596205353012635       -26.577391949765808        82.285448033239788     
  -45.146698309599039       -26.594755341743021        82.311718758392729     
  -44.692133148139213       -26.613165721236051        82.338481840721698     
  -44.233091071675773       -26.632603736325560        82.365683663972248     
  -43.770165326450957       -26.653041533275868        82.393267759891046     
  -43.303959718963654       -26.674443198108946        82.421174928716795     
  -42.835087042604130       -26.696765402435087        82.449343742050502     
  -42.364167554788061       -26.719958039156126        82.477710767964112     
  -41.891827345615880       -26.743965022082495        82.506211091806819     
  -41.418696793670264       -26.768725098514853        82.534778687017862     
  -40.945408882371865       -26.794172746638438        82.563346913117570     
  -40.472597643830525       -26.820239017259503        82.591849035622232     
  -40.000896420836824       -26.846852143322312        82.620218742472886     
  -39.530936300880633       -26.873938121523317        82.648390834766090     
  -39.063344344488350       -26.901421216196105        82.676301653063376     
  -38.598742030676249       -26.929224572633057        82.703889811785331     
  -38.137743471786720       -26.957270681689085        82.731096457712908     
  -37.680953882569163       -26.985482002757077        82.757866005446303     
  -37.228967802101238       -27.013781367446107        82.784146199443626     
  -36.782367601008062       -27.042092589847076        82.809888819182532     
  -36.341721734280661       -27.070340793269740        82.835049532118674     
  -35.907583300165207       -27.098452985538007        82.859588536756064     
  -35.480488355929893       -27.126358306456151        82.883470233654265     
  -35.060954533074373       -27.153988538560231        82.906663750036188     
  -34.649479463659787       -27.181278298086070        82.929142529746741     
  -34.246539438585415       -27.208165424953084        82.950884597638691     
  -33.852588008829869       -27.234591183070950        82.971872283001375     
  -33.468054669461608       -27.260500497141955        82.992092057606186     
  -33.093343689000044       -27.285842262601083        83.011534619017652     
  -32.728832828473358       -27.310569327461142        83.030194099346772     
  -32.374872359642225       -27.334638781561519        83.048068333455745     
  -32.031783960001093       -27.358011889648754        83.065158166231981     
  -31.699859802608586       -27.380654179129692        83.081467357358378     
  -31.379361748222678       -27.402535509841815        83.097002539523316     
  -31.070520497954949       -27.423629868936136        83.111772455843123     
  -30.773534971766118       -27.443915406920119        83.125788029896015     
  -30.488571729951076       -27.463374343868054        83.139062128522468     
  -30.215764434348543       -27.481992739208771        83.151608996092364     
  -29.955213483609274       -27.499760421363359        83.163444242838636     
  -29.706985732357627       -27.516670875911831        83.174584764029689     
  -29.471114253341415       -27.532720993738121        83.185048285786408     
  -29.247598235822853       -27.547910910926870        83.194853226278624     
  -29.036402998340520       -27.562243895760979        83.204018726189318     
  -28.837460073093837       -27.575726163861464        83.212564483345560     
  -28.650667377416092       -27.588366665840461        83.220510532529673     
  -28.475889496773412       -27.600176926340318        83.227877187436491     
  -28.312958062983114       -27.611170896412659        83.234685010218982     
  -28.161672228256212       -27.621364827791485        83.240954828857511     
  -28.021799217922752       -27.630777114944451        83.246707636304208     
  -27.893074976055232       -27.639428161398154        83.251964540418783     
  -27.775204901564344       -27.647340269185836        83.256746759911337     
  -27.667864668694623       -27.654537537713487        83.261075625538538     
  -27.570701129367492       -27.661045771230516        83.264972585628783     
  -27.483333294656877       -27.666892394026284        83.268459215883126     
  -27.405353392819720       -27.672106373776067        83.271557238250821     
  -27.336327999272047       -27.676718145125900        83.274288529210921     
  -27.275799235967511       -27.680759549425058        83.276675169134478     
  -27.223286040673553       -27.684269559271048        83.278756554844747     
  -27.178285489755972       -27.687284351065923        83.280560335983722     
  -27.140274183950858       -27.689835885486254        83.282098461333035     
  -27.108709692543862       -27.691958142125017        83.283385806777915     
  -27.083032044003293       -27.693686915387001        83.284439812634417     
  -27.062665262346187       -27.695059610709077        83.285280128536186     
  -27.047018944833052       -27.696115042913185        83.285928270832031     
  -27.035489876490637       -27.696893238474193        83.286407297129600     
  -27.027463676878831       -27.697435243404577        83.286741502260142     
  -27.022316474449902       -27.697782938340580        83.286956139538361     
  -27.019416603795101       -27.697978862268865        83.287077170748574     
  -27.018126321036284       -27.698066046170641        83.287131047809737     
  -20.921803532599188       -28.109992194568282        83.541689169659932     
  -19.397803532599188       -28.212968278995554        83.605325330533091     
  -17.873803532599190       -28.315944363422826        83.668961491406250     
  -16.349803532599189       -28.418920447850098        83.732597652279409     
