  -68.514382439271373       -10.791012276765665       -61.486955378212073     
  -66.990382439271372       -10.765658029450467       -61.342487423461279     
  -65.466382439271371       -10.740303782135269       -61.198019468710484     
  -63.942382439271370       -10.714949534820072       -61.053551513959690     
  -57.836415132706122       -10.613366723016153       -60.474734841679698     
  -57.828133774623765       -10.613228948999797       -60.473949808303900     
  -57.816238267684980       -10.613031129690404       -60.472822638142745     
  -57.800094797213163       -10.612762822706173       -60.471293830731220     
  -57.779081126912281       -10.612413839944582       -60.469305334488631     
  -57.752588315155990       -10.611974295355845       -60.466800818953601     
  -57.720022399267805       -10.611434654375795       -60.463725956526893     
  -57.680806042570197       -10.610785784750297       -60.460028712298460     
  -57.634380139010240       -10.610019008462402       -60.455659640543146     
  -57.580205370225436       -10.609126154428791       -60.450572186490788     
  -57.517763709997709       -10.608099603972649       -60.444722948833359     
  -57.446559871161320       -10.606930145912358       -60.438059465256252     
  -57.366122690186614       -10.605608679170972       -60.430529928192165     
  -57.276006444862375       -10.604127919674667       -60.422092937795007     
  -57.175792100752886       -10.602481112348855       -60.412710211958299     
  -57.065088482419604       -10.600662078680765       -60.402346942562076     
  -56.943533366052677       -10.598665259208744       -60.390972180520478     
  -56.810794505956792       -10.596485710289603       -60.378559049500346     
  -56.666570580303926       -10.594119073061664       -60.365084935273721     
  -56.510592022544294       -10.591561572847851       -60.350532045033290     
  -56.342621778191898       -10.588809942163270       -60.334887813050848     
  -56.162455975997659       -10.585861269866710       -60.318145281089208     
  -55.969924512795629       -10.582712751750940       -60.300303462953494     
  -55.764891550926578       -10.579361299804265       -60.281367644898886     
  -55.547255936776075       -10.575802975946807       -60.261349678891335     
  -55.316951548711593       -10.572032199534027       -60.240268302435837     
  -55.073947575577087       -10.568040641162055       -60.218149399007011     
  -54.818248761992244       -10.563815656787078       -60.195025895795510     
  -54.549895620265602       -10.559338182572645       -60.170937526840127     
  -54.268964557382837       -10.554580118481974       -60.145931513301178     
  -53.975568035524255       -10.549500758744728       -60.120062833551870     
  -53.669854812604314       -10.544041960283115       -60.093393954406906     
  -53.352010202865898       -10.538121954227224       -60.065995674299494     
  -53.022256376892315       -10.531628074691522       -60.037948013605622     
  -52.680852406986276       -10.524411385824676       -60.009339534469881     
  -52.328093698251621       -10.516285118755125       -59.980267302215985     
  -51.964310912524923       -10.507026824942191       -59.950835804199478     
  -51.589868411361671       -10.496384340353991       -59.921154183521246     
  -51.205162097108300       -10.484085301110666       -59.891334517900432     
  -50.810617084204601       -10.469848254434533       -59.861488274683275     
  -50.406685174453258       -10.453394295064939       -59.831723614780323     
  -49.993842351855804       -10.434457960112287       -59.802142968511099     
  -49.572586438226196       -10.412796669529767       -59.772840207799135     
  -49.143434772468765       -10.388198671582888       -59.743899523778850     
  -48.706922430509749       -10.360486947421611       -59.715393730997349     
  -48.263600736523117       -10.329519969330473       -59.687389287392058     
  -47.814035939340805       -10.295191982136313       -59.659951695317275     
  -47.358807688885470       -10.257431115491650       -59.633138204331289     
  -46.898507603925680       -10.216198420609059       -59.606996134427185     
  -46.433737714743586       -10.171487073688370       -59.581563320831854     
  -45.965109002880070       -10.123321201229569       -59.556868152962430     
  -45.493239863483183       -10.071754477699793       -59.532930157195906     
  -45.018754662119100       -10.016868337520473       -59.509760370595728     
  -44.542282222440441       -9.9587699621397476       -59.487362264705943     
  -44.064454382481351       -9.8975899776686003       -59.465732839202779     
  -43.585904589840645       -9.8334797148754109       -59.444862760569833     
  -43.107266607391075       -9.7666081843506340       -59.424735987663361     
  -42.629173044398748       -9.6971592499499462       -59.405331496693805     
  -42.152253923972921       -9.6253290134292353       -59.386624704015361     
  -41.677135107408802       -9.5513241098119543       -59.368588486967028     
  -41.204436733990420       -9.4753603390375929       -59.351194151357447     
  -40.734771669837905       -9.3976611879321563       -59.334411803855367     
  -40.268744008773666       -9.3184563577532007       -59.318210873524954     
  -39.806947557598292       -9.2379802860126343       -59.302560639737571     
  -39.349964380425426       -9.1564706760555818       -59.287430814175067     
  -38.898363346632692       -9.0741670180879854       -59.272791941180508     
  -38.452698741017308       -8.9913091445821944       -59.258615871728765     
  -38.013508883225164       -8.9081357984284377       -59.244876048976437     
  -37.581314814900558       -8.8248832610092993       -59.231547891127022     
  -37.156619003703732       -8.7417840024241080       -59.218608924168251     
  -36.739904119289605       -8.6590654203653692       -59.206039055905791     
  -36.331631833934587       -8.5769486116030951       -59.193820576818027     
  -35.932241694864878       -8.4956472540188450       -59.181938311979785     
  -35.542150038491890       -8.4153665193299556       -59.170379549456030     
  -35.161748979831451       -8.3363019922447794       -59.159133993352896     
  -34.791405468676579       -8.2586386349808887       -59.148193746220770     
  -34.431460382304877       -8.1825498896672624       -59.137553121758607     
  -34.082227696728459       -8.1081969697995024       -59.127208633208028     
  -33.743993695777448       -8.0357282730515731       -59.117158683426659     
  -33.417016264743609       -7.9652789436569362       -59.107403170699641     
  -33.101524237166871       -7.8969706120165091       -59.097943288596340     
  -32.797716760526320       -7.8309113078320838       -59.088781597321777     
  -32.505762718400348       -7.7671955794611485       -59.079922692723031     
  -32.225800280208027       -7.7059045748994048       -59.071372878227379     
  -31.957936576393223       -7.6471061024584923       -59.063138758118271     
  -31.702247395902308       -7.5908549127948408       -59.055226850372811     
  -31.458776948006598       -7.5371930790136323       -59.047643440686315     
  -31.227537710014680       -7.4861504163888233       -59.040394303193409     
  -31.008510350624885       -7.4377449551304826       -59.033484501420247     
  -30.801643729599729       -7.3919834528821937       -59.026918278873900     
  -30.606854980983538       -7.3488619272725675       -59.020698937585280     
  -30.424029679891404       -7.3083662137270577       -59.014828687941652     
  -30.253022089842638       -7.2704725322621142       -59.009308545198138     
  -30.093655493773479       -7.2351480361001306       -59.004138263173530     
  -29.945722608395503       -7.2023513358855356       -58.999316307244044     
  -29.808986085531306       -7.1720329886222878       -58.994839810104487     
  -29.683179099019345       -7.1441359508975566       -58.990704514652698     
  -29.568006011356172       -7.1185960026001212       -58.986904761619499     
  -29.463143119404897       -7.0953421402056511       -58.983433507581971     
  -29.368239478425053       -7.0742969400073523       -58.980282355361297     
  -29.282917802070926       -7.0553768949879512       -58.977441595351529     
  -29.206775435607174       -7.0384927303623019       -58.974900257209406     
  -29.139385399338671       -7.0235497036568981       -58.972646171044829     
  -29.080297499640420       -7.0104479031138416       -58.970666088306899     
  -29.029039433442772       -6.9990861476149133       -58.968970681304363     
  -28.985118143307911       -6.9893561120455985       -58.967552193939589     
  -28.948021126026966       -6.9811418014495485       -58.966378733483175     
  -28.917217702212032       -6.9743237893965038       -58.965421496320403     
  -28.892160414396077       -6.9687794418728597       -58.964654298591547     
  -28.872286471999995       -6.9643831549079156       -58.964053124397978     
  -28.857019239578683       -6.9610066066058076       -58.963595699453442     
  -28.845769764654712       -6.9585190238750894       -58.963261097590106     
  -28.837938341333338       -6.9567874639122440       -58.963029386947717     
  -28.832916105773091       -6.9556771103403365       -58.962881321998495     
  -28.830086659469757       -6.9550515837850568       -58.962798086803190     
  -28.828827716198994       -6.9547732665603812       -58.962761094071908     
  -22.732512768358959       -5.6070481573873590       -58.783627255469440     
  -21.208512768358958       -5.2701342866387018       -58.738846109422042     
  -19.684512768358957       -4.9332204158900446       -58.694064963374643     
  -18.160512768358956       -4.5963065451413874       -58.649283817327245     
