  -63.774060611990706       -6.4242716711872663E-002   114.87007684381226     
  -62.250060611990705       -6.4269217824707195E-002   114.91746252460960     
  -60.726060611990704       -6.4295718937541727E-002   114.96484820540695     
  -59.202060611990703       -6.4322220050376258E-002   115.01223388620430     
  -53.096524827158575       -6.4428390321208978E-002   115.20207310523108     
  -53.088601884231998       -6.4428528094702731E-002   115.20231945302930     
  -53.077221028382240       -6.4428726244047704E-002   115.20267375679362     
  -53.061775648247909       -6.4428995623367458E-002   115.20315542411511     
  -53.041670073197139       -6.4429347079550642E-002   115.20378385056304     
  -53.016321173979755       -6.4429791481308327E-002   115.20457847054340     
  -52.985159928975435       -6.4430339752074808E-002   115.20555881942029     
  -52.947632951864513       -6.4431002908025364E-002   115.20674460551687     
  -52.903203976653671       -6.4431792094592558E-002   115.20815579049923     
  -52.851355296105595       -6.4432718615988108E-002   115.20981267655064     
  -52.791589149748972       -6.4433793931254979E-002   115.21173597714562     
  -52.723429057781637       -6.4435026123503700E-002   115.21394067009624     
  -52.646421097327341       -6.4436422390668227E-002   115.21644077998793     
  -52.560135117662476       -6.4437991382704118E-002   115.21925418186575     
  -52.464165891196068       -6.4439740504836279E-002   115.22239890790321     
  -52.358134197016938       -6.4441674881074287E-002   115.22589325792394     
  -52.241687833802018       -6.4443795573265919E-002   115.22975590829252     
  -52.114502560589742       -6.4446096664065339E-002   115.23400604810672     
  -51.976282962166835       -6.4448560611162789E-002   115.23866351754592     
  -51.826763236778270       -6.4451151059745332E-002   115.24374894279556     
  -51.665707904233528       -6.4453802010235942E-002   115.24928386520040     
  -51.492912432550042       -6.4456401857669390E-002   115.25529085749540     
  -51.308203777728643       -6.4458770289652939E-002   115.26179351845977     
  -51.111440837658712       -6.4460625531087987E-002   115.26881640245848     
  -50.902514829399301       -6.4461538798920970E-002   115.27638515499122     
  -50.681349576316570       -6.4460871558673000E-002   115.28452650976952     
  -50.447901706293628       -6.4457690204187679E-002   115.29326819395274     
  -50.202160752142383       -6.4450651109830337E-002   115.30263852587004     
  -49.944149177690178       -6.4437847424732603E-002   115.31266629466347     
  -49.673922319441893       -6.4416605734366070E-002   115.32338066470452     
  -49.391568228471229       -6.4383216712538757E-002   115.33481071955261     
  -49.097207415163780       -6.4332578335871651E-002   115.34698470069443     
  -48.790992540933821       -6.4257723307694525E-002   115.35992998205666     
  -48.473108007526065       -6.4149262061145379E-002   115.37367259465837     
  -48.143769435773528       -6.3994981490444788E-002   115.38823615461125     
  -47.803223106231165       -6.3779715837021342E-002   115.40364185564390     
  -47.451745289476591       -6.3485505183627972E-002   115.41990786482083     
  -47.089641474207816       -6.3092059060815442E-002   115.43704827642796     
  -46.717245572683076       -6.2577473882768006E-002   115.45507334655186     
  -46.334918989830676       -6.1919096892407169E-002   115.47398843899266     
  -45.943049656082323       -6.1094423811519319E-002   115.49379380815068     
  -45.542050994242132       -6.0081943506511262E-002   115.51448449371340     
  -45.132360783310759       -5.8861883529498921E-002   115.53604945327791     
  -44.714440023187365       -5.7416827513670672E-002   115.55847214738502     
  -44.288771674602216       -5.5732042374183971E-002   115.58172965198641     
  -43.855859409000232       -5.3795480795522599E-002   115.60579557349398     
  -43.416226255658657       -5.1597737730640476E-002   115.63064250507189     
  -42.970413237380171       -4.9132019295326942E-002   115.65623855907144     
  -42.518977939573716       -4.6394105505767516E-002   115.68254643092034     
  -42.062493048755172       -4.3382297593680022E-002   115.70952374231568     
  -41.601544852804842       -4.0097342011789855E-002   115.73712304509023     
  -41.136731701844766       -3.6542330133642720E-002   115.76529220258541     
  -40.668662450146570       -3.2722570921038627E-002   115.79397459955398     
  -40.197954855446646       -2.8645438863688338E-002   115.82310963002685     
  -39.725233976566926       -2.4320197176136090E-002   115.85263304887410     
  -39.251130523289198       -1.9757800287332882E-002   115.88247757761479     
  -38.776279225612605       -1.4970677350703746E-002   115.91257335139458     
  -38.301317144032943       -9.9725028223299622E-003   115.94284860972068     
  -37.826882027325809       -4.7779866401977652E-003   115.97323021526137     
  -37.353610592122735        5.9726359405703653E-004   116.00364436783191     
  -36.882136884997664        6.1368542810403366E-003   116.03401717582580     
  -36.413090544319644        1.1823719527547738E-002   116.06427532455555     
  -35.947095183025596        1.7640237522636840E-002   116.09434668175967     
  -35.484766648701566        2.3568348370211985E-002   116.12416085813966     
  -35.026711441465920        2.9589672627406409E-002   116.15364982189264     
  -34.573524991144055        3.5685629489375523E-002   116.18274830521646     
  -34.125790124304388        4.1837553821068775E-002   116.21139439838062     
  -33.684075380851439        4.8026811065889831E-002   116.23952977838688     
  -33.248933542966142        5.4234909257594756E-002   116.26710025576888     
  -32.820900018959705        6.0443607280224784E-002   116.29405582446471     
  -32.400491439436685        6.6635018580405062E-002   116.32035110370335     
  -31.988204148034328        7.2791709751573272E-002   116.34594527366366     
  -31.584512859164086        7.8896793037625562E-002   116.37080233174756     
  -31.189869306505216        8.4934014127033081E-002   116.39489104096447     
  -30.804700948036420        9.0887840235287731E-002   116.41818484770249     
  -30.429409815984847        9.6743545358556338E-002   116.44066200275005     
  -30.064371286815536       0.10248728300323692        116.46230509737589     
  -29.709933110513973       0.10810614681826569        116.48310128918948     
  -29.366414347309071       0.11358821816870573        116.50304178514172     
  -29.034104474024996       0.11892260149090253        116.52212169926753     
  -28.713262598626056       0.12409944846257950        116.54033998636821     
  -28.404116648054096       0.12910997047902378        116.55769883611879     
  -28.106862762773485       0.13394644160199382        116.57420364117174     
  -27.821664741114486       0.13860219239054256        116.58986274532550     
  -27.548653523831764       0.14307159512504183        116.60468692253134     
  -27.287926845313354       0.14735004249590822        116.61868926495053     
  -27.039548969401732       0.15143392048586707        116.63188502329082     
  -26.803550466957383       0.15532057596503032        116.64429114447704     
  -26.579928127018771       0.15900828085238125        116.65592605601185     
  -26.368644980998202       0.16249619378635471        116.66680958718081     
  -26.169630396523488       0.16578431946986993        116.67696273815378     
  -25.982780256150740       0.16887346522758276        116.68640740531227     
  -25.807957246567483       0.17176519710218555        116.69516624334085     
  -25.644991241229842       0.17446179734809075        116.70326255630341     
  -25.493679777723731       0.17696622390568556        116.71072023859556     
  -25.353788610496256       0.17928207194089632        116.71756362418790     
  -25.225052355503081       0.18141353781172684        116.72381738844699     
  -25.107175224147813       0.18336538555928800        116.72950649663441     
  -24.999831840179645       0.18514291581508854        116.73465616538496     
  -24.902668137140328       0.18675193696293121        116.73929183608406     
  -24.815302333791315       0.18819873828577188        116.74343915938123     
  -24.737325985248436       0.18949006473827121        116.74712399464404     
  -24.668305104962450       0.19063309288585564        116.75037240567063     
  -24.607781355457181       0.19163540765748194        116.75321069413366     
  -24.555273305708440       0.19250502234430492        116.75567896176824     
  -24.510277749792284       0.19325028230411825        116.75780807615739     
  -24.472271083965659       0.19387983125854422        116.75961654092222     
  -24.440710738258826       0.19440263406885877        116.76112526444909     
  -24.415036658018344       0.19482795111782164        116.76235727671202     
  -24.394672831493022       0.19516531203788812        116.76333745146245     
  -24.379028859189020       0.19542448882518629        116.76409223704060     
  -24.367501560614897       0.19561546840407187        116.76464939889111     
  -24.359476613944452       0.19574842472103199        116.76503777665387     
  -24.354330224046311       0.19583369045106272        116.76528705846121     
  -24.351430814265111       0.19588172840343221        116.76542757479798     
  -24.350140737288733       0.19590310271350544        116.76549011398042     
  -18.253818000401221       0.29690846508387614        117.06102212239460     
  -16.729818000401220       0.32215846888059696        117.13490121316157     
  -15.205818000401221       0.34740847267731773        117.20878030392853     
  -13.681818000401220       0.37265847647403855        117.28265939469550     
