  -60.808531123604958      -0.31020838138606255        149.42592886180728     
  -59.284531123604957      -0.31004067452223821        149.34514524345531     
  -57.760531123604963      -0.30987296765841388        149.26436162510333     
  -56.236531123604962      -0.30970526079458954        149.18357800675136     
  -50.129168007365365      -0.30903318289796172        148.85984120155507     
  -50.119726844451641      -0.30903214395582057        148.85934074794508     
  -50.106165222661367      -0.30903065233855570        148.85862224290540     
  -50.087760377499237      -0.30902862944958376        148.85764782676517     
  -50.063802634365217      -0.30902599869345415        148.85638060417207     
  -50.033597332058001      -0.30902268585586334        148.85478482749414     
  -49.996466706899227      -0.30901861948962567        148.85282608519304     
  -49.951751732254252      -0.30901373129763060        148.85047149307891     
  -49.898813908333040      -0.30900795649332274        148.84768988617319     
  -49.837036997278553      -0.30900123410178426        148.84445200874796     
  -49.765828698689909      -0.30899350708624179        148.84073067632556     
  -49.684622260981669      -0.30898470802964750        148.83649409247090     
  -49.592878024063971      -0.30897476929013007        148.83171116671033     
  -49.490084888704779      -0.30896363239066760        148.82635684398454     
  -49.375761708719025      -0.30895123663804547        148.82040808161059     
  -49.249458602023736      -0.30893751416396487        148.81384399783499     
  -49.110758176873254      -0.30892238139622646        148.80664601921885     
  -48.959276669860223      -0.30890572500282243        148.79879802341873     
  -48.794664992399163      -0.30888737952984063        148.79028647636804     
  -48.616609677560021      -0.30886709309787552        148.78110067852796     
  -48.424833730792066      -0.30884447558318673        148.77123297734622     
  -48.219097389595021      -0.30881892185349014        148.76067877603816     
  -47.999198778288871      -0.30878950128005639        148.74943660468182     
  -47.764974459762648      -0.30875480120869903        148.73750817686033     
  -47.516299881052625      -0.30871270884393526        148.72489850145590     
  -47.253089718680663      -0.30866011097256885        148.71161583075320     
  -46.975298120883885      -0.30859248596867417        148.69767153609072     
  -46.682918839859497      -0.30850335548146191        148.68308011163282     
  -46.375985257026066      -0.30838355304541132        148.66785925144526     
  -46.054570326344248      -0.30822025262057440        148.65202942617051     
  -45.718786398995753      -0.30799568460722221        148.63561391597952     
  -45.368784938505911      -0.30768543699715378        148.61863918720877     
  -45.004756205486935      -0.30725620087510813        148.60113398778267     
  -44.626928874790451      -0.30666311951858155        148.58312798784073     
  -44.235569486692690      -0.30584789547689528        148.56465112140756     
  -43.830981692015420      -0.30473820357633924        148.54573412015745     
  -43.413505374367325      -0.30324848283178818        148.52640858630971     
  -42.983515644021793      -0.30128218550043262        148.50670645345252     
  -42.541421651244633      -0.29873523240945016        148.48666053875775     
  -42.087665336499434      -0.29550015974449684        148.46630384667597     
  -41.622720065187565      -0.29147041417237890        148.44566944010469     
  -41.147089197817387      -0.28654438401178139        148.42479011904754     
  -40.661304581598586      -0.28062894861789023        148.40369847831610     
  -40.165925003805050      -0.27364240210924273        148.38242667735190     
  -39.661534610361173      -0.26551598622340911        148.36100650937237     
  -39.148741325497710      -0.25619387871684746        148.33947169272821     
  -38.628175199872267      -0.24563297995241992        148.31786131094680     
  -38.100486717205534      -0.23380272518021372        148.29621518821352     
  -37.566345035334393      -0.22068487667841435        148.27457303796413     
  -37.026436185061819      -0.20627323758960803        148.25297427479347     
  -36.481461225970008      -0.19057325772218867        148.23145786895992     
  -35.932134366569741      -0.17360151908964125        148.21006221031797     
  -35.379181061520775      -0.15538509690436500        148.18882488814384     
  -34.823336077657494      -0.13596080044708272        148.16778254598017     
  -34.265341546447914      -0.11537430218101838        148.14697070624953     
  -33.705944997778516       -9.3679167563071694E-002   148.12642363972014     
  -33.145897385940458       -7.0935801776609658E-002   148.10617419045255     
  -32.585951107011333       -4.7210336939156716E-002   148.08625377027872     
  -32.026858001229584       -2.2573618712760292E-002   148.06669249448234     
  -31.469367394306214        2.8994638713290243E-003   148.04751811974421     
  -30.914224113114159        2.9130516262470096E-002   148.02875574119133     
  -30.362166497125422        5.6038185783391224E-002   148.01042800440678     
  -29.813924429781551        8.3538716002888647E-002   147.99255536518098     
  -29.270217392033015       0.11154650629694024        147.97515630552732     
  -28.731752564934641       0.13997466988488233        147.95824703590705     
  -28.199222956972807       0.16873558603100425        147.94184141776086     
  -27.673305569068280       0.19774144387469833        147.92595090706169     
  -27.154659599679078       0.22690477309928236        147.91058463938927     
  -26.643924699776019       0.25613895809002030        147.89574935916636     
  -26.141719276458492       0.28535873265324951        147.88144953693046     
  -25.648638855765075       0.31448065049768242        147.86768730333833     
  -25.165254493248664       0.34342353155398697        147.85446286899739     
  -24.692111256274682       0.37210887885797078        147.84177464295649     
  -24.229726775963673       0.40046127166274309        147.82961933699656     
  -23.778589871590199       0.42840876148874535        147.81799207582114     
  -23.339159253687313       0.45588325255762147        147.80688642861170     
  -22.911862302120873       0.48282082634818402        147.79629454726327     
  -22.497093922148270       0.50916200857902016        147.78620744353026     
  -22.095215490059061       0.53485197640627447        147.77661506837282     
  -21.706553879943598       0.55984071101775335        147.76750661342351     
  -21.331400590018649       0.58408309524059299        147.75887049443040     
  -20.970010951157960       0.60753896273169239        147.75069466174133     
  -20.622603441787724       0.63017310014179106        147.74296655316107     
  -20.289359091954292       0.65195520854454836        147.73567329226859     
  -19.970420986644196       0.67285982901195129        147.72880189242693     
  -19.665893874830601       0.69286623606697995        147.72233931410690     
  -19.375843877950658       0.71195830471619315        147.71627249470708     
  -19.100298304757821       0.73012435600842884        147.71058829678100     
  -18.839245573128569       0.74735698548771445        147.70527334975583     
  -18.592635222744963       0.76365288267484388        147.70031438513033     
  -18.360378038185210       0.77901264058734299        147.69569833391350     
  -18.142346282024889       0.79344055244647926        147.69141218906461     
  -17.938374027357735       0.80694440652037014        147.68744301989369     
  -17.748257588585275       0.81953528936443332        147.68377816265925     
  -17.571756059851822       0.83122739739702678        147.68040520003436     
  -17.408591954760681       0.84203785910172657        147.67731191896365     
  -17.258451945768950       0.85198656868421330        147.67448625468253     
  -17.120987698692087       0.86109603171227500        147.67191627407948     
  -16.995816802446289       0.86939122224635301        147.66959015174476     
  -16.882523791923514       0.87689945054614360        147.66749613123866     
  -16.780661260400692       0.88365024014926397        147.66562248862274     
  -16.689751058445097       0.88967521256871462        147.66395749884995     
  -16.609285576049839       0.89500797753408334        147.66248940521575     
  -16.538729104557454       0.89968402669827674        147.66120642519564     
  -16.477519273609751       0.90374068278313657        147.66011123281314     
  -16.425068562678366       0.90721690295971680        147.65919625821118     
  -16.380765879347219       0.91015315662672824        147.65844030202629     
  -16.343978200164340       0.91259137403151913        147.65782431768105     
  -16.314052271986192       0.91457483238624782        147.65733108130499     
  -16.290316368149632       0.91614803857738925        147.65694487594166     
  -16.272082094778046       0.91735660862155000        147.65665119493295     
  -16.258646242394310       0.91824714413692021        147.65643646908802     
  -16.249292677890971       0.91886710616417067        147.65628782190242     
  -16.243294271796206       0.91926468669582029        147.65619285669996     
  -16.239914855675572       0.91948867828691161        147.65613947912516     
  -16.238411204423784       0.91958834211831764        147.65611575792238     
  -10.142035038128316        1.3236635594952679        147.55994094671479     
  -8.6180350381283155        1.4246761306497604        147.53589872748779     
  -7.0940350381283164        1.5256887018042526        147.51185650826079     
  -5.5700350381283155        1.6267012729587451        147.48781428903379     
