     -23.6790841532239433       97.9570932336021087       71.3823768095703315
     -23.6792093152546563       97.9653017850568659       71.3711032541646517
     -23.6802621005824570       97.9754018458500298       71.3571728147221052
     -23.6828837309236739       97.9875969052212241       71.3402641112138980
     -23.6877266984833277       98.0014474672445175       71.3209375846578553
     -23.6954360467409941       98.0165693320676326       71.2996785469998997
     -23.7066489750568330       98.0325792277034367       71.2769719962166306
     -23.7219939526233112       98.0490614398428590       71.2533486865859373
     -23.7420896644657482       98.0655423637545312       71.2294203755107134
     -23.7675439845117111       98.0814651490090768       71.2059149759012797
     -23.7989531317363259       98.0961582088680757       71.1837201482560715
     -23.8369012115237986       98.1087894665487141       71.1639464708872111
     -23.8819605047736161       98.1182916133009400       71.1480303713886855
     -23.9346932966740233       98.1232259953947334       71.1379212109733885
     -23.9955704517800648       98.1250592001037631       71.1315650943712967
     -24.0649951640745066       98.1271323749000572       71.1243227811348646
     -24.1434285142912586       98.1294634825973731       71.1161332462503708
     -24.2313073366716516       98.1320612396517191       71.1069483267091726
     -24.3290428392630247       98.1349327400061071       71.0967221949069312
     -24.4370194830567726       98.1380833365486041       71.0854115095023502
     -24.5555939341643175       98.1415165233530331       71.0729755775565906
     -24.6850940919910116       98.1452338192389959       71.0593765294896258
     -24.8258181961720972       98.1492346532859017       71.0445795080495515
     -24.9780340153366822       98.1535162567958253       71.0285528747774606
     -25.1419781243621827       98.1580735948302561       71.0112684575735358
     -25.3178552627615261       98.1628992674439331       70.9927017877801063
     -25.5058377788155255       98.1679834023255466       70.9728323408498483
     -25.7060651652399272       98.1733135715593619       70.9516438018787454
     -25.9186436864591521       98.1788747237089154       70.9291243464988526
     -26.1436461099323694       98.1846492115504077       70.9052669911524305
     -26.3811115141128241       98.1906167592419195       70.8800698936767191
     -26.6310451805756720       98.1967543837988615       70.8535366082710283
     -26.8934185917579143       98.2030364009337688       70.8256763842026515
     -27.1681695479952232       98.2094345992019129       70.7965045625814895
     -27.4552023440584030       98.2159182551228156       70.7660428279927345
     -27.7543880270700392       98.2224541159105797       70.7343193992964103
     -28.0655647928110028       98.2290066519564959       70.7013693697333991
     -28.3885384555787610       98.2355382603139589       70.6672349588644408
     -28.7230829553887546       98.2420092490516481       70.6319655468076206
     -29.0689410348424246       98.2483782311795864       70.5956179361359943
     -29.4258249569337096       98.2546023636431443       70.5582564283354827
     -29.7934172649373359       98.2606374361741217       70.5199527128050505
     -30.1713717329224735       98.2664384382432701       70.4807860143982765
     -30.5593142621995781       98.2719596517844565       70.4408428113214313
     -30.9568439419199848       98.2771550851294222       70.4002167060290134
     -31.3635341609025886       98.2819788774211389       70.3590081809552572
     -31.7789337348081027       98.2863855007835241       70.3173241162272831
     -32.2025682350307108       98.2903303515963529       70.2752775023733278
     -32.6339412138081144       98.2937698676685443       70.2329867372372263
     -33.0725356472728791       98.2966621112007601       70.1905751768762087
     -33.5178152607575086       98.2989669197164062       70.1481703019761795
     -33.9692260592665107       98.3006464021148076       70.1059030621388217
     -34.4261977568222193       98.3016651268784329       70.0639069396365102
     -34.8881453731452353       98.3019905017398656       70.0223170985492374
     -35.3544707473424893       98.3015929773166022       69.9812693675213211
     -35.8245641902275551       98.3004463279185927       69.9408992482584750
     -36.2978060593706289       98.2985278429286353       69.9013408433783496
     -36.7735684551637547       98.2958185002514284       69.8627257676894118
     -37.2512168381788200       98.2923031430042329       69.8251820715128986
     -37.7301117548172940       98.2879705404504449       69.7888331054104185
     -38.2096104824121312       98.2828135580237330       69.7537965001629772
     -38.6890687529458006       98.2768291007470367       69.7201830363954969
     -39.1678422511418489       98.2700183081341549       69.6880957264550887
     -39.6452881743822303       98.2623864462001819       69.6576286765887431
     -40.1207668713928030       98.2539431539528323       69.6288662611783309
     -40.5936435481800331       98.2447022500112723       69.6018820941227006
     -41.0632899271921303       98.2346819642141469       69.5767384255288590
     -41.5290859311695968       98.2239046636228323       69.5534853159502688
     -41.9904213287451213       98.2123970651376652       69.5321603009902702
     -42.4466973756080677       98.2001898864506444       69.5127878111100728
     -42.8973284185656638       98.1873180504716743       69.4953791410212744
     -43.3417434628350478       98.1738202396188768       69.4799321178875431
     -43.7793876949325451       98.1597391425522545       69.4664314163358370
     -44.2097240896660395       98.1450912038968113       69.4548903641536981
     -44.6322355600337772       98.1296840556216381       69.4456100033907830
     -45.0464248353116190       98.1132615000975079       69.4389732637935992
     -45.4518157468924713       98.0956108448701372       69.4352946553458281
     -45.8479559768782821       98.0765634729931577       69.4348182660038589
     -46.2344192052350422       98.0559952601165605       69.4377185542899156
     -46.6108069965999690       98.0338254582667759       69.4441016530681452
     -46.9767505364438804       98.0100152953681203       69.4540079608075160
     -47.3319120470336259       97.9845661946332314       69.4674158077196893
     -47.6759856712903769       97.9575167150322557       69.4842453539563252
     -48.0086978179637711       97.9289402209126081       69.5043638911570412
     -48.3298069741429117       97.8989413645275590       69.5275909343746008
     -48.6391032828417593       97.8676526172508119       69.5537037734623027
     -48.9364081024894162       97.8352311489153124       69.5824435595407067
     -49.2215734453321119       97.8018548343810181       69.6135209168295290
     -49.4944822123392569       97.7677185457738318       69.6466218648112374
     -49.7550488807260081       97.7330305765536309       69.6814140427591582
     -50.0032200234803028       97.6980085072462430       69.7175526254846432
     -50.2389746765853715       97.6628750806722223       69.7546861552317239
     -50.4623245886534164       97.6278546119643664       69.7924625047868687
     -50.6733143347351103       97.5931692551454262       69.8305343466326747
     -50.8720213086664685       97.5590353611714534       69.8685641714084937
     -51.0585556051953944       97.5256601240045455       69.9062288908371841
     -51.2330598034176532       97.4932387374779239       69.9432240986325269
     -51.3957086416623028       97.4619517399767545       69.9792676909178937
     -51.5467085926506670       97.4319627061725413       70.0141029114077327
     -51.6862973428203603       97.4034163131919826       70.0475008111274065
     -51.8147431790861361       97.3764367874094745       70.0792621153633348
     -51.9323442908919759       97.3511268545930903       70.1092185917091655
     -52.0394279850083308       97.3275670309855485       70.1372338241597362
     -52.1363498176746205       97.3058152780710657       70.1632034458122291
     -52.2234926481185369       97.2859070221594493       70.1870548804181169
     -52.3012656166934278       97.2678555126192634       70.2087466347554994
     -52.3701030508977681       97.2516524873373527       70.2282671894501789
     -52.4304633025918463       97.2362924461343567       70.2469854635133828
     -52.4828275197634539       97.2206525137450512       70.2664305767086717
     -52.5276983563578099       97.2049474541579741       70.2862792332086741
     -52.5655986236975039       97.1893730996352332       70.3062349871277519
     -52.5970698871718696       97.1741055335556325       70.3260292523389268
     -52.6226710119964451       97.1593048206247971       70.3454160202922623
     -52.6429766619517281       97.1451185989023571       70.3641667786409926
     -52.6585757551238345       97.1316859670410082       70.3820650357655921
     -52.6700698807809857       97.1191422497221168       70.3988996501645090
     -52.6780716816212760       97.1076256059113092       70.4144556377222983
     -52.6832032057210498       97.0972873569542543       70.4284998726278673
     -52.6860942325955932       97.0883101608911403       70.4407559984504701
     -52.6873805778568283       97.0809424896909690       70.4508568995371576
     -52.6877023810140699       97.0749886618161639       70.4590473041344723
     -52.6873805778568283       97.0690467040588203       70.4672463243101248
     -52.6860942325955932       97.0617264871075207       70.4773816686783761
     -52.6832032057210498       97.0528559769161774       70.4897152293273024
     -52.6780716816212760       97.0427072084958553       70.5038969931503203
     -52.6700698807809999       97.0314863230190809       70.5196676482628817
     -52.6585757551239269       97.0193680712716429       70.5368110744292665
     -52.6429766619523534       97.0065140347949892       70.5551292881271053
     -52.6226710119998131       96.9930830201003573       70.5744281914559224
     -52.5970698871867341       96.9792377507856287       70.5945084402742395
     -52.5655986237538286       96.9651497328262337       70.6151588460692210
     -52.5276983565458906       96.9510032557412416       70.6361509831781831
     -52.4828275203282075       96.9369991105460826       70.6572341988309631
     -52.4304633041405665       96.9233584557879340       70.6781304295954556
     -52.3701030548237298       96.9103221106480106       70.6985352913180520
     -52.3012656260504514       96.8967842393161192       70.7199902719912501
     -52.2234926693474080       96.8817549423191764       70.7438756153472923
     -52.1363498637500840       96.8652477308860682       70.7701956084850252
     -52.0394280810687420       96.8472979460501335       70.7989247985985912
     -51.9323444839307768       96.8279636057451256       70.8300070180210355
     -51.8147435540985057       96.8073259645011319       70.8633548268275177
     -51.6862980488992960       96.7854897497403073       70.8988494181875808
     -51.5467098839861393       96.7625830422301050       70.9363410251432498
     -51.3957109402772900       96.7387567516705502       70.9756498444099577
     -51.2330637928325174       96.7141836291593080       71.0165674733610928
     -51.0585623670989079       96.6890569555847748       71.0588589871736787
     -50.8720325181347732       96.6635887764896324       71.1022655712011584
     -50.6733325336328306       96.6380076855934789       71.1465077038904212
     -50.4623535616504384       96.6125561545583906       71.1912888655333944
     -50.2390199598707099       96.5874872929281594       71.2362996474446959
     -50.0032895830127799       96.5630614160421175       71.2812224834694774
     -49.7551540052440231       96.5395422743706746       71.3257368243375964
     -49.4946386772838736       96.5171928400528572       71.3695245911702756
     -49.2218030190038505       96.4962705237340117       71.4122757142712885
     -48.9367404881886046       96.4770226083495146       71.4536942292668584
     -48.6395786260911223       96.4596815094634650       71.4935045276658059
     -48.3304790584225969       96.4444594420017154       71.5314573324956342
     -48.0096368934690219       96.4315433516857610       71.5673358418375187
     -47.6772791816899968       96.4210904459841345       71.6009618647765507
     -47.3336632605591348       96.4132232993122926       71.6322008990641450
     -46.9790749897264561       96.4080258836952453       71.6609669718926199
     -46.6138270768389305       96.4055403813791685       71.6872269607901274
     -46.2382577007900579       96.4057636785196337       71.7110034812074275
     -45.8527296124724515       96.4086455392035049       71.7323777999017409
     -45.4576295574851059       96.4140866322248939       71.7514914103503969
     -45.0533678942521050       96.4219373530867472       71.7685469493260797
     -44.6403782623966663       96.4319976971420800       71.7838085990494648
     -44.2191173165714986       96.4440169528702711       71.7976010143623711
     -43.7900650353276575       96.4576956641559917       71.8103076207686399
     -43.3537233698101048       96.4727952801672046       71.8222219868108596
     -42.9106134542249364       96.4892889950595531       71.8333463456607717
     -42.4612749281832151       96.5071719416718139       71.8436454694829081
     -42.0062646676030198       96.5264307293664388       71.8530884020267280
     -41.5461553208424448       96.5470430315696717       71.8616484132869289
     -41.0815338239601644       96.5689779099745351       71.8693033923463815
     -40.6129998873907709       96.5921956912925737       71.8760358007399844
     -40.1411644400173415       96.6166484404008798       71.8818329666735565
     -39.6666480554086291       96.6422800651888423       71.8866870055479126
     -39.1900793213987768       96.6690269529469077       71.8905950402679395
     -38.7120932104434630       96.6968182706540773       71.8935590801816886
     -38.2333293796149647       96.7255767392367005       71.8955861663512223
     -37.7544304826904664       96.7552191032273470       71.8966882087103158
     -37.2760402598419134       96.7856570165837411       71.8968820265078961
     -36.7988016989750477       96.8167977200735237       71.8961890816041489
     -36.3233552565259785       96.8485450053632775       71.8946353326597318
     -35.8503371821207892       96.8808000094349069       71.8922509165924168
     -35.3803777476737764       96.9134621462470278       71.8890698988705736
     -34.9140995875123181       96.9464299547848327       71.8851299408191977
     -34.4521159420792458       96.9796019500904123       71.8804719603581930
     -33.9950290317111552       97.0128774715284550       71.8751397936584482
     -33.5434283341782944       97.0461574082759455       71.8691797800802732
     -33.0978890144270324       97.0793450037527208       71.8626404305414468
     -32.6589702536631350       97.1123464207326919       71.8555719533745503
     -32.2272137605099473       97.1450714856340056       71.8480259564906589
     -31.8031421689204592       97.1774340451757013       71.8400549140958447
     -31.3872576511878592       97.2093526283879470       71.8317119174375449
     -30.9800404135048950       97.2407506064926821       71.8230501177644527
     -30.5819474231875219       97.2715567322651111       71.8141225190032770
     -30.1934110653549226       97.3017051716566215       71.8049814742391561
     -29.8148379452003702       97.3311357866419229       71.7956784447846843
     -29.4466077231156831       97.3597942177231772       71.7862636797650424
     -29.0890719865355223       97.3876317828577811       71.7767858272813584
     -28.7425533101562962       97.4146056977323411       71.7672918480414523
     -28.4073442656345740       97.4406787338700724       71.7578265778156066
     -28.0837066232190047       97.4658192531967558       71.7484326277788114
     -27.7718706177697037       97.4900010879989480       71.7391502274692385
     -27.4720342514640059       97.5132031550467673       71.7300169246292114
     -27.1843627749171901       97.5354094276487160       71.7210675964487763
     -26.9089882198151003       97.5566086779619184       71.7123343346075188
     -26.6460090024746599       97.5767940865400334       71.7038462706731110
     -26.3954896717372840       97.5959630863486183       71.6956296066327212
     -26.1574607474896226       97.6141171711805669       71.6877076466602148
     -25.9319186180238681       97.6312614981526536       71.6801007001081700
     -25.7188255591952952       97.6474046374537750       71.6728261104293551
     -25.5181098569087155       97.6625583919161642       71.6658983480195104
     -25.3296660147262038       97.6767375773641362       71.6593290812666055
     -25.1533550438604507       97.6899597214298296       71.6531271923039128
     -24.9890048588687783       97.7022448585917260       71.6472988661379731
     -24.8364107643697309       97.7136153441978195       71.6418476935863424
     -24.6953360318881820       97.7240956950685842       71.6367747910862391
     -24.5655125620565293       97.7337124350075612       71.6320789194652576
     -24.4466416257709653       97.7424939124342558       71.6277565761110253
     -24.3383946924518746       97.7504701668305529       71.6238021156572700
     -24.2404143388886801       97.7576728126517196       71.6202078754786982
     -24.1523152354276860       97.7641349350728177       71.6169643015085597
     -24.0736852067074096       97.7698909966364766       71.6140600736353861
     -24.0040863639419833       97.7749767536440686       71.6114822300358895
     -23.9430561166077602       97.7794369748974219       71.6092056593663813
     -23.8900275625318272       97.7866607939867976       71.6026433357435508
     -23.8444576921824947       97.7981476717342133       71.5897833254064437
     -23.8058539026531939       97.8124718060722529       71.5726030614450366
     -23.7736954469336652       97.8285820373923087       71.5525701312681406
     -23.7474382380073017       97.8456653227927120       71.5308290060664973
     -23.7265182063584170       97.8630715914468112       71.5083036232576745
     -23.7103539943217108       97.8802676034547829       71.4857602174446782
     -23.6983493410917134       97.8968050920649233       71.4638505867167879
     -23.6898953516282376       97.9122950660582774       71.4431469362328926
     -23.6843727963918091       97.9263820483121634       71.4241768364386189
     -23.6811546277166585       97.9387104249990301       71.4074690278063855
     -23.6796090261999161       97.9488698327032665       71.3936279960047671
     -23.6790841532239433       97.9570932336021087       71.3823768095703315
