      -4.0381360456294324      127.2381195112376417      -42.4037577315395495
      -4.0398383564234308      127.2309954240865864      -42.4251845929840741
      -4.0433954855658465      127.2222453306727772      -42.4515337358384315
      -4.0498880216882824      127.2117038644815352      -42.4833256091962568
      -4.0602975058837893      127.1997643929562258      -42.5194018921593440
      -4.0756034556324767      127.1867727449316448      -42.5587486306203644
      -4.0967727939322600      127.1730747442918243      -42.6003541832943782
      -4.1247523127510224      127.1590455754729021      -42.6431219524592606
      -4.1604623084599783      127.1451123303200035      -42.6858037569213806
      -4.2047902769137684      127.1317765268519935      -42.7269334023240717
      -4.2585837844835996      127.1196419974693441      -42.7647441817795766
      -4.3226413592823034      127.1094551905491556      -42.7970490746311185
      -4.3976993028124811      127.1021706530566746      -42.8210451743381029
      -4.4844097962832841      127.0990697846078206      -42.8329577447720879
      -4.5838088406675883      127.0988729101894990      -42.8366166050499970
      -4.6971663466341020      127.0986438627388253      -42.8407619113625344
      -4.8252380696534836      127.0983694891436073      -42.8454395552945755
      -4.9687390166203302      127.0980426110033648      -42.8506731745326945
      -5.1283426115911155      127.0976551876552065      -42.8564842572615134
      -5.3046788567149754      127.0971982958146071      -42.8628919756088820
      -5.4983326036804261      127.0966621239424938      -42.8699130173196323
      -5.7098419403038525      127.0960359988910398      -42.8775614229616906
      -5.9396966976130203      127.0953085941295484      -42.8858484805259437
      -6.1883370789433085      127.0944680209147180      -42.8947825782340288
      -6.4561524150024940      127.0935018630654696      -42.9043690375550852
      -6.7434800513635444      127.0923972713690944      -42.9146099672523462
      -7.0506043775953700      127.0911409153337672      -42.9255040719933447
      -7.3777559790605505      127.0897192140069762      -42.9370465599153306
      -7.7251109313480804      127.0881184798714543      -42.9492290278435220
      -8.0927902554495841      127.0863246832816174      -42.9620392266554418
      -8.4808595231327164      127.0843238212241175      -42.9754610326177797
      -8.8893286138681553      127.0821022391217241      -42.9894744019501260
      -9.3181516120362939      127.0796468483777062      -43.0040552989407132
      -9.7672268524808672      127.0769452204681045      -43.0191755951320616
     -10.2363971365078115      127.0739855860365566      -43.0348029515884249
     -10.7254500892168778      127.0707570688636423      -43.0509007985104333
     -11.2341186935269874      127.0672495880335333      -43.0674282230405581
     -11.7620819701996506      127.0634543644582521      -43.0843400851048131
     -12.3089658306440128      127.0593641274362540      -43.1015870578758395
     -12.8743440863728420      127.0549725598177702      -43.1191154386897892
     -13.4577396184592022      127.0502743073449210      -43.1368671823129759
     -14.0586257036200859      127.0452652119160746      -43.1547800440790184
     -14.6764274983961513      127.0399430208011751      -43.1727879211463801
     -15.3105236781694565      127.0343071892336013      -43.1908209244849104
     -15.9602482162484449      127.0283554081410671      -43.2088043769205257
     -16.6248923248306610      127.0220914884350378      -43.2266617144004854
     -17.3037065218918045      127.0155312847802520      -43.2443167774617407
     -17.9959027569821011      127.0087024562363354      -43.2616941077803219
     -18.7006566383479473      127.0016338532825557      -43.2787158203225246
     -19.4171098106306843      126.9943562706058771      -43.2953024154154349
     -20.1443724388691230      126.9869059098934088      -43.3113745821683622
     -20.8815257950560884      126.9793228399475993      -43.3268533597101211
     -21.6276249180222919      126.9716506350854814      -43.3416607549145212
     -22.3817013475860449      126.9639363012368847      -43.3557205062077315
     -23.1427659218336856      126.9562300383899469      -43.3689588306913549
     -23.9098116243832735      126.9485848039499132      -43.3813051322348215
     -24.6818164710689238      126.9410558490213390      -43.3926927180264883
     -25.4577464235598967      126.9337002294817580      -43.4030595121915255
     -26.2365583168440040      126.9265761395726599      -43.4123487017013403
     -27.0172027915507726      126.9197422036459102      -43.4205093477641952
     -27.7986272198219098      126.9132568038821205      -43.4274969760414464
     -28.5797786996792382      126.9071773510509900      -43.4332740913738036
     -29.3596078961313935      126.9015594844340882      -43.4378104132265364
     -30.1370728918502273      126.8964564556489165      -43.4410826871051157
     -30.9111421253803229      126.8919185560774423      -43.4430743164974942
     -31.6807971475961949      126.8879924423322905      -43.4437749066021226
     -32.4450352774688184      126.8847206083566590      -43.4431798138573342
     -33.2028721571881604      126.8821410033105082      -43.4412897052393703
     -33.9533442107448380      126.8802865865093850      -43.4381100582835487
     -34.6955110167333984      126.8791847052312676      -43.4336505625292020
     -35.4284576142966259      126.8788569416319945      -43.4279246396380927
     -36.1512967727022243      126.8793189318198102      -43.4209489024182815
     -36.8631712721994305      126.8805802750893861      -43.4127425750288936
     -37.5632552845711061      126.8826717903694714      -43.4032473277454400
     -38.2507523203590765      126.8858133326048687      -43.3918361501966885
     -38.9249060771815607      126.8902804569132456      -43.3777025529727851
     -39.5850027769563582      126.8963066169924332      -43.3601466357343810
     -40.2303642011618408      126.9040815016501398      -43.3385803598872599
     -40.8603441550582076      126.9137500106715351      -43.3125308905339708
     -41.4743258125029755      126.9254119306280444      -43.2816427950014031
     -42.0717195607918342      126.9391220885109419      -43.2456789853404047
     -42.6519622733519412      126.9548908818911173      -43.2045202635980488
     -43.2145189835847106      126.9726857775731190      -43.1581633733187857
     -43.7588874325161612      126.9924334167961604      -43.1067169951514160
     -44.2846049143512772      127.0140223453310284      -43.0503953082666371
     -44.7912559097237306      127.0373072505168039      -42.9895093294657755
     -45.2784792768552506      127.0621132920845611      -42.9244558488877743
     -45.7459752815042435      127.0882420014916363      -42.8557047644588138
     -46.1935073212031000      127.1154767150910629      -42.7837849819703990
     -46.6209003891779474      127.1435878290216124      -42.7092705250407860
     -47.0280397745573211      127.1723376014054736      -42.6327671626034714
     -47.4148700098405129      127.2014854425501653      -42.5548999233108489
     -47.7813939573171425      127.2307919643515532      -42.4763009949926058
     -48.1276719704386409      127.2600233436403556      -42.3975986244511773
     -48.4538210728418264      127.2889545535168594      -42.3194066278744074
     -48.7600141312466562      127.3173726313816445      -42.2423149905740729
     -49.0464789922918740      127.3450794900965377      -42.1668814653520201
     -49.3134975598297416      127.3718939358178659      -42.0936241171634222
     -49.5614048070099003      127.3976535562022576      -42.0230150747255422
     -49.7905877030324646      127.4222161117715757      -41.9554753869330526
     -50.0014840440261850      127.4454603217150463      -41.8913709483425052
     -50.1945811827348720      127.4672863627488937      -41.8310095784097911
     -50.3704146520253175      127.4876163254155443      -41.7746392939502087
     -50.5295666772085781      127.5063940706886427      -41.7224475330711968
     -50.6726645761114440      127.5235847685327002      -41.6745613487183277
     -50.8003790464643075      127.5391742065133371      -41.6310485112730362
     -50.9134223426004979      127.5531678761209378      -41.5919194210623004
     -51.0125463458404127      127.5664376127593584      -41.5545271167036816
     -51.0985405287631238      127.5799538176654693      -41.5159136358093619
     -51.1722298189801492      127.5935248939421598      -41.4766862767825799
     -51.2344723681441607      127.6069773858727672      -41.4374015642450644
     -51.2861572318670866      127.6201564888284850      -41.3985631547796373
     -51.3282019665586233      127.6329226087811861      -41.3606318609546832
     -51.3615501496784361      127.6451480508713985      -41.3240353012850363
     -51.3871688301416256      127.6567134683742069      -41.2891783258390319
     -51.4060459158283010      127.6675035751328977      -41.2564557652343140
     -51.4191875053274501      127.6774012973916825      -41.2262700660586034
     -51.4276151711940557      127.6862787590465871      -41.1990588026789126
     -51.4323632021205057      127.6939815668865492      -41.1753430381731889
     -51.4344758115225176      127.7002991519500057      -41.1558190245334998
     -51.4350043201157590      127.7054016139588271      -41.1400018583690681
     -51.4344758115225176      127.7104913954370602      -41.1241806072008700
     -51.4323632021205057      127.7167583020547141      -41.1046402676162472
     -51.4276151711940557      127.7243472668901489      -41.0808878288480486
     -51.4191875053274501      127.7330228482183685      -41.0536115301846891
     -51.4060459158282441      127.7426062529056026      -41.0233245743251302
     -51.3871688301410856      127.7529458909127413      -40.9904568962466556
     -51.3615501496747129      127.7639019058677547      -40.9554036031696000
     -51.3282019665386713      127.7753374355218199      -40.9185525750242860
     -51.2861572317788514      127.7871130660994083      -40.8803021973300034
     -51.2344723678096869      127.7990828717986886      -40.8410742155653637
     -51.1722298178631831      127.8110912124553522      -40.8013242731403096
     -51.0985405254091916      127.8229697894007018      -40.7615516797652759
     -51.0125463366431049      127.8345345877200288      -40.7223095589897213
     -50.9134223192860134      127.8455866845346236      -40.6842028505459012
     -50.8003789908982171      127.8570647700081935      -40.6442633796183372
     -50.6726644500478756      127.8698060274986119      -40.5998330288381126
     -50.5295664036047896      127.8837999226936546      -40.5509170506481880
     -50.3704140816174331      127.8990184276173778      -40.4975787942117691
     -50.1945800365012929      127.9154156425012303      -40.4399418025040731
     -50.0014818173330369      127.9329277075197950      -40.3781911294304336
     -49.7905835107254546      127.9514730547583952      -40.3125737960506925
     -49.5613971400584887      127.9709529624274609      -40.2433982910954313
     -49.3134839129804234      127.9912521695510890      -40.1710329741614274
     -49.0464553082067454      128.0122401412932334      -40.0959035215314401
     -48.7599739894930053      128.0337727589899828      -40.0184893187873101
     -48.4537545315741198      128.0556941209283082      -39.9393187025052541
     -48.1275639443714311      128.0778385555938428      -39.8589631109605378
     -47.7812219871614303      128.1000331955776517      -39.7780303081453823
     -47.4146012449375647      128.1221004084997048      -39.6971565474212511
     -47.0276269504241640      128.1438603737979065      -39.6169978829884144
     -46.6202765320600250      128.1651342381092036      -39.5382209126749800
     -46.1925788470169110      128.1857465948932600      -39.4614927480888582
     -45.7446130667426587      128.2055286567504027      -39.3874708572180054
     -45.2765071459837216      128.2243204479451038      -39.3167925262342806
     -44.7884357742740775      128.2419736607450318      -39.2500647593941991
     -44.2806178328735243      128.2583540980455723      -39.1878546523218318
     -43.7533168535550701      128.2733438857735564      -39.1306803367638594
     -43.2068464623293167      128.2868429719965775      -39.0790012563882172
     -42.6415756197489628      128.2987717462598027      -39.0332079280959192
     -42.0579339559949759      128.3090731512594118      -38.9936108143389148
     -41.4564159612252965      128.3177155512404113      -38.9604288046133362
     -40.8375825480987018      128.3246954049786268      -38.9337775043352536
     -40.2020594596975798      128.3300396100623857      -38.9136580685670950
     -39.5505330205669736      128.3338078534066824      -38.8999474960828806
     -38.8837442512255080      128.3360943487321890      -38.8923908354147372
     -38.2024823009014796      128.3370289834689402      -38.8905957066906396
     -37.5075768232982938      128.3367780485517073      -38.8940294787223309
     -36.7998868119219225      128.3355436213539065      -38.9020213283484537
     -36.0802986499988307      128.3334759583227651      -38.9140516066818023
     -35.3497325108479217      128.3305540149747230      -38.9301460024318757
     -34.6091356828883008      128.3267359698661494      -38.9503792069439427
     -33.8594791760951068      128.3219838767660974      -38.9747943420633192
     -33.1017550917684247      128.3162639855168834      -39.0034031284080598
     -32.3369738558590853      128.3095470302739045      -39.0361863573788881
     -31.5661613758673134      128.3018084450105505      -39.0730946675859556
     -30.7903561627054501      128.2930289584483319      -39.1140497628998247
     -30.0106064453629635      128.2831948444748207      -39.1589458413734022
     -29.2279673045091783      128.2722980618941619      -39.2076512869368230
     -28.4434978422231133      128.2603364857704378      -39.2600106601001997
     -27.6582583993923841      128.2473141430701560      -39.3158469306223779
     -26.8733079122599783      128.2332412716395140      -39.3749638526467507
     -26.0897021434214800      128.2181343714022148      -39.4371483068800401
     -25.3084918655146751      128.2020163551103451      -39.5021723745109057
     -24.5307201893326194      128.1849165210675210      -39.5697953200884598
     -23.7574198403033421      128.1668704715683873      -39.6397656346890770
     -22.9896104749980879      128.1479200190949257      -39.7118231323309203
     -22.2282960424210074      128.1281129874949727      -39.7857010473226751
     -21.4744621961698030      128.1075028479681066      -39.8611280902552423
     -20.7290737609611284      128.0861483317956129      -39.9378304836640368
     -19.9930722586658085      128.0641130072649787      -40.0155339517614763
     -19.2673734997219874      128.0414646064884323      -40.0939655766042478
     -18.5528652452950205      128.0182743347646124      -40.1728555736046573
     -17.8504049459930343      127.9946166218617805      -40.2519391134885254
     -17.1608175518097923      127.9705698154962619      -40.3309583350378631
     -16.4848934143312356      127.9462104332913697      -40.4096622076152769
     -15.8233862734578850      127.9216156776731168      -40.4878088558821148
     -15.1770112793185241      127.8968715400375373      -40.5651695386933397
     -14.5464430009486829      127.8720720374830222      -40.6415297407727749
     -13.9323137197725231      127.8473100869919534      -40.7166874618537449
     -13.3352118759787466      127.8226723527290432      -40.7904525607427644
     -12.7556806255186697      127.7982423477779435      -40.8626485401412722
     -12.1942164851288375      127.7740997692830689      -40.9331129617890852
     -11.6512680830662809      127.7503197838572646      -41.0016976744801553
     -11.1272350212406224      127.7269725199370214      -41.0682689458415098
     -10.6224668390997063      127.7041232650343545      -41.1327076695488927
     -10.1372621000564944      127.6818327844428609      -41.1949094743909043
      -9.6718675878863358      127.6601570307984304      -41.2547845124366788
      -9.2264776411033669      127.6391467352100335      -41.3122570967068867
      -8.8012335982193495      127.6188476264760681      -41.3672654444452235
      -8.3962233928311036      127.5993002654177104      -41.4197612139944695
      -8.0114812626502570      127.5805402436237586      -41.4697090920768829
      -7.6469876153117706      127.5625982016202329      -41.5170862693947385
      -7.3026690203234805      127.5454997951905227      -41.5618818593717734
      -6.9783983653094488      127.5292655035976424      -41.6040962347626504
      -6.6739951633922345      127.5139106202224326      -41.6437403974906175
      -6.3892259678156691      127.4994456886600176      -41.6808354867238009
      -6.1238049430513639      127.4858764964067461      -41.7154121508781444
      -5.8773945765669344      127.4732041454364548      -41.7475099597257326
      -5.6496065248676217      127.4614253098084333      -41.7771768981939644
      -5.4400026094230283      127.4505323467784592      -41.8044688366269597
      -5.2480959522529158      127.4405135071913122      -41.8294490603031335
      -5.0733522450027939      127.4313529648292729      -41.8521877673188598
      -4.9151911494938352      127.4230308557680615      -41.8727615970684894
      -4.7729878269627211      127.4155234579643690      -41.8912532306709906
      -4.6460745909728152      127.4088033838208105      -41.9077510190707301
      -4.5337426798280447      127.4028397746687347      -41.9223486317327030
      -4.4352452546947232      127.3975918230297992      -41.9351650323168172
      -4.3502748448879416      127.3901517426470491      -41.9550361653496537
      -4.2782195275713679      127.3792230005080341      -41.9858764948055452
      -4.2180174491944564      127.3660113163583958      -42.0239800208587084
      -4.1686293715385458      127.3514020249034928      -42.0666180816616233
      -4.1290215512971438      127.3360778146125512      -42.1116828120444424
      -4.0981574777027490      127.3205832405686095      -42.1574909808929590
      -4.0749938295787089      127.3053641173187600      -42.2026636119545131
      -4.0584785387697302      127.2907945738921001      -42.2460429244748141
      -4.0475497905292830      127.2771988283454050      -42.2866253666570699
      -4.0411350631588068      127.2648730915281590      -42.3234944797564481
      -4.0381490802373925      127.2541144013607948      -42.3557331523204255
      -4.0374887984983490      127.2452677463198114      -42.3822811259747994
      -4.0381360456294324      127.2381195112376417      -42.4037577315395495
