     -25.8536261872919297       -0.1126165941634519      102.8796106491511608
     -25.8538168038693144       -0.0988072633008028      102.8796125524045664
     -25.8549403554607942       -0.0817727931430554      102.8795550813164112
     -25.8576327467842759       -0.0611403615929355      102.8793958529218031
     -25.8625357908209956       -0.0376179719122458      102.8790910252056818
     -25.8702843712399755       -0.0118212420625636      102.8785975009812859
     -25.8815056012947124        0.0156350119377895      102.8778730017437510
     -25.8968176666113870        0.0440804501530970      102.8768762266210217
     -25.9168285647457530        0.0727461708226327      102.8755670567696399
     -25.9421348708107402        0.1007218081804542      102.8739067803469567
     -25.9733206329254216        0.1269023052010543      102.8718583176347323
     -26.0109565313981470        0.1499107096513007      102.8693864204840906
     -26.0555995404701335        0.1679722580911067      102.8664578017844065
     -26.1077936123629506        0.1786853452358351      102.8630411014538311
     -26.1680158944160510        0.1845468714325890      102.8590995771459262
     -26.2366917996781410        0.1912159632314117      102.8545916407593097
     -26.3142767171026719        0.1987495919237706      102.8494820831320595
     -26.4012018228868044        0.2071891386668104      102.8437362432487703
     -26.4978727635418423        0.2165732700910556      102.8373199947622254
     -26.6046685321549994        0.2269377533823190      102.8301997520534599
     -26.7219404176305879        0.2383152632619995      102.8223424837795505
     -26.8500110332440762        0.2507351801805214      102.8137157614276731
     -26.9891734234398122        0.2642233792280643      102.8042878117457946
     -27.1396902483585585        0.2788020096352522      102.7940275479478345
     -27.3017930548184395        0.2944892653586547      102.7829046312591856
     -27.4756816340290939        0.3112991475842423      102.7708895474577844
     -27.6615234682282853        0.3292412205314395      102.7579537000349319
     -27.8594532804781458        0.3483203627763869      102.7440696067954065
     -28.0695726738217886        0.3685365163119620      102.7292110942435244
     -28.2919498426654386        0.3898844359690082      102.7133533667552285
     -28.5266193859847341        0.4123534442619936      102.6964731637976627
     -28.7735822316317709        0.4359271967389732      102.6785490274038608
     -29.0328056806453709        0.4605834620651403      102.6595617266548572
     -29.3042234827051935        0.4862939193669273      102.6394943109410463
     -29.5877360281893012        0.5130239800935565      102.6183323045277263
     -29.8832106994951978        0.5407326413431330      102.5960642619621268
     -30.1904822613907342        0.5693723734812849      102.5726820422649013
     -30.5093532968675234        0.5988890474513221      102.5481808376896282
     -30.8395948554936190        0.6292219120618507      102.5225598048917135
     -31.1809471250332635        0.6603036219528738      102.4958223829260788
     -31.5331201169390773        0.6920603202724622      102.4679762504763829
     -31.8957946211489762        0.7244117880088858      102.4390340913410000
     -32.2686230605030602        0.7572716537875066      102.4090135697961585
     -32.6512304898949992        0.7905476732803446      102.3779375287408442
     -33.0432157634662858        0.8241420819985634      102.3458345441518986
     -33.4441525487729834        0.8579520129696995      102.3127385762519737
     -33.8535906952059449        0.8918699933404411      102.2786896091152187
     -34.2710574038002918        0.9257844986353572      102.2437332798735952
     -34.6960586582319550        0.9595805729401121      102.2079211061910513
     -35.1280805801304439        0.9931405071044341      102.1713103090552721
     -35.5665908683900724        1.0263445746089892      102.1339636320008566
     -36.0110403177071561        1.0590718205650889      102.0959492397041828
     -36.4608642771314138        1.0912008925386862      102.0573402230603932
     -36.9154842767935918        1.1226109128252879      102.0182144290269122
     -37.3743095195820487        1.1531823752459498      101.9786537870876231
     -37.8367385683244777        1.1827980662759705      101.9387439899070245
     -38.3021608742253292        1.2113439919157587      101.8985737190152747
     -38.7699584890710369        1.2387103081527588      101.8582341558162909
     -39.2395076265732570        1.2647922372968099      101.8178181606139674
     -39.7101803745848869        1.2894909653220681      101.7774196386372978
     -40.1813462807363209        1.3127145047526825      101.7371327117248399
     -40.6523740383405467        1.3343785165546289      101.6970509954028614
     -41.1226329782871858        1.3544070948060123      101.6572668029691613
     -41.5914946248000348        1.3727335329159025      101.6178704132401123
     -42.0583342736093542        1.3893010324547987      101.5789493166517019
     -42.5225326230806147        1.4040633277712549      101.5405875303667358
     -42.9834773535137913        1.4169852155644380      101.5028649282787541
     -43.4405647280321006        1.4280429824253651      101.4658566679193683
     -43.8932011459394431        1.4372247228389761      101.4296326511402100
     -44.3408047003079702        1.4445305434852147      101.3942570780971408
     -44.7828066861233438        1.4499726509973414      101.3597881123965863
     -45.2186530897025634        1.4535753202244417      101.3262775196303522
     -45.6478060290698622        1.4553747498498704      101.2937706542182639
     -46.0697452384253410        1.4553683296495206      101.2623067953832674
     -46.4839699061485021        1.4532032932302297      101.2319240014487178
     -46.8899989927246708        1.4484242619502563      101.2026550262036153
     -47.2873725018751898        1.4406547119355924      101.1745255047518839
     -47.6756536142012237        1.4295989059599672      101.1475531217580368
     -48.0544304908895512        1.4150416152058558      101.1217485783027570
     -48.4233178197127287        1.3968465889494390      101.0971152900158501
     -48.7819582852387228        1.3749538810116428      101.0736499450586763
     -49.1300238146565960        1.3493761271857001      101.0513433030173331
     -49.4672164065083351        1.3201938974262879      101.0301800325062658
     -49.7932686594302893        1.2875503255087466      101.0101401384911668
     -50.1079438774078909        1.2516451520430050      100.9911992548942266
     -50.4110360026706132        1.2127283490071288      100.9733291302642044
     -50.7023695529140355        1.1710934478814738      100.9564989416580119
     -50.9817994087710247        1.1270706662957684      100.9406755644872646
     -51.2492110966691214        1.0810199119298849      100.9258240328262701
     -51.5045213683058378        1.0333236559784882      100.9119085527795505
     -51.7476786176485248        0.9843797665609514      100.8988928606266171
     -51.9786631569164470        0.9345944405747878      100.8867402968573117
     -52.1974874162440372        0.8843753637035829      100.8754145203450747
     -52.4041960181623807        0.8341251958728930      100.8648798917875098
     -52.5988657376427255        0.7842354782344862      100.8551016274886791
     -52.7816053562187406        0.7350810433947549      100.8460458052096556
     -52.9525554323191301        0.6870149978236139      100.8376795750114923
     -53.1118879726118038        0.6403643251443574      100.8299712499651122
     -53.2598060065033536        0.5954261475144919      100.8228902731792971
     -53.3965430709091535        0.5524646683182906      100.8164071501943653
     -53.5223626054843322        0.5117088043071584      100.8104933043433675
     -53.6375572654338413        0.4733505026663355      100.8051209525835077
     -53.7424481588509479        0.4375437255744415      100.8002630947492264
     -53.8373839992613483        0.4044040717631636      100.7958933777708808
     -53.9227401814726051        0.3740089962885520      100.7919859475387341
     -53.9989177843224581        0.3463985801730362      100.7885153074153806
     -54.0663425032913878        0.3215767940661513      100.7854561869984877
     -54.1254635160424158        0.2978783704558917      100.7827882689832535
     -54.1767522840378390        0.2734435074075900      100.7804902649417897
     -54.2207012935481387        0.2486521639582811      100.7785336637635112
     -54.2578227394280361        0.2238520920723580      100.7768904353916781
     -54.2886471551889400        0.1993575732475157      100.7755329428234177
     -54.3137219930200459        0.1754557627967265      100.7744338328749762
     -54.3336101575579065        0.1524127934896285      100.7735659356593629
     -54.3488884973131334        0.1304803603107777      100.7729021751039511
     -54.3601462576739536        0.1099037576472514      100.7724154902652742
     -54.3679834996505988        0.0909329771118094      100.7720787700507969
     -54.3730094885674760        0.0738399967815104      100.7718648020151733
     -54.3758410569870207        0.0589491461467274      100.7717462341356480
     -54.3771009462252763        0.0466946570025503      100.7716955456132837
     -54.3774161308846615        0.0367697087680521      100.7716853690710082
     -54.3771009462252763        0.0268447706027075      100.7717027884666692
     -54.3758410569870207        0.0145903217122938      100.7717624198434549
     -54.3730094885674760       -0.0003004384309969      100.7718918544773743
     -54.3679834996505988       -0.0173932580639610      100.7721182962738879
     -54.3601462576739536       -0.0363637878221037      100.7724688605649703
     -54.3488884973132045       -0.0569400298422520      100.7729705613092506
     -54.3336101575583115       -0.0788719727932830      100.7736503271574975
     -54.3137219930222273       -0.1019143026058187      100.7745350400392397
     -54.2886471551985750       -0.1258153046036653      100.7756515923422000
     -54.2578227394645509       -0.1503088262624502      100.7770269597316144
     -54.2207012936700679       -0.1751076923914903      100.7786882858270445
     -54.1767522844039533       -0.1998976014291711      100.7806629782683672
     -54.1254635170464340       -0.2243307811055817      100.7829788133173992
     -54.0663425058365235       -0.2480272518214118      100.7856640247728564
     -53.9989177903885462       -0.2728467998155273      100.7887412582187068
     -53.9227401952352565       -0.3004546780666685      100.7922320460967001
     -53.8373840291323447       -0.3308468990220333      100.7961616556936661
     -53.7424482211282850       -0.3639833661218737      100.8005555539910745
     -53.6375573905854424       -0.3997866112963371      100.8054395378364489
     -53.5223628486175187       -0.4381410273231782      100.8108398746345387
     -53.3965435286919288       -0.4788926513649968      100.8167834499494262
     -53.2598068437502761       -0.5218495487018158      100.8232979029825174
     -53.1118894629669427       -0.5667828364553903      100.8304116371848238
     -52.9525580189985874       -0.6134283788802430      100.8381539443565060
     -52.7816097406484275       -0.6614891734145647      100.8465551491349288
     -52.5988730060755714       -0.7106384343118807      100.8556466761627775
     -52.4042078190157739       -0.7605233685950268      100.8654610820626658
     -52.1975062040171522       -0.8107696249312714      100.8760319628364215
     -51.9786925222134499       -0.8609863830389978      100.8873937397724205
     -51.7477237272283617       -0.9107720408624690      100.8995816484362251
     -51.5045895445257074       -0.9597204387659256      100.9126315771317621
     -51.2493125728017844       -1.0074275493396652      100.9265796723586135
     -50.9819483065201098       -1.0534985502306971      100.9414616087989742
     -50.7025851430366501       -1.0975551999128819      100.9573124930251282
     -50.4113443325941262       -1.1392434119256813      100.9741664748656547
     -50.1083798461104806       -1.1782409224817669      100.9920556945930770
     -49.7938778550614245       -1.2142649238323742      101.0110098191150882
     -49.4680555812474481       -1.2470793972133856      101.0310558448882574
     -49.1311600005717395       -1.2765019353054676      101.0522168724768619
     -48.7834664910341971       -1.3024099389044725      101.0745117234209687
     -48.4252775192871283       -1.3247460462906346      101.0979547609856439
     -48.0569214416300099       -1.3435226871964163      101.1225545524857523
     -47.6787516637058104       -1.3588257440681049      101.1483140768098536
     -47.2911459379025629       -1.3708172505177407      101.1752299516809472
     -46.8945057699463774       -1.3797370996629321      101.2032918418625229
     -46.4892558813159340       -1.3859037213872489      101.2324827342792304
     -46.0758436252929329       -1.3897136544313784      101.2627778922333874
     -45.6547388372552021       -1.3916392371927564      101.2941455332831850
     -45.2264325218774630       -1.3920471373409700      101.3265485267204582
     -44.7914346433671753       -1.3909508553546677      101.3599484469523446
     -44.3502732439464182       -1.3883221064732745      101.3943008860632773
     -43.9034931772629022       -1.3841415923854459      101.4295550899581286
     -43.4516547070560151       -1.3783992044727718      101.4656539948782523
     -42.9953320704753139       -1.3710941386089450      101.5025345317580303
     -42.5351120290972062       -1.3622349203641151      101.5401279783970381
     -42.0715923669669820       -1.3518393425189970      101.5783603462001423
     -41.6053803833436433       -1.3399343191684885      101.6171529310708905
     -41.1370913283980002       -1.3265556569390193      101.6564228321147567
     -40.6673468412925914       -1.3117477497133194      101.6960836285758347
     -40.1967733269072127       -1.2955631988549321      101.7360460208748805
     -39.7260003419861576       -1.2780623655949117      101.7762185893028857
     -39.2556588181357213       -1.2593128429887495      101.8165085146047772
     -38.7863793418613270       -1.2393888280580341      101.8568223908203407
     -38.3187904421049552       -1.2183704264371147      101.8970669354993817
     -37.8535169752659044       -1.1963429189958965      101.9371498121999338
     -37.3911783963028483       -1.1733959972286987      101.9769802640809502
     -36.9323871570157465       -1.1496229816326531      102.0164699241808819
     -36.4777469703588508       -1.1251200271961026      102.0555333174610269
     -36.0278512330831688       -1.0999853321563680      102.0940886192491632
     -35.5832813112476103       -1.0743183517452324      102.1320580010630437
     -35.1446049934233073       -1.0482190337217034      102.1693682812261699
     -34.7123748360512039       -1.0217870757862413      102.2059511355618042
     -34.2871266460918989       -0.9951212197609525      102.2417435599118960
     -33.8693779363888652       -0.9683185833020560      102.2766880257632351
     -33.4596264276611990       -0.9414740380041706      102.3107326208739636
     -33.0583486688623935       -0.9146796395469751      102.3438312848467149
     -32.6659985646641218       -0.8880241089642567      102.3759435452895445
     -32.2830061997174838       -0.8615923820818220      102.4070349286402717
     -31.9097764291222994       -0.8354652113749433      102.4370763206220971
     -31.5466878163480295       -0.8097188341574548      102.4660443062043527
     -31.1940914390486626       -0.7844246905681298      102.4939206644988445
     -30.8523098454790450       -0.7596492000461331      102.5206921297983342
     -30.5216361823540900       -0.7354535943521617      102.5463504619859378
     -30.2023332165941127       -0.7118937962150551      102.5708916779754531
     -29.8946326283003643       -0.6890203528998954      102.5943160753315766
     -29.5987343360707449       -0.6668784128193618      102.6166279569183359
     -29.3148058382409538       -0.6455077413273946      102.6378349845681441
     -29.0429817718778303       -0.6249427779889772      102.6579481383975860
     -28.7833635292766452       -0.6052127253214455      102.6769814733810762
     -28.5360189091822036       -0.5863416641869578      102.6949515539602515
     -28.3009819305599031       -0.5683486955952652      102.7118772511862232
     -28.0782527677254237       -0.5512481029915364      102.7277796952264595
     -27.8677977191019863       -0.5350495279884444      102.7426818611332351
     -27.6695492911427188       -0.5197581583586847      102.7566082917050920
     -27.4834063938116984       -0.5053749236427111      102.7695849388385625
     -27.3092346431779767       -0.4918966955016895      102.7816390914146751
     -27.1468667387790994       -0.4793164897393315      102.7927991894789841
     -26.9961029275890532       -0.4676236680767999      102.8030946207718159
     -26.8567115711436344       -0.4568041381263864      102.8125556255410658
     -26.7284298008700532       -0.4468405493846613      102.8212132186403664
     -26.6109642592241009       -0.4377124839342404      102.8290991262219904
     -26.5039919262981947       -0.4293966410057578      102.8362457520960760
     -26.4071610237695538       -0.4218670146424032      102.8426861270628478
     -26.3200919955425796       -0.4150950642989039      102.8484538569841078
     -26.2423785669485454       -0.4090498785524377      102.8535831073706817
     -26.1735888759992292       -0.4036983320567901      102.8581085958328742
     -26.1132665495196754       -0.3989921829516624      102.8620656481817690
     -26.0608790387912350       -0.3892815514442633      102.8655149335066170
     -26.0159019770296851       -0.3720791544525185      102.8685016927429956
     -25.9778370134734722       -0.3497965409951329      102.8710491779739300
     -25.9461609021592672       -0.3242187934690456      102.8731846238253524
     -25.9203291568741143       -0.2967335280594131      102.8749385367504345
     -25.8997787747650676       -0.2684567797739240      102.8763441583837874
     -25.8839305395616961       -0.2403101747518999      102.8774370170626327
     -25.8721911342547095       -0.2130741252864196      102.8782545304080287
     -25.8639551879939589       -0.1874306992819429      102.8788356398421797
     -25.8586073516723722       -0.1640066250538833      102.8792204627593350
     -25.8555245221089898       -0.1434295838024794      102.8794499429938440
     -25.8540784182479300       -0.1264197594120845      102.8795654647466051
     -25.8536261872919297       -0.1126165941634519      102.8796106491511608
