  -62.521566555790287       -122.70791100209404        41.095844986322938     
  -60.997566555790286       -122.70939864511422        41.096343209678551     
  -59.473566555790285       -122.71088628813440        41.096841433034164     
  -57.949566555790284       -122.71237393115459        41.097339656389778     
  -51.843353064655382       -122.71833447307050        41.099335888788488     
  -51.834867053283880       -122.71834275663716        41.099338663020156     
  -51.822677403173458       -122.71835491995230        41.099342736610041     
  -51.806134418942229       -122.71837192622480        41.099348432144097     
  -51.784600139509330       -122.71839492501906        41.099356134618425     
  -51.757450057419049       -122.71842531141212        41.099366311246328     
  -51.724074801815235       -122.71846479149349        41.099379533375647     
  -51.683881780524942       -122.71851545337442        41.099396500214276     
  -51.636296776823343       -122.71857984282852        41.099418064011402     
  -51.580765496582345       -122.71866104266040        41.099445256268496     
  -51.516755061648055       -122.71876273509598        41.099479307798909     
  -51.443755445413203       -122.71888339619130        41.099519702623333     
  -51.361280846928466       -122.71902080885587        41.099565685899456     
  -51.268871000018208       -122.71917659524243        41.099617775195412     
  -51.166092414144245       -122.71935272939530        41.099676580497011     
  -51.052539544201871       -122.71955165056349        41.099742821204707     
  -50.927835886873879       -122.71977639463374        41.099817335001141     
  -50.791635001737760       -122.72003074400065        41.099901070940540     
  -50.643621456026423       -122.72031939624954        41.099995055820294     
  -50.483511692455984       -122.72064814241043        41.100100315328390     
  -50.311054820332693       -122.72102403894800        41.100217723626912     
  -50.126033334722749       -122.72145565171684        41.100347779384357     
  -49.928263765360391       -122.72195331981591        41.100490253618140     
  -49.717597260981968       -122.72252944964833        41.100643664313203     
  -49.493920116331246       -122.72319880836589        41.100804504906236     
  -49.257154251490654       -122.72397877319328        41.100966131751967     
  -49.007257664723909       -122.72488991544310        41.101117334631077     
  -48.744224872080700       -122.72595665487141        41.101240369867341     
  -48.468087356891878       -122.72720792026170        41.101308264148507     
  -48.178914063988202       -122.72867798700442        41.101281223206726     
  -47.876811990478039       -122.73040803243597        41.101102028744137     
  -47.561926923103591       -122.73244786131981        41.100689832048516     
  -47.234444404480307       -122.73485795860084        41.099931847230309     
  -46.894590850993680       -122.73771265095021        41.098673824017801     
  -46.542634131307814       -122.74110190967798        41.096713057044759     
  -46.178883285671688       -122.74513136001006        41.093795979284181     
  -45.803687353532034       -122.74992137535075        41.089620943265608     
  -45.417433246738703       -122.75560361204666        41.083845961438676     
  -45.020542832265200       -122.76231662059858        41.076100952429570     
  -44.613469520665767       -122.77020045856602        41.066002441786736     
  -44.196694683167522       -122.77939081754150        41.053168713116563     
  -43.770724152449681       -122.79001435613428        41.037234336487913     
  -43.336084927617911       -122.80218374593113        41.017862698415009     
  -42.893322179012486       -122.81599440365962        40.994756626524904     
  -42.442997004568035       -122.83152215363268        40.967663794141885     
  -41.985685040047990       -122.84882564879132        40.936377514682029     
  -41.521975136267962       -122.86794915410758        40.900736812158129     
  -41.052467947322526       -122.88891929715513        40.860624710123133     
  -40.577774491085712       -122.91174450955687        40.815967293855053     
  -40.098514704863739       -122.93641561285230        40.766732838986691     
  -39.615316028575663       -122.96290626623845        40.712930462119978     
  -39.128812014748384       -122.99117389354809        40.654608451887313     
  -38.639640984500403       -123.02116059778187        40.591852096382375     
  -38.148444720063146       -123.05279442921075        40.524781143725917     
  -37.655867203221334       -123.08599070901232        40.453546828945015     
  -37.162553389689819       -123.12065358684897        40.378328573990615     
  -36.669148018649821       -123.15667767018302        40.299330371133749     
  -36.176294447499231       -123.19394976400119        40.216776950933195     
  -35.684633419787943       -123.23235047517993        40.130910298162654     
  -35.194801630047813       -123.27175542542966        40.041987400499536     
  -34.707430214046937       -123.31203630179915        39.950278452479211     
  -34.223143250645954       -123.35306192179839        39.856065025739781     
  -33.742556283035675       -123.39469926762524        39.759638190232664     
  -33.266274854556769       -123.43681451613179        39.661296610287245     
  -32.794893073168062       -123.47927403086916        39.561344624434284     
  -32.328992190770734       -123.52194532324728        39.460090326939714     
  -31.869139218766559       -123.56469794390928        39.357843656122988     
  -31.415885560770899       -123.60740430297143        39.254914505387433     
  -30.969765688352819       -123.64994045448321        39.151610883261696     
  -30.531295839449591       -123.69218679847889        39.048237122566597     
  -30.100972763030391       -123.73402872449925        38.945092159285103     
  -29.679272494311547       -123.77535716148012        38.842467884300426     
  -29.266649177855303       -123.81606905888033        38.740647585095317     
  -28.863533935078500       -123.85606779090722        38.639904461428323     
  -28.470333802807250       -123.89526352803671        38.540500114535668     
  -28.087430731806609       -123.93357356194697        38.442683089829281     
  -27.715180628112680       -123.97092253393259        38.346687608409304     
  -27.353912433504075       -124.00724255940042        38.252732506889203     
  -27.003927256655828       -124.04247329175540        38.161020393354882     
  -26.665497550114452       -124.07656187769405        38.071736996415261     
  -26.338866341971219       -124.10946285203671        37.985050713720454     
  -26.024246531537901       -124.14113799747119        37.901112350758659     
  -25.721820238339067       -124.17155609014173        37.820055011720612     
  -25.431738227168939       -124.20069266225077        37.741994164376095     
  -25.154119405212406       -124.22852972395827        37.667027840200582     
  -24.889050387065307       -124.25505539911303        37.595236937443929     
  -24.636585147128375       -124.28026359940644        37.526685643945541     
  -24.396744757759908       -124.30415369983774        37.461421946960328     
  -24.169517209086926       -124.32673016549839        37.399478195505303     
  -23.954857318322752       -124.34800217635865        37.340871710591735     
  -23.752686736680250       -124.36798331112729        37.285605451762869     
  -23.562894043766104       -124.38669121576622        37.233668726281564     
  -23.385334934242000       -124.40414726680667        37.185037907473877     
  -23.219832503292192       -124.42037625651358        37.139677132819145     
  -23.066177633560226       -124.43540612397221        37.097538978849414     
  -22.924129481256777       -124.44926771828467        37.058565103379252     
  -22.793416058792118       -124.46199457888208        37.022686847317296     
  -22.673734912831915       -124.47362273917473        36.989825796885519     
  -22.564753895293045       -124.48419055030580        36.959894306379354     
  -22.466112025526900       -124.49373853455884        36.932795987349778     
  -22.377420439725039       -124.50230925951939        36.908426166718698     
  -22.298263423540856       -124.50994722820384        36.886672319338828     
  -22.228199523688890       -124.51669878174989        36.867414482197404     
  -22.166762734051936       -124.52261203989502        36.850525666182158     
  -22.113463768266588       -124.52774880506428        36.835875697444585     
  -22.067791352199549       -124.53216408792721        36.823325761910532     
  -22.029213602038119       -124.53590323922599        36.812728019317937     
  -21.997179480447890       -124.53901491861407        36.803929770460876     
  -21.971120285928261       -124.54155074492269        36.796773810823325     
  -21.950451189764195       -124.54356494906177        36.791098798000654     
  -21.934572816289645       -124.54511403308082        36.786739633443510     
  -21.922872862087338       -124.54625643831884        36.783527858395324     
  -21.914727749702347       -124.54705222566768        36.781292063661958     
  -21.909504311374061       -124.54756277077092        36.779858312664835     
  -21.906561498219229       -124.54785047671774        36.779050577093990     
  -21.905252110235640       -124.54797850649473        36.778691184371972     
  -15.808924542443723       -125.14406726607795        35.105408867471255     
  -14.284924542443722       -125.29308144871543        34.687110765441879     
  -12.760924542443723       -125.44209563135290        34.268812663412504     
  -11.236924542443722       -125.59110981399037        33.850514561383129     
