  -65.911697176000246       -86.079814456653907        27.987079719254766     
  -64.387697176000245       -86.137406148536755        28.005804472338152     
  -62.863697176000244       -86.194997840419603        28.024529225421539     
  -61.339697176000243       -86.252589532302451        28.043253978504925     
  -55.234247208714493       -86.483313412435052        28.118269098649542     
  -55.226395561858929       -86.483610124788385        28.118365568563366     
  -55.215117108162502       -86.484036912771003        28.118504329890527     
  -55.199810681789998       -86.484617212313324        28.118693002341221     
  -55.179885951248721       -86.485374481382976        28.118939212790849     
  -55.154765003156015       -86.486332271955064        28.119250618679001     
  -55.123883891622874       -86.487514316237039        28.119634936044040     
  -55.086694149167492       -86.488944625875163        28.120099971776710     
  -55.042664255122439       -86.490647601388886        28.120653659198368     
  -54.991281057648202       -86.492648149735757        28.121304096279641     
  -54.932051145585831       -86.494971782173167        28.122059577445246     
  -54.864502166516523       -86.497637349126023        28.122926231440314     
  -54.788184087541801       -86.500662714833652        28.123909866272850     
  -54.702670395453588       -86.504070455965220        28.125017821902897     
  -54.607559233129116       -86.507883497196289        28.126257551062523     
  -54.502474469160006       -86.512125253063886        28.127636665067843     
  -54.387066697909368       -86.516819781047388        28.129162983071595     
  -54.261014167382882       -86.521991942192656        28.130844583444102     
  -54.124023630059796       -86.527667514129533        28.132689839188885     
  -53.975831111399458       -86.533873187138084        28.134707414618472     
  -53.816202609679081       -86.540636759792449        28.136906325893953     
  -53.644934712817509       -86.547987267099629        28.139295978173678     
  -53.461855131635488       -86.555955053919391        28.141886182979377     
  -53.266823149452492       -86.564571811150529        28.144687160747292     
  -53.059729982293021       -86.573870481885407        28.147709497466096     
  -52.840499054777965       -86.583885139482504        28.150964087360009     
  -52.609086197598700       -86.594650951433110        28.154462097117143     
  -52.365479754571126       -86.606204011521925        28.158214878992663     
  -52.109700590115644       -86.618580878494825        28.162233777655263     
  -51.841802004915237       -86.631817958846185        28.166529872209743     
  -51.561869600426498       -86.645951459197434        28.171113884846545     
  -51.270021038760419       -86.661016953280566        28.175995939562348     
  -50.966405685261563       -86.677048367482740        28.181185099041066     
  -50.651204214606530       -86.694077711810408        28.186689120042924     
  -50.324628131098137       -86.712134719931427        28.192514222983704     
  -49.986919151399903       -86.731245545701185        28.198664631132040     
  -49.638348575050721       -86.751432504823555        28.205142530684860     
  -49.279216562619922       -86.772713575212464        28.211948038375397     
  -48.909851284535641       -86.795101055739607        28.219078966897104     
  -48.530608092311766       -86.818601739974369        28.226531124589663     
  -48.141868537776624       -86.843215850563681        28.234298221653916     
  -47.744039364192680       -86.868936668793594        28.242371987866029     
  -47.337551452412207       -86.895750517986571        28.250742377525366     
  -46.922858647599782       -86.923635888920046        28.259397459540178     
  -46.500436613941375       -86.952564103578183        28.268323726225475     
  -46.070781552371940       -86.982501204431728        28.277506708162701     
  -45.634408941987012       -87.013412332292773        28.286932385080398     
  -45.191852184475565       -87.045256563091101        28.296585499612608     
  -44.743661236614805       -87.077986689574644        28.306449476892062     
  -44.290401195714168       -87.111549094998509        28.316506369115451     
  -43.832650840873441       -87.145884253493705        28.326736997816628     
  -43.371001161152257       -87.180926898726256        28.337120980955035     
  -42.906053824207710       -87.216606591162872        28.347636882453351     
  -42.438419660576507       -87.252848155664267        28.358262312099292     
  -41.968717070049109       -87.289572334698050        28.368974088941339     
  -41.497570470496832       -87.326696384420217        28.379748379807484     
  -41.025608648851268       -87.364134794995394        28.390560873096216     
  -40.553463189163281       -87.401800002608482        28.401386945827369     
  -40.081766773939101       -87.439603121423531        28.412201842806589     
  -39.611151607431651       -87.477454742864595        28.422980897748662     
  -39.142247674762423       -87.515265596755000        28.433699716938246     
  -38.675681173240086       -87.552947402957358        28.444334424058287     
  -38.212072742508241       -87.590413406098108        28.454861801210729     
  -37.752035915974460       -87.627579247612232        28.465259539032342     
  -37.296175341223382       -87.664363326342027        28.475506320312181     
  -36.845085262198609       -87.700687649314702        28.485582062915082     
  -36.399347755802879       -87.736477997133463        28.495467940211547     
  -35.959531253223979       -87.771664705899525        28.505146602397588     
  -35.526188827458789       -87.806182653740464        28.514602140064483     
  -35.099856754970610       -87.839971900916240        28.523820261221172     
  -34.681052902486378       -87.872977579069399        28.532788225449778     
  -34.270275318013638       -87.905150271997840        28.541494939382126     
  -33.868000778853059       -87.936445970082232        28.549930915049728     
  -33.474683390964735       -87.966825986160970        28.558088217431266     
  -33.090753352500855       -87.996257164200998        28.565960506529912     
  -32.716615582760006       -88.024711342533791        28.573542838630416     
  -32.352648688518613       -88.052165814952076        28.580831794708619     
  -31.999203728255626       -88.078602566479191        28.587825214669959     
  -31.656603243289791       -88.104008317360041        28.594522197690019     
  -31.325140330663920       -88.128374349843895        28.600923035314448     
  -31.005077695838420       -88.151695847497095        28.607028989847791     
  -30.696646973513101       -88.173972088819752        28.612842353089519     
  -30.400048002347706       -88.195205933155648        28.618366278197097     
  -30.115448199373173       -88.215403349884909        28.623604628351682     
  -29.842982130675829       -88.234573509312042        28.628562009971034     
  -29.582751084765679       -88.252728341922179        28.633243635383902     
  -29.334822741468315       -88.269882104795414        28.637655189624535     
  -29.099230994250565       -88.286051305251789        28.641802814514246     
  -28.875975861821587       -88.301254587313039        28.645693081719013     
  -28.665023447092334       -88.315512302882169        28.649332864354182     
  -28.466306027416554       -88.328846329934422        28.652729289380829     
  -28.279722249452000       -88.341279969007701        28.655889716176958     
  -28.105137422988705       -88.352837886363247        28.658821730445435     
  -27.942383882103996       -88.363545866037725        28.661533075775413     
  -27.791261452636565       -88.373430684762440        28.664031624553278     
  -27.651538014823068       -88.382520034973780        28.666325363863070     
  -27.522950154612875       -88.390842459273927        28.668422384442010     
  -27.405203903182436       -88.398427310594442        28.670330877294845     
  -27.297975559695971       -88.405304712633608        28.672059129723859     
  -27.200912591261055       -88.411505486881580        28.673615509903069     
  -27.113634616005221       -88.417061126164725        28.675008465991350     
  -27.035734462625037       -88.422003779274377        28.676246528391484     
  -26.966779302655976       -88.426366240071445        28.677338313134875     
  -26.906311852086688       -88.430181978556220        28.678292538654489     
  -26.853851638782679       -88.433501324795031        28.679123270680357     
  -26.808896331883435       -88.436363916831795        28.679841011061210     
  -26.770923129384396       -88.438794931277272        28.680451484600471     
  -26.739390199846881       -88.440822702765715        28.680961348895821     
  -26.713738173980399       -88.442478355574679        28.681378082187464     
  -26.693391681810173       -88.443795441279548        28.681709873350322     
  -26.677760931002098       -88.444809586870846        28.681965515451832     
  -26.666243321819934       -88.445558157512011        28.682154304210599     
  -26.658225094108051       -88.446079937822532        28.682285942590923     
  -26.653083001626708       -88.446414835230556        28.682370452657064     
  -26.650186009016622       -88.446603608558831        28.682418095688117     
  -26.648897006635316       -88.446687624592087        28.682439301418125     
  -20.552574538489999       -88.844040522189530        28.782731566330263     
  -19.028574538489998       -88.943373492041886        28.807803306305427     
  -17.504574538489997       -89.042706461894241        28.832875046280591     
  -15.980574538489998       -89.142039431746596        28.857946786255756     
