  -66.791329877800024       -26.757897092799610       -76.168567793608290     
  -65.267329877800023       -26.768551313054186       -76.198895913004137     
  -63.743329877800022       -26.779205533308762       -76.229224032399983     
  -62.219329877800021       -26.789859753563338       -76.259552151795830     
  -56.113800407849205       -26.832543254707478       -76.381054269078973     
  -56.105882710751075       -26.832598606996712       -76.381211833949664     
  -56.094509388666168       -26.832678304399344       -76.381438699199734     
  -56.079074229895753       -26.832786817515146       -76.381747590761691     
  -56.058981954979764       -26.832928680193220       -76.382151414613219     
  -56.033649815843134       -26.833108521158824       -76.382663346809906     
  -56.002509160463859       -26.833331100176373       -76.383296936438626     
  -55.965006958872976       -26.833601348116797       -76.384066219710519     
  -55.920607286400283       -26.833924410241341       -76.384985843274379     
  -55.868792760191845       -26.834305691954260       -76.386071194705835     
  -55.809065925151280       -26.834750896099461       -76.387338509240749     
  -55.740950585592934       -26.835263136444290       -76.388796654261995     
  -55.663993079044268       -26.835845188191985       -76.390453537949639     
  -55.577763488796030       -26.836501747275435       -76.392322545051712     
  -55.481856791973499       -26.837237693490945       -76.394417600903353     
  -55.375893940090961       -26.838058141334972       -76.396753330312265     
  -55.259522869254262       -26.838968492930775       -76.399345231998367     
  -55.132419437354656       -26.839974489632571       -76.402209864123776     
  -54.994288282962302       -26.841082224298756       -76.405364940204592     
  -54.844863605775529       -26.842298131958557       -76.408829396293740     
  -54.683909873463229       -26.843629029952297       -76.412623646009067     
  -54.511222445054635       -26.845082102183433       -76.416769742575369     
  -54.326628111744746       -26.846664841272279       -76.421291512332573     
  -54.129985554470956       -26.848384938577777       -76.426214664001122     
  -53.921185716742450       -26.850250097181956       -76.431566845236190     
  -53.700152094588198       -26.852267765953012       -76.437377695568102     
  -53.466840943773860       -26.854444769232664       -76.443678893021783     
  -53.221241403454954       -26.856786787284531       -76.450504156233507     
  -52.963375529102905       -26.859297555173281       -76.457888941120288     
  -52.693298250354701       -26.861977881167647       -76.465870271336584     
  -52.411097266550811       -26.864824529334982       -76.474487031998706     
  -52.116892857897874       -26.867828594471494       -76.483779945530998     
  -51.810837617842324       -26.870973256355175       -76.493791281718970     
  -51.493116141143979       -26.874231460361329       -76.504565446591101     
  -51.163944591750905       -26.877564095337934       -76.516148975852616     
  -50.823570123528881       -26.880919035702941       -76.528589485366311     
  -50.472270210713063       -26.884231753007604       -76.541935373416010     
  -50.110351829163065       -26.887426923666482       -76.556234420246227     
  -49.738150511350838       -26.890420969610261       -76.571531773215483     
  -49.356029338497230       -26.893125609708790       -76.587868906730449     
  -48.964377818823166       -26.895451079060333       -76.605281207833102     
  -48.563610735734159       -26.897309561117840       -76.623796840737199     
  -48.154166940243876       -26.898618079716147       -76.643435353640498     
  -47.736508096089999       -26.899300841606614       -76.664206369778995     
  -47.311117432994429       -26.899290714522770       -76.686109557086610     
  -46.878498482336191       -26.898530076015327       -76.709137026047898     
  -46.439173779993148       -26.896972318231654       -76.733278195201947     
  -45.993683521362293       -26.894579685546315       -76.758513997329061     
  -45.542584158000466       -26.891323053493164       -76.784816703724687     
  -45.086446985370905       -26.887181596827034       -76.812149650901233     
  -44.625856654507835       -26.882142717543879       -76.840467990881990     
  -44.161409711654457       -26.876201645889740       -76.869718840548146     
  -43.693713035633614       -26.869361147192425       -76.899842065483739     
  -43.223382331025661       -26.861630956095144       -76.930770621874444     
  -42.751040510737866       -26.853027321820516       -76.962431521297688     
  -42.277316168717356       -26.843572371176908       -76.994746560020459     
  -41.802841908951748       -26.833293472218561       -77.027633285998718     
  -41.328252798663264       -26.822222514505754       -77.061005908652191     
  -40.854184650983697       -26.810395272838534       -77.094776187600900     
  -40.381272448531035       -26.797851084745663       -77.128854294407049     
  -39.910148583627375       -26.784632586956196       -77.163149498803747     
  -39.441441277274869       -26.770785515873794       -77.197571074581305     
  -38.975772810081367       -26.756358375624949       -77.232028856224289     
  -38.513757953426619       -26.741402222630651       -77.266434159399566     
  -38.056002210027948       -26.725970267425588       -77.300700179924164     
  -37.603100274632389       -26.710117647678111       -77.334742892093601     
  -37.155634301874038       -26.693900967992320       -77.368481253213318     
  -36.714172417514597       -26.677378072091390       -77.401838061829167     
  -36.279267032532381       -26.660607526929486       -77.434739939657831     
  -35.851453425144427       -26.643648408821665       -77.467118145533149     
  -35.431248126972676       -26.626559746568198       -77.498908334840863     
  -35.019147584628136       -26.609400319632787       -77.530051280216924     
  -34.615626661623416       -26.592228111707708       -77.560492520072671     
  -34.221137367619875       -26.575100075421773       -77.590182836052165     
  -33.836107538816421       -26.558071656103966       -77.619078053732125     
  -33.460939611263129       -26.541196375843356       -77.647138957354557     
  -33.096009522747849       -26.524525560949400       -77.674331481108453     
  -32.741665563926247       -26.508107898628396       -77.700626222097483     
  -32.398227468274037       -26.491989387017110       -77.725998940637552     
  -32.065985437118272       -26.476212949578766       -77.750429920043260     
  -31.745199298104851       -26.460818231880260       -77.773903694196463     
  -31.436097802427501       -26.445841578633807       -77.796409166849202     
  -31.138877912919654       -26.431315800984503       -77.817938976711801     
  -30.853704249808434       -26.417270171740341       -77.838489407212009     
  -30.580708639109151       -26.403730484399052       -77.858060380831830     
  -30.319989693482963       -26.390718956737171       -77.876654898713042     
  -30.071612524786904       -26.378254285241031       -77.894278843562176     
  -29.835608571212465       -26.366351796215941       -77.910941004808009     
  -29.611975484107642       -26.355023480509335       -77.926652710872588     
  -29.400677115766946       -26.344278067990757       -77.941427539524597     
  -29.201643614899211       -26.334121166286039       -77.955281189002179     
  -29.014771621519554       -26.324555440469144       -77.968231434736964     
  -28.839924541842826       -26.315580732591943       -77.980297899220389     
  -28.676932917622274       -26.307194187301903       -77.991501856274084     
  -28.525594892892052       -26.299390400889891       -78.001866130071150     
  -28.385676770935390       -26.292161564547424       -78.011415006100506     
  -28.256913660633629       -26.285497606966047       -78.020174171668046     
  -28.139010208220245       -26.279386322422802       -78.028170646157164     
  -28.031641410983045       -26.273813476406964       -78.035432676169208     
  -27.934453514842954       -26.268762918396888       -78.041989681627030     
  -27.847064991153022       -26.264216689728698       -78.047872213556914     
  -27.769067589455116       -26.260155125704784       -78.053111916086564     
  -27.700027463031766       -26.256556953443283       -78.057741491311546     
  -27.639486363902972       -26.253399401476990       -78.061794709400772     
  -27.586962908725049       -26.250664297010683       -78.065324622239871     
  -27.541953893264857       -26.248327944044469       -78.068372482117994     
  -27.503935672645756       -26.246359826028147       -78.070963463598801     
  -27.472365602532502       -26.244729239505403       -78.073126491944009     
  -27.446683524910991       -26.243405259456875       -78.074893797893864     
  -27.426313299828145       -26.242356710217283       -78.076300479629438     
  -27.410664378767351       -26.241552143889113       -78.077384078315191     
  -27.399133415208500       -26.240959827667663       -78.078184172442377     
  -27.391105907830347       -26.240547741249376       -78.078741995622693     
  -27.385957871752620       -26.240283585448381       -78.079100082404139     
  -27.383057533158251       -26.240134802976225       -78.079301946184614     
  -27.381767042592379       -26.240068612158169       -78.079391792736629     
  -21.285444202207003       -25.927380858667291       -78.503830065797544     
  -19.761444202207002       -25.849213060012787       -78.609934014863327     
  -18.237444202207001       -25.771045261358282       -78.716037963929111     
  -16.713444202207000       -25.692877462703777       -78.822141912994894     
