     -27.0178035325991885      -28.2366959582174317      -83.1060859146679576
     -27.0174231239579470      -28.2498371993662474      -83.1016429250972095
     -27.0178464137375052      -28.2660649758002869      -83.0960988986168161
     -27.0196968195214140      -28.2857464499560542      -83.0892889029747010
     -27.0236484575817535      -28.3082206847609257      -83.0813943544319216
     -27.0303646578791579      -28.3329145611615942      -83.0725677312978235
     -27.0405009124605620      -28.3592556828410416      -83.0629621570894869
     -27.0547060461568023      -28.3866188297747897      -83.0527497345099874
     -27.0736227332905273      -28.4142850637965587      -83.0421356605679506
     -27.0978880349760658      -28.4414009761591338      -83.0313723311233218
     -27.1281344944650762      -28.4669281273494548      -83.0207767823647487
     -27.1649924904409374      -28.4895696951293900      -83.0107558397999412
     -27.2090951125416147      -28.5076508059892397      -83.0018468972033503
     -27.2610883340196715      -28.5189008109496811      -82.9947917542420726
     -27.3213481566417720      -28.5257022250332781      -82.9887488593603990
     -27.3900676686512838      -28.5334403785573549      -82.9818527095779501
     -27.4677021017819740      -28.5421772645067477      -82.9740494275608853
     -27.5546830363078534      -28.5519592657170449      -82.9652910371554668
     -27.6514165542062713      -28.5628293346989324      -82.9555313281755815
     -27.7582821296712794      -28.5748267662492097      -82.9447259521493692
     -27.8756315937810832      -28.5879869547318037      -82.9328325069674577
     -28.0037881782930782      -28.6023411432103210      -82.9198106369586441
     -28.1430456410776593      -28.6179161616226274      -82.9056221443689196
     -28.2936674758474922      -28.6347341532737403      -82.8902311123699889
     -28.4558862086989706      -28.6528122899360334      -82.8736040404796199
     -28.6299027864706126      -28.6721624866470570      -82.8557100221575524
     -28.8158860624279889      -28.6927911311813517      -82.8365210029014349
     -29.0139723617738277      -28.7146987612784521      -82.8160119181037686
     -29.2242651436283118      -28.7378797495375622      -82.7941608743681314
     -29.4468347560590225      -28.7623219966296872      -82.7709493629374435
     -29.6817182859017095      -28.7880066802082197      -82.7463626142319271
     -29.9289195055842434      -28.8149080225412817      -82.7203899536318801
     -30.1884088899172198      -28.8429929909190470      -82.6930249035577276
     -30.4601237413481307      -28.8722210766403400      -82.6642654345342294
     -30.7439684457282745      -28.9025442153056424      -82.6341145195118827
     -31.0398147746950066      -28.9339066442437804      -82.6025803805414967
     -31.3475022487932051      -28.9662447449793419      -82.5696765418128109
     -31.6668386633033450      -28.9994871302124260      -82.5354224041218316
     -31.9976006649301397      -29.0335547286601603      -82.4998436091698863
     -32.3395343337867516      -29.0683607748754085      -82.4629719082826824
     -32.6923559808242601      -29.1038111717627217      -82.4248458435445457
     -33.0557529195134450      -29.1398047391219812      -82.3855108358356318
     -33.4293842802258183      -29.1762334804362631      -82.3450190425116091
     -33.8128820441237110      -29.2129832181569746      -82.3034299605106838
     -34.2058519233709148      -29.2499339581583371      -82.2608099576782053
     -34.6078745088926425      -29.2869606909359916      -82.2172327261961016
     -35.0185063694812726      -29.3239340634633692      -82.1727790651535202
     -35.4372812884503716      -29.3607210927914188      -82.1275365498681822
     -35.8637116260895326      -29.3971860910660752      -82.0815996214791994
     -36.2972895167749812      -29.4331913631925239      -82.0350688230264069
     -36.7374883602989044      -29.4685982963445809      -81.9880509151352612
     -37.1837640674551864      -29.5032681117428908      -81.9406578542128017
     -37.6355566457394417      -29.5370630169799711      -81.8930067177762595
     -38.0922915135782745      -29.5698470268224760      -81.8452185661353155
     -38.5533811431019231      -29.6014871140362885      -81.7974181110188852
     -39.0182264404161145      -29.6318540717799550      -81.7497325079692985
     -39.4862184267086249      -29.6608236183641871      -81.7022907791985915
     -39.9567396729607367      -29.6882772611610051      -81.6552225672428733
     -40.4291660077262947      -29.7141033169699789      -81.6086573553516530
     -40.9028679957126542      -29.7381977383011105      -81.5627232267416389
     -41.3772126605306809      -29.7604650106050777      -81.5175459318135580
     -41.8515649498055993      -29.7808189114230721      -81.4732477207905816
     -42.3252888875619178      -29.7991833420614078      -81.4299463304346176
     -42.7977485099650323      -29.8154932966595538      -81.3877538689737463
     -43.2683094752584623      -29.8296958105106853      -81.3467756104839879
     -43.7363406103149330      -29.8417508698305127      -81.3071090213264682
     -44.2012156040464390      -29.8516321095868484      -81.2688426156841643
     -44.6623146180813180      -29.8593275125847235      -81.2320552695073133
     -45.1190259922913413      -29.8648398158167403      -81.1968152308482587
     -45.5707478751635051      -29.8681869398421433      -81.1631797149013607
     -46.0168898875658314      -29.8694020541015099      -81.1311940455428271
     -46.4568747103173294      -29.8685337895172793      -81.1008917320295666
     -46.8901396111581690      -29.8656459860902537      -81.0722937932178240
     -47.3161384203386390      -29.8607701239005472      -81.0454267587718533
     -47.7343454244844878      -29.8536116201769133      -81.0204299702414374
     -48.1442515977179184      -29.8437836295023260      -80.9974706207805752
     -48.5453657088444785      -29.8309778299083419      -80.9766800161146847
     -48.9372209033251693      -29.8149656491751003      -80.9581535576172513
     -49.3193791514857196      -29.7955963683154188      -80.9419509781034492
     -49.6914351011152391      -29.7727939872544454      -80.9280977815058549
     -50.0530195336533978      -29.7465528884843060      -80.9165875046709715
     -50.4038018117494246      -29.7169320881306867      -80.9073835705780340
     -50.7434908383979817      -29.6840492899058681      -80.9004229853470633
     -51.0718340957293648      -29.6480741696319576      -80.8956189895372688
     -51.3886151716947168      -29.6092219661306757      -80.8928643168168122
     -51.6936506417763795      -29.5677475665341696      -80.8920347760348193
     -51.9867869547012589      -29.5239395817366841      -80.8929915935275545
     -52.2678972455803930      -29.4781151625076490      -80.8955843604636442
     -52.5368810813743252      -29.4306150171173471      -80.8996537773987257
     -52.7936659349267430      -29.3817978065096881      -80.9050337253305116
     -53.0382083851173221      -29.3320343471089231      -80.9115537678011663
     -53.2704950282770326      -29.2817017986635122      -80.9190419668522907
     -53.4905431258951936      -29.2311777444092655      -80.9273272413609419
     -53.6984010358444550      -29.1808343699893449      -80.9362413985172822
     -53.8941484806794762      -29.1310330827842172      -80.9456214169575077
     -54.0778966514174897      -29.0821195085855813      -80.9553115047149419
     -54.2497881540566027      -29.0344188894788928      -80.9651647488546473
     -54.4099968183138927      -28.9882320072367463      -80.9750445069362570
     -54.5587273782399294      -28.9438316744276420      -80.9848255158678541
     -54.6962150416548951      -28.9014598861633800      -80.9943948861149465
     -54.8227249474439091      -28.8613255766512040      -81.0036527817137539
     -54.9385515196684580      -28.8236029954063184      -81.0125128274639081
     -55.0440177266279349      -28.7884307039179355      -81.0209022870168383
     -55.1394742508912827      -28.7559111700562120      -81.0287620272515454
     -55.2252985756644819      -28.7261109261263812      -81.0360462854431631
     -55.3018939913828902      -28.6990612383571388      -81.0427222331386048
     -55.3696885303689115      -28.6747592669673246      -81.0487694428142049
     -55.4291338319936244      -28.6516211017767617      -81.0547266375330082
     -55.4807039399937096      -28.6278780089453662      -81.0611961660828655
     -55.5248940378939650      -28.6038826393557990      -81.0680299684027688
     -55.5622191262501133      -28.5799573577850232      -81.0750913916538991
     -55.5932126455052824      -28.5563930062491274      -81.0822555047887761
     -55.6184250483438589      -28.5334548743679548      -81.0894068671950095
     -55.6384223254090529      -28.5113884448485209      -81.0964373855900504
     -55.6537844883476325      -28.4904255991774349      -81.1032440216259403
     -55.6651040142413507      -28.4707922052129412      -81.1097260297108562
     -55.6729842555762318      -28.4527186122469615      -81.1157811930060859
     -55.6780378199882833      -28.4364560228327470      -81.1213000199917076
     -55.6808849241048520      -28.4223052698882412      -81.1261556178591690
     -55.6821517258732115      -28.4106713795108696      -81.1301845601976197
     -55.6824686398317112      -28.4012566500206773      -81.1334693440733616
     -55.6821517258732115      -28.3918487177995047      -81.1367735456117032
     -55.6808849241048520      -28.3802420018166153      -81.1408801166597158
     -55.6780378199882833      -28.3661523438513328      -81.1459102436926543
     -55.6729842555762389      -28.3499982694353641      -81.1517390639433955
     -55.6651040142413862      -28.3320940734024873      -81.1582781410685357
     -55.6537844883479593      -28.3127044028319439      -81.1654563903359474
     -55.6384223254112484      -28.2920730672134013      -81.1732100464642770
     -55.6184250483555687      -28.2704394554153104      -81.1814769891427659
     -55.5932126455570383      -28.2480490869663790      -81.1901931396349994
     -55.5622191264463297      -28.2251612658127797      -81.1992898876309965
     -55.5248940385492702      -28.2020553608688864      -81.2086920127547387
     -55.4807039419614227      -28.1790366336948601      -81.2183157764076498
     -55.4291338373896636      -28.1564422969297787      -81.2280669423568327
     -55.3696885440478184      -28.1346403511735765      -81.2378413021901622
     -55.3018940239850849      -28.1118725431573964      -81.2482711498409458
     -55.2252986496318172      -28.0865647720002514      -81.2599232424442448
     -55.1394744114328930      -28.0587275501850613      -81.2728153207041402
     -55.0440180613372689      -28.0284057763132530      -81.2869535493200601
     -54.9385521922951270      -27.9956799679750183      -81.3023322120066609
     -54.8227262541618572      -27.9606670460712081      -81.3189336376119911
     -54.6962175020059362      -27.9235205856997375      -81.3367282880442986
     -54.5587318780197137      -27.8844304931280007      -81.3556750462102514
     -54.4100048282234994      -27.8436220670829897      -81.3757217135573967
     -54.2498020561653860      -27.8013544104220856      -81.3968057210356051
     -54.0779202155533056      -27.7579181567204145      -81.4188550210809723
     -53.8941875449459786      -27.7136324859328447      -81.4417891220000882
     -53.6984644597490473      -27.6688414947631607      -81.4655204594724864
     -53.4906441013307656      -27.6239098700321151      -81.4899559210353459
     -53.2706528533252381      -27.5792178881353180      -81.5149985229083995
     -53.0384508292851962      -27.5351557120508161      -81.5405490531160524
     -52.7940323536933178      -27.4921170772488246      -81.5665078194387831
     -52.5374264761605403      -27.4504925613850119      -81.5927769288930023
     -52.2686975183100344      -27.4106622742720738      -81.6192624524027934
     -51.9879456847006409      -27.3729879550596422      -81.6458762697479870
     -51.6953078359967790      -27.3378047554138384      -81.6725382837941680
     -51.3909584202066796      -27.3054127525042993      -81.6991790439720944
     -51.0751084550081274      -27.2760680938255682      -81.7257417845137866
     -50.7480013921579527      -27.2499748653769736      -81.7521844193080369
     -50.4099089286545308      -27.2272783573421009      -81.7784820027871149
     -50.0611265003354688      -27.2080592739916440      -81.8046277560839314
     -49.7019692568753086      -27.1923295258101980      -81.8306340296301755
     -49.3327694161610069      -27.1800296185270831      -81.8565333907333184
     -48.9538752392378171      -27.1710267964098158      -81.8823779672392646
     -48.5656514879997090      -27.1651146080143739      -81.9082398194506140
     -48.1684806846454094      -27.1620130141998608      -81.9342102080324537
     -47.7627646658332736      -27.1613692834951834      -81.9603986724863063
     -47.3489266956348800      -27.1627598740556948      -81.9869325767830475
     -46.9274155509105597      -27.1656930651396600      -82.0139549774069678
     -46.4987041890767543      -27.1697822326028948      -82.0415679639723550
     -46.0632833569963509      -27.1749816256286074      -82.0697541739695566
     -45.6216628308617871      -27.1812895386837496      -82.0984756639904987
     -45.1743706269067502      -27.1886996869847621      -82.1276895343397371
     -44.7219516781971080      -27.1972010696641675      -82.1573485249442683
     -44.2649665393051066      -27.2067776770754755      -82.1874010137840401
     -43.8039900425869888      -27.2174084213139942      -82.2177915947519296
     -43.3396099626688596      -27.2290670073477088      -82.2484613982152979
     -42.8724255752432271      -27.2417219175187277      -82.2793486831053684
     -42.4030462220142113      -27.2553363693535147      -82.3103892776634325
     -41.9320897414261680      -27.2698683680954552      -82.3415172311123911
     -41.4601809268098478      -27.2852707693035477      -82.3726654128191313
     -40.9879497690310686      -27.3014913984675118      -82.4037661845731293
     -40.5160292799347488      -27.3184733065698957      -82.4347521311127167
     -40.0450531687129114      -27.3361552541711710      -82.4655566063347720
     -39.5756541750526480      -27.3544723780229901      -82.4961143695335863
     -39.1084622485605991      -27.3733568001990797      -82.5263619408559208
     -38.6441029182505744      -27.3927383640537592      -82.5562382720551113
     -38.1831954299951590      -27.4125452263660989      -82.5856849401969697
     -37.7263511193988847      -27.4327046168243243      -82.6146468261743223
     -37.2741715367472892      -27.4531433743206925      -82.6430721241369355
     -36.8272468417172192      -27.4737886885757767      -82.6709129951010766
     -36.3861539517863406      -27.4945685525395866      -82.6981253959470592
     -35.9514549742408747      -27.5154124431493798      -82.7246696611028511
     -35.5236954234094142      -27.5362516817608984      -82.7505102024664012
     -35.1034026966674872      -27.5570200056396182      -82.7756159408116048
     -34.6910844184269322      -27.5776538577114430      -82.7999599986287080
     -34.2872269537999159      -27.5980927820498181      -82.8235198287497809
     -33.8922939735360202      -27.6182796954978400      -82.8462771051145381
     -33.5067250586973913      -27.6381610281732755      -82.8682174200415460
     -33.1309344584866423      -27.6576870019678296      -82.8893305740307653
     -32.7653096761224560      -27.6768115047623731      -82.9096097461090267
     -32.4102103854976988      -27.6954923178773527      -82.9290518020870877
     -32.0659672550720458      -27.7136910211238785      -82.9476567126990290
     -31.7328809419138338      -27.7313730046747828      -82.9654273655136478
     -31.4112212476521577      -27.7485075559158858      -82.9823696706542933
     -31.1012262212148869      -27.7650676276088184      -82.9984917786713083
     -30.8031014978039615      -27.7810298548715444      -83.0138041044306760
     -30.5170197185540175      -27.7963745029432516      -83.0283192000371173
     -30.2431199787798626      -27.8110852376223399      -83.0420511494676816
     -29.9815074616343118      -27.8251490657883060      -83.0550155180098102
     -29.7322531788135436      -27.8385562734277592      -83.0672293349986575
     -29.4953937506238049      -27.8513001986466939      -83.0787106199551602
     -29.2709313280173973      -27.8633770981509201      -83.0894782189904078
     -29.0588336349072094      -27.8747860645698076      -83.0995518189217819
     -28.8590340837596884      -27.8855288889482900      -83.1089518161443408
     -28.6714319683615777      -27.8956098820977090      -83.1176990636741380
     -28.4958927848478538      -27.9050357542380070      -83.1258147976034536
     -28.3322486501187427      -27.9138154983895532      -83.1333205915327937
     -28.1802988154347602      -27.9219602889788376      -83.1402383702194356
     -28.0398102575524248      -27.9294833412153700      -83.1465903161007134
     -27.9105183583293837      -27.9363997784679512      -83.1523988055987218
     -27.7921276734574043      -27.9427265186694029      -83.1576864045138819
     -27.6843127831829712      -27.9484821634503930      -83.1624758707580156
     -27.5867192224271349      -27.9536868904692497      -83.1667901628534736
     -27.4989644875317758      -27.9583623495515425      -83.1706524531777092
     -27.4206391169881627      -27.9625315649524957      -83.1740861500896358
     -27.3513078419023223      -27.9662188397696667      -83.1771149145571371
     -27.2905101379153479      -27.9694620914612848      -83.1797585308121512
     -27.2374769688054954      -27.9776321288094216      -83.1802613731566680
     -27.1915784890710057      -27.9930872101045374      -83.1778696656011647
     -27.1524138734366360      -28.0135201804826615      -83.1733828650176861
     -27.1195313501116608      -28.0372199789309740      -83.1674031269243130
     -27.0924413547160583      -28.0628538012564448      -83.1604083184720650
     -27.0706244785355672      -28.0893473273203078      -83.1527919851948667
     -27.0535369772055390      -28.1158112765749237      -83.1448877103199635
     -27.0406150951021118      -28.1414907698502255      -83.1369857986235274
     -27.0312788961759090      -28.1657245158118670      -83.1293466642828207
     -27.0249361293783963      -28.1879038745065174      -83.1222142783201576
     -27.0209867938526926      -28.2074192898294100      -83.1158338911301513
     -27.0188295181146252      -28.2235731956178135      -83.1104810666620892
     -27.0178035325991885      -28.2366959582174317      -83.1060859146679576
