  -58.838951471009096        79.080350968258188       -108.47360520612234     
  -57.314951471009095        79.071740664134765       -108.46179455128083     
  -55.790951471009095        79.063130360011343       -108.44998389643932     
  -54.266951471009094        79.054520055887920       -108.43817324159781     
  -48.160709827487729        79.020020976096674       -108.39085125181403     
  -48.152200430974126        79.019972899658427       -108.39078530591827     
  -48.139977198445614        79.019903996671800       -108.39069079248632     
  -48.123388655257642        79.019810780361084       -108.39056292874834     
  -48.101795100074824        79.019689947016104       -108.39039718304376     
  -48.074570330967077        79.019538421534392       -108.39018933729268     
  -48.041103335251755        79.019353406423463       -108.38993555421743     
  -48.000799938489244        79.019132433715669       -108.38963244857055     
  -47.953084408146182        79.018873419209314       -108.38927716158211     
  -47.897401007558720        79.018574718409980       -108.38886743780522     
  -47.833215495952977        79.018235170539839       -108.38840168573468     
  -47.760016570412986        79.017850517156944       -108.38787406580013     
  -47.677317245905144        79.017416188159260       -108.38727831295414     
  -47.584656169565001        79.016930098252743       -108.38661157456021     
  -47.481598865658647        79.016390491752134       -108.38587145775789     
  -47.367738907832212        79.015796004089012       -108.38505612013992     
  -47.242699015466705        79.015145728175213       -108.38416437136200     
  -47.106132071176738        79.014439283203401       -108.38319578470367     
  -46.957722056726809        79.013676882432961       -108.38215081717443     
  -46.797184904797902        79.012859386987884       -108.38103092500887     
  -46.624269264341294        79.011988335168212       -108.37983866647986     
  -46.438757178031096        79.011065982254848       -108.37857784849207     
  -46.240464669768961        79.010095303849269       -108.37725366373928     
  -46.029242240966880        79.009079957591396       -108.37587282593501     
  -45.804975274627793        79.008024164515746       -108.37444366881033     
  -45.567584346570975        79.006932485572207       -108.37297619946258     
  -45.317025443592641        79.005809622601191       -108.37148231432462     
  -45.053290088646406        79.004660080318772       -108.36997599322498     
  -44.776405373551810        79.003487648862787       -108.36847346730454     
  -44.486433900480158        79.002294722816458       -108.36699344969271     
  -44.183473634244756        79.001081500274083       -108.36555757821401     
  -43.867657668030894        78.999844822918377       -108.36419086496298     
  -43.539153906364511        78.998576597768718       -108.36292223660645     
  -43.198164661274014        78.997262221034774       -108.36178555546476     
  -42.844926143200226        78.995879231874795       -108.36082005423478     
  -42.479707835656889        78.994396672641557       -108.36007017894576     
  -42.102811751014798        78.992775479966227       -108.35958519223030     
  -41.714571575323909        78.990969421641765       -108.35941777521661     
  -41.315351700169757        78.988926962738617       -108.35962245623773     
  -40.905546161746749        78.986593454854813       -108.36025364475266     
  -40.485577498598467        78.983913384547606       -108.36136356404360     
  -40.055895534435152        78.980832685151512       -108.36300058116295     
  -39.616976105414473        78.977300549602404       -108.36520742639529     
  -39.169319719953087        78.973271213318085       -108.36802011654915     
  -38.713450192906315        78.968704678514726       -108.37146709168373     
  -38.249913234311116        78.963568166602585       -108.37557121562033     
  -37.779274998977805        78.957837653645285       -108.38035214194778     
  -37.302120563609151        78.951495608164748       -108.38582340501681     
  -36.819052371194886        78.944530384046345       -108.39199181791106     
  -36.330688611755441        78.936936169529218       -108.39885772976976     
  -35.837661581727303        78.928712694984057       -108.40641508120358     
  -35.340615988450168        78.919865066498460       -108.41465177796645     
  -34.840207241322460        78.910403395100758       -108.42354993340335     
  -34.337099700147739        78.900342490425047       -108.43308634593029     
  -33.831964912958902        78.889701415642762       -108.44323292115001     
  -33.325479828726216        78.878503060922839       -108.45395724112393     
  -32.818324996612631        78.866773638891630       -108.46522312829229     
  -32.311182762255342        78.854542134977933       -108.47699122231630     
  -31.804735442210987        78.841839870782763       -108.48921959304747     
  -31.299663510908175        78.828700275375837       -108.50186422793297     
  -30.796643762890234        78.815158689925866       -108.51487941173859     
  -30.296347511507772        78.801252163877180       -108.52821810484417     
  -29.799438773606397        78.787019245393111       -108.54183232503902     
  -29.306572497701382        78.772499765850995       -108.55567352717213     
  -28.818392794659967        78.757734636300427       -108.56969299981046     
  -28.335531211525780        78.742765626970026       -108.58384223441318     
  -27.858605028190489        78.727635133440032       -108.59807326618419     
  -27.388215595562372        78.712385936944557       -108.61233899292637     
  -26.924946715936795        78.697060971038894       -108.62659348326882     
  -26.469363065820016        78.681703073254326       -108.64079224140011     
  -26.022008675332362        78.666354763233997       -108.65489248048235     
  -25.583405456070679        78.651057993834911       -108.66885332822251     
  -25.154051793089756        78.635853917819773       -108.68263601883278     
  -24.734421197851749        78.620782656706950       -108.69620405913821     
  -24.324961025975995        78.605883055225675       -108.70952337852974     
  -23.926091274740163        78.591192455629553       -108.72256248684782     
  -23.538203437235126        78.576746455440428       -108.73529254189411     
  -23.161659456392826        78.562578755138716       -108.74768746909294     
  -22.796790730910349        78.548720951866486       -108.75972393501721     
  -22.443897228790149        78.535202434227770       -108.77138139178668     
  -22.103246668794092        78.522050259771348       -108.78264203215532     
  -21.775073791168662        78.509289065363575       -108.79349072850350     
  -21.459579729372461        78.496941035273977       -108.80391499555006     
  -21.156931454141905        78.485025842757665       -108.81390486538113     
  -20.867261321624355        78.473560645340356       -108.82345279180278     
  -20.590666717653441        78.462560106286148       -108.83255355229807     
  -20.327209784805621        78.452036399845881       -108.84120409488567     
  -20.076917252248563        78.441999251123420       -108.84940340665294     
  -19.839780365253784        78.432455994990079       -108.85715238853861     
  -19.615754902904129        78.423411634819203       -108.86445371545305     
  -19.404761293541164        78.414868912277313       -108.87131170016143     
  -19.206684828176641        78.406828390577971       -108.87773216156161     
  -19.021375970087373        78.399288544263143       -108.88372229896976     
  -18.848650754878495        78.392245845063002       -108.88929056936267     
  -18.688291284587191        78.385694847384215       -108.89444657550042     
  -18.540046314820412        78.379628273056369       -108.89920096605366     
  -18.403631932041730        78.374037093599043       -108.90356534628606     
  -18.278732319451613        78.368910613207944       -108.90755220404353     
  -18.165000608751530        78.364236545231805       -108.91117484070595     
  -18.062059815153166        78.360001078761428       -108.91444730138259     
  -17.969503854386776        78.356188950924334       -108.91738432446141     
  -17.886898638318783        78.352783518518379       -108.92000129953807     
  -17.813783246103558        78.349766828893735       -108.92231423107367     
  -17.749671167673611        78.347119709468075       -108.92433973206464     
  -17.694051616231047        78.344829542476447       -108.92610570737554     
  -17.646390905988376        78.342877231460221       -108.92763309891315     
  -17.606133891647286        78.341235488644287       -108.92893337010190     
  -17.572705465704811        78.339877300141708       -108.93002014317825     
  -17.545512109431904        78.338775835889180       -108.93090893540113     
  -17.523943493405973        78.337904366657426       -108.93161690103760     
  -17.507374123289953        78.337236190339908       -108.93216258233112     
  -17.495165026427923        78.336744569552707       -108.93256567257644     
  -17.486665474717292        78.336402682358766       -108.93284679419408     
  -17.481214739120915        78.336183587651064       -108.93302729435544     
  -17.478143871092769        78.336060206607982       -108.93312906055273     
  -17.476777506116566        78.336005321400492       -108.93317435819498     
  -11.380435684497183        78.091122737583689       -109.13527988318232     
  -9.8564356844971819        78.029905524268429       -109.18580343141717     
  -8.3324356844971827        77.968688310953169       -109.23632697965202     
  -6.8084356844971818        77.907471097637909       -109.28685052788687     
