  -63.774060611990706        37.764136739868576       -108.48506190956638     
  -62.250060611990705        37.779715029518705       -108.52981367309047     
  -60.726060611990704        37.795293319168835       -108.57456543661456     
  -59.202060611990703        37.810871608818964       -108.61931720013865     
  -53.096524827158575        37.873282241972085       -108.79860426945012     
  -53.088601884231998        37.873363230095308       -108.79883692408809     
  -53.077221028382240        37.873479709305322       -108.79917153399572     
  -53.061775648247909        37.873638059948838       -108.79962642799971     
  -53.041670073197139        37.873844658420289       -108.80021992357305     
  -53.016321173979755        37.874105893881612       -108.80097037486689     
  -52.985159928975435        37.874428188683822       -108.80189623137926     
  -52.947632951864513        37.874818022035114       -108.80301610595475     
  -52.903203976653671        37.875281956420039       -108.80434885070291     
  -52.851355296105595        37.875826666239938       -108.80591363933333     
  -52.791589149748972        37.876458961039127       -108.80773003401011     
  -52.723429057781651        37.877183764574376       -108.80981218010493     
  -52.646421097327341        37.878005686891406       -108.81217332286319     
  -52.560135117662476        37.878930603232305       -108.81483034419358     
  -52.464165891196068        37.879964439236943       -108.81780027483683     
  -52.358134197016945        37.881113206240542       -108.82110039910427     
  -52.241687833802018        37.882383035331941       -108.82474835832085     
  -52.114502560589742        37.883780219300441       -108.82876228042940     
  -51.976282962166835        37.885311253656717       -108.83316091219939     
  -51.826763236778284        37.886982874129828       -108.83796374903545     
  -51.665707904233528        37.888802088826097       -108.84319116053103     
  -51.492912432550042        37.890776201303147       -108.84886450549844     
  -51.308203777728643        37.892912786993172       -108.85500613450193     
  -51.111440837658712        37.895219639135433       -108.86163933405382     
  -50.902514829399301        37.897704770245930       -108.86878846960292     
  -50.681349576316570        37.900376351889669       -108.87647900336802     
  -50.447901706293628        37.903242602983909       -108.88473743282796     
  -50.202160752142383        37.906311549179676       -108.89359094845945     
  -49.944149177690178        37.909590838639623       -108.90306737033411     
  -49.673922319441893        37.913087518591503       -108.91319512457187     
  -49.391568228471229        37.916807631217445       -108.92400290097162     
  -49.097207415163780        37.920755626768397       -108.93551905103212     
  -48.790992540933821        37.924933908803517       -108.94777171898886     
  -48.473108007526065        37.929342152030038       -108.96078857562242     
  -48.143769435773528        37.933976571405566       -108.97459593735617     
  -47.803223106231165        37.938829797723706       -108.98921880157334     
  -47.451745289476591        37.943890828986397       -109.00468022379157     
  -47.089641474207816        37.949145124962769       -109.02100017733643     
  -46.717245572683076        37.954575361873623       -109.03819553944281     
  -46.334918989830676        37.960161902493262       -109.05627881199536     
  -45.943049656082323        37.965883572806270       -109.07525762181068     
  -45.542050994242132        37.971718425311344       -109.09513434391634     
  -45.132360783310759        37.977644158562008       -109.11590503752080     
  -44.714440023187365        37.983638892381386       -109.13755979598966     
  -44.288771674602216        37.989681185623496       -109.16008180108746     
  -43.855859409000232        37.995750995321032       -109.18345007571338     
  -43.416226255658657        38.001830441815187       -109.20764181839021     
  -42.970413237380171        38.007902641225151       -109.23262913801585     
  -42.518977939573716        38.013951362993545       -109.25837818184482     
  -42.062493048755172        38.019961092765357       -109.28484947696030     
  -41.601544852804842        38.025916961872383       -109.31199795886990     
  -41.136731701844766        38.031804777767199       -109.33977336467129     
  -40.668662450146570        38.037610972640216       -109.36812047311996     
  -40.197954855446646        38.043322619914825       -109.39697961537816     
  -39.725233976566926        38.048927382631327       -109.42628706513034     
  -39.251130523289198        38.054413525721699       -109.45597567565892     
  -38.776279225612605        38.059769858223611       -109.48597537311649     
  -38.301317144032943        38.064985743286755       -109.51621388429568     
  -37.826882027325809        38.070051070260121       -109.54661729555576     
  -37.353610592122735        38.074956358858643       -109.57711077248824     
  -36.882136884997657        38.079692841242952       -109.60761913634200     
  -36.413090544319644        38.084252573981694       -109.63806753265834     
  -35.947095183025588        38.088628526867105       -109.66838204142937     
  -35.484766648701566        38.092814655593578       -109.69849024525696     
  -35.026711441465913        38.096805991492410       -109.72832184874686     
  -34.573524991144055        38.100598663320952       -109.75780910128435     
  -34.125790124304380        38.104189981704025       -109.78688739660619     
  -33.684075380851432        38.107578405644517       -109.81549552650904     
  -33.248933542966135        38.110763616190937       -109.84357623412127     
  -32.820900018959705        38.113746430544822       -109.87107629654633     
  -32.400491439436685        38.116528849133665       -109.89794697630927     
  -31.988204148034328        38.119113941369122       -109.92414399293844     
  -31.584512859164082        38.121505842384870       -109.94962779540290     
  -31.189869306505216        38.123709653163893       -109.97436354217288     
  -30.804700948036409        38.125731330346781       -109.99832105245764     
  -30.429409815984844        38.127577645423393       -110.02147494850472     
  -30.064371286815533        38.129255963762020       -110.04380424125368     
  -29.709933110513965        38.130774261469028       -110.06529256358449     
  -29.366414347309071        38.132140910758373       -110.08592769757564     
  -29.034104474024996        38.133364599862183       -110.10570145173244     
  -28.713262598626045        38.134454288432494       -110.12460960627672     
  -28.404116648054096        38.135418996885853       -110.14265134491635     
  -28.106862762773481        38.136267793148853       -110.15982922568388     
  -27.821664741114478        38.137009715827446       -110.17614894103197     
  -27.548653523831756        38.137653617160467       -110.19161882085395     
  -27.287926845313343        38.138208146407322       -110.20624971974786     
  -27.039548969401732        38.138681723057829       -110.22005485729761     
  -26.803550466957379        38.139082415692755       -110.23304937072110     
  -26.579928127018764        38.139417905058224       -110.24525009941429     
  -26.368644980998198        38.139695494409011       -110.25667549794096     
  -26.169630396523484        38.139922072124200       -110.26734540458204     
  -25.982780256150736        38.140104062587902       -110.27728076762111     
  -25.807957246567483        38.140247422395561       -110.28650350066567     
  -25.644991241229839        38.140357644753720       -110.29503636580614     
  -25.493679777723720        38.140439778379189       -110.30290290453806     
  -25.353788610496245        38.140498414346951       -110.31012728273352     
  -25.225052355503077        38.140537687901627       -110.31673418607434     
  -25.107175224147813        38.140561293206524       -110.32274876040567     
  -24.999831840179631        38.140572500069752       -110.32819656514307     
  -24.902668137140324        38.140574172446208       -110.33310353865922     
  -24.815302333791315        38.140568788720259       -110.33749597484137     
  -24.737325985248436        38.140558465356108       -110.34140051429550     
  -24.668305104962442        38.140544978218408       -110.34484413239876     
  -24.607781355457170        38.140529795509075       -110.34785416326010     
  -24.555273305708429        38.140518510351662       -110.35047111711232     
  -24.510277749792277        38.140513371302490       -110.35272689061158     
  -24.472271083965659        38.140512286898527       -110.35464179936027     
  -24.440710738258822        38.140513651637193       -110.35623853590599     
  -24.415036658018344        38.140516277228869       -110.35754189384394     
  -24.394672831493015        38.140519326228478       -110.35857849677436     
  -24.379028859189013        38.140522249076824       -110.35937653520264     
  -24.367501560614890        38.140524725502850       -110.35996551431478     
  -24.359476613944452        38.140526611154563       -110.36037601536611     
  -24.354330224046311        38.140527890243263       -110.36063947319597     
  -24.351430814265111        38.140528634892704       -110.36078797212279     
  -24.350140737288726        38.140528971787084       -110.36085406218992     
  -18.253818000401207        38.142120982892948       -110.67316595229730     
  -16.729818000401206        38.142518964599304       -110.75123979140750     
  -15.205818000401207        38.142916946305661       -110.82931363051770     
  -13.681818000401206        38.143314928012018       -110.90738746962791     
