  -68.100335449553000        21.278595927206300       -63.171236121525560     
  -66.576335449553000        21.253095341978984       -63.095530774415487     
  -65.052335449552999        21.227594756751667       -63.019825427305413     
  -63.528335449552998        21.202094171524351       -62.944120080195340     
  -57.422546461230205        21.099928034728592       -62.640812419603591     
  -57.414413204983809        21.099791943656356       -62.640408396646066     
  -57.402730348311188        21.099596600139687       -62.639828466867741     
  -57.386875304504073        21.099331763328749       -62.639042227550526     
  -57.366236794090447        21.098987488203491       -62.638020154223888     
  -57.340216511026590        21.098554186708455       -62.636733782151452     
  -57.308230755683354        21.098022692149723       -62.635155897480331     
  -57.269712029885845        21.097384326505534       -62.633260736980596     
  -57.224110589331893        21.096630970320508       -62.631024195302103     
  -57.170895948799512        21.095755134889281       -62.628424038677402     
  -57.109558335658491        21.094750023961556       -62.625440086768336     
  -57.039610087328562        21.093605972880912       -62.622043638458514     
  -56.960586988493596        21.092313257382681       -62.618205804881114     
  -56.872049544569940        21.090864906094556       -62.613905848400293     
  -56.773584187157958        21.089254565157990       -62.609124823834904     
  -56.664804407183254        21.087476600630112       -62.603845848861361     
  -56.545351813494314        21.085526210369064       -62.598054379809426     
  -56.414897113702906        21.083399553453081       -62.591738504324908     
  -56.273141014708521        21.081093901239715       -62.584889245372835     
  -56.119815040831774        21.078607815181254       -62.577500867098948     
  -55.954682268795018        21.075941349144429       -62.569571142215537     
  -55.777537985673867        21.073096200835430       -62.561101312003622     
  -55.588210254012552        21.070076015492280       -62.552096282643994     
  -55.386560388998539        21.066886808964828       -62.542564882861839     
  -55.172483356426085        21.063537449027347       -62.532519901485578     
  -54.945908092176609        21.060040247945810       -62.521977934302477     
  -54.706797753438572        21.056411618612639       -62.510958734867280     
  -54.455149885974620        21.052673172371801       -62.499484981899798     
  -54.190996528817692        21.048853132503705       -62.487581817882756     
  -53.914404276710769        21.044988045842373       -62.475275751853154     
  -53.625474313558144        21.041124952676110       -62.462592928563325     
  -53.324342394178075        21.037324692463898       -62.449558126220957     
  -53.011178847366750        21.033666074133315       -62.436192803145566     
  -52.686188584694669        21.030250515074677       -62.422512031103160     
  -52.349610844409845        21.027205646719903       -62.408523197937264     
  -52.001718640815639        21.024686213680077       -62.394224977800349     
  -51.642817920581287        21.022872012852353       -62.379606299915281     
  -51.273246315459701        21.021963603129038       -62.364647972137107     
  -50.893371666255135        21.022175228341343       -62.349323668294879     
  -50.503590328725366        21.023726564367983       -62.333601831682749     
  -50.104325351937582        21.026834457499184       -62.317448449357649     
  -49.696024705730864        21.031704693252426       -62.300828235370034     
  -49.279159431803834        21.038525352451749       -62.283707440602853     
  -48.854221939483487        21.047460840271455       -62.266054674119175     
  -48.421724402177773        21.058649081038432       -62.247842285492752     
  -47.982197433951448        21.072202733831659       -62.229049811905810     
  -47.536188709221989        21.088211407124092       -62.209669128702650     
  -47.084261545683042        21.106739726113290       -62.189697532959478     
  -46.626993444068248        21.127827299460751       -62.169136345549624     
  -46.164974592852047        21.151489321403346       -62.147990860546471     
  -45.698806370526967        21.177717289528651       -62.126270007175627     
  -45.229099814949201        21.206480103021175       -62.103986343325012     
  -44.756474106198922        21.237725299662909       -62.081155716985393     
  -44.281555033164906        21.271380566514644       -62.057796945936936     
  -43.804973463899486        21.307355481231493       -62.033931521798685     
  -43.327363789043289        21.345543776455699       -62.009584188386938     
  -42.849362383573578        21.385825486991024       -61.984782636802223     
  -42.371606089563876        21.428069091314701       -61.959556827107001     
  -41.894730649309970        21.472133558309253       -61.933938660081154     
  -41.419369107846677        21.517869744373719       -61.907961894254562     
  -40.946150155612472        21.565121571344527       -61.881662224379532     
  -40.475696521183245        21.613727306938458       -61.855077595882136     
  -40.008623333151206        21.663520736033934       -61.828248135495123     
  -39.545536551073653        21.714332405778947       -61.801216276079245     
  -39.087031365920538        21.765990765639703       -61.774026558542417     
  -38.633690678807767        21.818323391100339       -61.746725713284690     
  -38.186083559840256        21.871158054323793       -61.719362330595786     
  -37.744763787605429        21.924323874737230       -61.691986856180897     
  -37.310268386767468        21.977652298095592       -61.664651167521697     
  -36.883116239124419        22.030978133178547       -61.637408464647180     
  -36.463806721281351        22.084140434023158       -61.610312827547588     
  -36.052818397236678        22.136983365537912       -61.583418926202725     
  -35.650607775070121        22.189357008088514       -61.556781692632640     
  -35.257608095280915        22.241118015887935       -61.530455775334048     
  -34.874228222375798        22.292130447659311       -61.504495421128112     
  -34.500851563581534        22.342266277623310       -61.478953595103377     
  -34.137835082917881        22.391406104911407       -61.453881982168802     
  -33.785508361124585        22.439439471377806       -61.429330251578776     
  -33.444172720295022        22.486265245821478       -61.405345889941174     
  -33.114100429184425        22.531791952603943       -61.381974178409557     
  -32.795533985431597        22.575937577735331       -61.359257089160941     
  -32.488685474200906        22.618629504396992       -61.337232843624861     
  -32.193735992608332        22.659804478436030       -61.315935824408960     
  -31.910835144620716        22.699408540220148       -61.295396636106908     
  -31.640100619786658        22.737396941379423       -61.275642341092045     
  -31.381617859513398        22.773733888834482       -61.256696401533453     
  -31.135439812419058        22.808392101842617       -61.238578285238724     
  -30.901586766191517        22.841352491536931       -61.221303526654921     
  -30.680046261178525        22.872603871619091       -61.204883960564693     
  -30.470773103149760        22.902142508136279       -61.189327588942504     
  -30.273689460379408        22.929971682996552       -61.174638543541306     
  -30.088685041334532        22.956101301427783       -61.160817229331052     
  -29.915617356433042        22.980547521917753       -61.147860539096698     
  -29.754312072974880        23.003332366763914       -61.135761971285248     
  -29.604563460558008        23.024483331124038       -61.124511689749824     
  -29.466134918227688        23.044033049794340       -61.114096672369165     
  -29.338759586186946        23.062018993185497       -61.104500868242042     
  -29.222141041058578        23.078483188228912       -61.095705351117822     
  -29.115954072178397        23.093471966932192       -61.087688478170861     
  -29.019845538568681        23.107035730602799       -61.080426026658166     
  -28.933435304116465        23.119228726728668       -61.073891309196853     
  -28.856317245919307        23.130108848126500       -61.068055302973349     
  -28.788060333540951        23.139737446178209       -61.062886783137849     
  -28.728209776504901        23.148179170311934       -61.058352506401292     
  -28.676288224030184        23.155509985786956       -61.054439396693255     
  -28.631797060541672        23.161803057109541       -61.051117139426459     
  -28.594217740398996        23.167126651766019       -61.048333195301581     
  -28.563013160093035        23.171552874837488       -61.046036949106806     
  -28.537629095096793        23.175157297856380       -61.044179354673247     
  -28.517495683442370        23.178018585777309       -61.042712597188675     
  -28.502028952117548        23.180218125164384       -61.041589780056270     
  -28.490632382271926        23.181839656735303       -61.040764642930654     
  -28.482698509118659        23.182968915298645       -61.040191316965569     
  -28.477610552318364        23.183693279923570       -61.039824122658757     
  -28.474744072539256        23.184101436924930       -61.039617414976689     
  -28.473468649804087        23.184283057954406       -61.039525479687839     
  -22.377149579162140        24.052402870385794       -60.600089331007190     
  -20.853149579162139        24.269421464526754       -60.490236043666243     
  -19.329149579162141        24.486440058667714       -60.380382756325297     
  -17.805149579162141        24.703458652808674       -60.270529468984350     
