     -16.2380350381283094       47.5960465402066575     -139.7776405988583974
     -16.2394809456499125       47.5808189689186278     -139.7828518776135240
     -16.2423035160437266       47.5621148943180074     -139.7892699371397498
     -16.2472794468657575       47.5395798832169945     -139.7970282767545314
     -16.2550966436181419       47.5140532030253624     -139.8058524860301475
     -16.2664431228011388       47.4862715481394915     -139.8155034520336812
     -16.2819979347827868       47.4569701235610708     -139.8257429539946770
     -16.3024248427508454       47.4269447969912719     -139.8363125983594841
     -16.3283670605228259       47.3970995927887060     -139.8469177914614932
     -16.3604420349770585       47.3684940606607512     -139.8572117749354504
     -16.3992354671097686       47.3424020799770133     -139.8667757625348713
     -16.4452935180304429       47.3203971887760702     -139.8750900069633190
     -16.4991112866585361       47.3044917782146328     -139.8814864294503479
     -16.5611133458161603       47.2973902847375314     -139.8850622176667002
     -16.6320802974407691       47.2963787259383466     -139.8867528724551050
     -16.7130127046744050       47.2952434062537748     -139.8886805010117769
     -16.8044503368247469       47.2939632752675720     -139.8908649092512348
     -16.9069036486656330       47.2925324164567016     -139.8933207545110236
     -17.0208534038807002       47.2909456970366122     -139.8960624498278662
     -17.1467493626339511       47.2891988574622104     -139.8991041693883801
     -17.2850090483675949       47.2872886047654504     -139.9024598554625811
     -17.4360165971900756       47.2852127083202305     -139.9061432269718637
     -17.6001216929816984       47.2829700964065296     -139.9101677891711688
     -17.7776385920809012       47.2805609452355569     -139.9145468238548915
     -17.9688452387487274       47.2779867674184757     -139.9192933845845914
     -18.1739824723272427       47.2752505073301208     -139.9244203226913044
     -18.3932533306278572       47.2723566267142843     -139.9299402984135554
     -18.6268224516535454       47.2693111746812917     -139.9358657634717531
     -18.8748155809683951       47.2661217774423292     -139.9422087272768067
     -19.1373191779235512       47.2627977080988870     -139.9489807821439626
     -19.4143801456592904       47.2593499748033210     -139.9561931832217283
     -19.7060056673526027       47.2557913300468613     -139.9638566848216783
     -20.0121631442267294       47.2521362227472750     -139.9719812193062012
     -20.3327802305011716       47.2484009071198940     -139.9805760581980678
     -20.6677449863153662       47.2446034873869110     -139.9896498029982581
     -21.0169061467153284       47.2407639390313108     -139.9992103280135893
     -21.3800735029759963       47.2369041126268101     -140.0092646949344726
     -21.7570184061313405       47.2330476732287181     -140.0198189017674508
     -22.1474743837194374       47.2292200614072399     -140.0308777232643820
     -22.5511378672216196       47.2254484966660115     -140.0424447066617688
     -22.9676690455440067       47.2217618641798751     -140.0545218534723801
     -23.3966928210529694       47.2181907084347401     -140.0671096526474173
     -23.8377998905402997       47.2147670850995809     -140.0802067303218337
     -24.2905479262391673       47.2115245142748705     -140.0938098398781335
     -24.7544628737743331       47.2084978067300725     -140.1079135176773320
     -25.2290403443067994       47.2057229848487836     -140.1225100651068090
     -25.7137470712689264       47.2032371585290420     -140.1375894663787562
     -26.2080223451079881       47.2010783566583569     -140.1531393791413223
     -26.7112795776926930       47.1992852581427726     -140.1691450601477698
     -27.2229079862880106       47.1978968993316457     -140.1855893598175555
     -27.7422743582689719       47.1969522326194380     -140.2024523964055618
     -28.2687248655859804       47.1964898420987353     -140.2197118112218277
     -28.8015869436597853       47.1965475369597556     -140.2373427655714977
     -29.3401712173143991       47.1971619888365908     -140.2553181602250163
     -29.8837734736021510       47.1983683044235534     -140.2736087390387354
     -30.4316766685938411       47.2001996117768812     -140.2921832916357232
     -30.9831529617566126       47.2026866681251249     -140.3110089581842317
     -31.5374657639138540       47.2058575080149296     -140.3300516701468723
     -32.0938718212396807       47.2097369165084828     -140.3492760634199499
     -32.6516232986519981       47.2143459444505282     -140.3686454842549551
     -33.2099698652447373       47.2197014152117589     -140.3881219125697726
     -33.7681608236200361       47.2258157122782549     -140.4076666104987225
     -34.3254480002323490       47.2326969198966751     -140.4272411635689934
     -34.8810887003883039       47.2403489720930523     -140.4468072953260673
     -35.4343478301756392       47.2487720021001252     -140.4663268481763794
     -35.9844998623967669       47.2579627538360825     -140.4857618882257100
     -36.5308307290975307       47.2679149771020448     -140.5050747297791247
     -37.0726396298649306       47.2786198478221564     -140.5242280193358795
     -37.6092407740327488       47.2900663764184443     -140.5431847802190362
     -38.1399650551470586       47.3022418309270023     -140.5619084993667798
     -38.6641616849394651       47.3151321454064586     -140.5803631595803154
     -39.1811998120741336       47.3287223287599872     -140.5985132365798904
     -39.6904701617149982       47.3429969229164271     -140.6163237563217479
     -40.1913858730985183       47.3579976234875346     -140.6337410168897577
     -40.6833801989199486       47.3741762362157175     -140.6505738821086879
     -41.1659160415667742       47.3921153641726463     -140.6665880652066392
     -41.6384877106589428       47.4123229426888813     -140.6815755477383334
     -42.1006142089559319       47.4352279554221568     -140.6953556543338664
     -42.5518356699350733       47.4611773941999644     -140.7077760557283170
     -42.9917106403819389       47.4904339222175125     -140.7187132781758976
     -43.4198138258906567       47.5231744672371477     -140.7280732450253709
     -43.8357351713682348       47.5594897124437992     -140.7357913953663342
     -44.2390811425886170       47.5993849880522575     -140.7418329780869044
     -44.6294787030002666       47.6427824088008123     -140.7461917762869916
     -45.0065813665728740       47.6895253394629393     -140.7488893052518506
     -45.3700760099000746       47.7393847379057163     -140.7499727803022438
     -45.7196893182315662       47.7920672078731741     -140.7495120288826627
     -46.0551940471785670       47.8472250896602986     -140.7475969893249328
     -46.3764104093202789       47.9044676908106055     -140.7443353210903467
     -46.6832045254300283       47.9633720853782819     -140.7398495392156974
     -46.9754871789322195       48.0234929690690038     -140.7342731280805879
     -47.2532128101660049       48.0843720841622329     -140.7277471800491355
     -47.5163786458846289       48.1455472172576506     -140.7204176702055918
     -47.7650239398109733       48.2065604152884646     -140.7124324788670719
     -47.9992292581803213       48.2669655540583165     -140.7039387220338256
     -48.2191157777446335       48.3263352286390813     -140.6950804575297411
     -48.4248445804546535       48.3842668585971012     -140.6859965916926569
     -48.6166159294105924       48.4403879450263091     -140.6768189117671284
     -48.7946685048816491       48.4943605280555872     -140.6676704584593836
     -48.9592785905557975       48.5458848120572597     -140.6586641761123246
     -49.1107591970574475       48.5947019859055374     -140.6499019119897298
     -49.2494591271974045       48.6405961663272421     -140.6414735077736395
     -49.3757619700710251       48.6833955465268602     -140.6334561342654297
     -49.4900850140684696       48.7229728353141383     -140.6259139905939719
     -49.5928780818267043       48.7592449983211225     -140.6188982422093545
     -49.6846222864426679       48.7921723597456207     -140.6124471781172929
     -49.7658287093730323       48.8217571316212187     -140.6065865674313500
     -49.8370370014929875       48.8499007648220527     -140.6006842087589064
     -49.8988139098699079       48.8787265563252760     -140.5940310457798148
     -49.9517517327660840       48.9078110451907833     -140.5868040072791416
     -49.9964667070525053       48.9367680224625232     -140.5791691854603016
     -50.0335973320984309       48.9652499480711398     -140.5712811686482553
     -50.0638026343743618       48.9929407042502447     -140.5632853748395803
     -50.0877603775009419       49.0195486145606480     -140.5553202904181376
     -50.1061652226616161       49.0447989101037649     -140.5475199028955160
     -50.1197268444516624       49.0684245404977020     -140.5400167157181670
     -50.1291680073653723       49.0901535029666007     -140.5329459863270074
     -50.1352226082261936       49.1096891319327895     -140.5264524339392551
     -50.1386336899476461       49.1266755245688742     -140.5207021558874203
     -50.1401514320751573       49.1406320636181917     -140.5159053644640323
     -50.1405311236049656       49.1519206639483244     -140.5119778827149162
     -50.1401514320751573       49.1631959638789979     -140.5080123787399771
     -50.1386336899476461       49.1770993394240392     -140.5030636073118444
     -50.1352226082261936       49.1939662615947810     -140.4969717956808779
     -50.1291680073653723       49.2132898771439002     -140.4898721545753801
     -50.1197268444516126       49.2346883521373613     -140.4818566513440317
     -50.1061652226611187       49.2578394991587771     -140.4729970452059433
     -50.0877603774975242       49.2824463138199107     -140.4633571207904197
     -50.0638026343560796       49.3082173809385580     -140.4529997292069083
     -50.0335973320175711       49.3348543247392826     -140.4419913723376112
     -49.9964667067459700       49.3620427442173266     -140.4304055732658583
     -49.9517517317424193       49.3894448056263045     -140.4183256700829645
     -49.8988139067961640       49.4166923881311817     -140.4058474168344901
     -49.8370369930641246       49.4433799625467643     -140.3930816758943081
     -49.7658286880067848       49.4690661148235407     -140.3801540566339838
     -49.6846222355206706       49.4958531416815788     -140.3662954772346438
     -49.5928779663012449       49.5256219567444660     -140.3508150446529896
     -49.4900847633410805       49.5583582140808190     -140.3336912324271566
     -49.3757614473670472       49.5940069967683002     -140.3149188372194089
     -49.2494580768500754       49.6324714343147591     -140.2945096192693768
     -49.1107571566890471       49.6736118850392998     -140.2724927436674420
     -48.9592747491646421       49.7172457444656004     -140.2489149973164047
     -48.7946614799166696       49.7631479322544976     -140.2238407619826717
     -48.6166034257094353       49.8110521376769739     -140.1973518367316558
     -48.4248228811294723       49.8606528045365636     -140.1695469648198866
     -48.2190790014454080       49.9116078121705016     -140.1405408999595181
     -47.9991682983974144       49.9635419385953767     -140.1104632633364417
     -47.7649249797143298       50.0160510594821446     -140.0794571259285135
     -47.5162211162206205       50.0687070665145626     -140.0476773952814540
     -47.2529666271953346       50.1210633712649738     -140.0152888212743960
     -46.9751090628355499       50.1726609431797286     -139.9824637351710521
     -46.6826331542889648       50.2230348447227755     -139.9493797471373568
     -46.3755601047318606       50.2717211162451534     -139.9162173944892800
     -46.0539466055099282       50.3182636605584577     -139.8831572544026756
     -45.7178834797599407       50.3622212637865587     -139.8503774876844545
     -45.3674938671117403       50.4031744882896646     -139.8180517792977184
     -45.0029310444010093       50.4407316189195356     -139.7863462438561157
     -44.6243790465806498       50.4745339932770491     -139.7554162079352125
     -44.2320578307967480       50.5042620841197873     -139.7254037077362625
     -43.8262282126626133       50.5296427935887138     -139.6964357948959901
     -43.4071969228440082       50.5504573401966510     -139.6686221221970641
     -42.9753206476616540       50.5665496193029540     -139.6420516465312005
     -42.5310076325541857       50.5778352309077306     -139.6167901282923935
     -42.0747164640429219       50.5843097482713517     -139.5928763878014536
     -41.6069524197161940       50.5860562385331178     -139.5703193610135884
     -41.1282623540679921       50.5832512606458664     -139.5490953877394134
     -40.6392289642772226       50.5761692719397900     -139.5291465000631774
     -40.1404641345115891       50.5651849603642205     -139.5103790712273621
     -39.6325990590073474       50.5507719018133344     -139.4926640147640171
     -39.1162828389212862       50.5332985773118324     -139.4759105398591998
     -38.5921887148050757       50.5127509152645189     -139.4601670740343309
     -38.0610083792640097       50.4890818574824607     -139.4454939433573202
     -37.5234492966360378       50.4622680282437130     -139.4319426223067069
     -36.9802327402586926       50.4323095283807987     -139.4195556236004734
     -36.4320917228424861       50.3992295038723839     -139.4083664791554042
     -35.8797688707427014       50.3630734930125001     -139.3983998529962207
     -35.3240142928659111       50.3239084977826892     -139.3896716315720425
     -34.7655834549266913       50.2818218627913538     -139.3821891924934562
     -34.2052350926634787       50.2369199351055542     -139.3759517288834218
     -33.6437291719369895       50.1893265408795699     -139.3709506641567657
     -33.0818249066361716       50.1391812920892193     -139.3671701175696569
     -32.5202789153706675       50.0866378300506625     -139.3645876051287473
     -31.9598441812194771       50.0318621490130937     -139.3631747757870585
     -31.4012690246985784       49.9750307735207215     -139.3628968861283681
     -30.8452952644716909       49.9163293310238245     -139.3637132296568950
     -30.2926563256570027       49.8559511636640451     -139.3655778199748454
     -29.7440753859609472       49.7940959667360161     -139.3684402513460441
     -29.2002635667516195       49.7309683465679058     -139.3722463872567516
     -28.6619181862094941       49.6667762189506234     -139.3769386049345371
     -28.1297210483596380       49.6017293228759328     -139.3824563162680761
     -27.6043367798675803       49.5360377423798468     -139.3887364208475219
     -27.0864112130701464       49.4699105324690294     -139.3957139186675818
     -26.5765698218593442       49.4035543386670710     -139.4033223334313618
     -26.0754162078089884       49.3371721327753789     -139.4114942558007328
     -25.5835306402612197       49.2709619963710281     -139.4201617827865505
     -25.1014686421905324       49.2051161118221714     -139.4292572780506134
     -24.6297596387750346       49.1398197599222755     -139.4387138639838781
     -24.1689056256881791       49.0752503767140098     -139.4484658024612997
     -23.7193798526400883       49.0115767090829877     -139.4584489536131287
     -23.2816256863216502       48.9489579926574763     -139.4686010029751628
     -22.8560555586977365       48.8875433503485226     -139.4788619177467410
     -22.4430499770749279       48.8274712961378938     -139.4891743013670009
     -22.0429565963986889       48.7688693489765797     -139.4994836694951914
     -21.6560893537558634       48.7118537942745107     -139.5097387694573285
     -21.2827276770613025       48.6565294822716652     -139.5198916462042860
     -20.9231157556005876       48.6029898256647854     -139.5298979429601047
     -20.5774618972600862       48.5513167679891424     -139.5397168093204812
     -20.2459379534074131       48.5015809477073816     -139.5493110910220480
     -19.9286788290616528       48.4538419121246449     -139.5586474154341090
     -19.6257820823085893       48.4081483601394567     -139.5676961444881954
     -19.3373076102420143       48.3645384342743938     -139.5764312865547652
     -19.0632774315920912       48.3230400231679198     -139.5848302880688152
     -18.8036755652887315       48.2836710906292552     -139.5928737830013517
     -18.5584479938363742       48.2464401888018060     -139.6005457865006179
     -18.3275027457425672       48.2113468912698124     -139.6078335902614640
     -18.1107100917225345       48.1783821749780685     -139.6147274491239330
     -17.9079028159667359       48.1475288870567937     -139.6212204988161432
     -17.7188765850896530       48.1187622313913650     -139.6273087530760506
     -17.5433904267219383       48.0920501811120076     -139.6329909237420850
     -17.3811673123312787       48.0673538724290239     -139.6382682355576037
     -17.2318948431703021       48.0446279775028344     -139.6431442372185074
     -17.0952260347502190       48.0238210736069888     -139.6476246638389114
     -16.9707802010118627       48.0048759863392860     -139.6517172881206932
     -16.8581439351813849       47.9877301106890357     -139.6554317700194758
     -16.7568721839766397       47.9723157150843136     -139.6587795157236371
     -16.6664894122157854       47.9585602304948679     -139.6617735454015019
     -16.5864908546589014       47.9463865272368821     -139.6644283688871440
     -16.5163448632987482       47.9356987694578009     -139.6667648312084964
     -16.4559272605609479       47.9202145069629353     -139.6709345919665282
     -16.4048436073262707       47.8971411902829232     -139.6778844246319693
     -16.3622962915846699       47.8690928847590129     -139.6866980333784340
     -16.3275143653516217       47.8379902638173746     -139.6966988819562232
     -16.2997374834495439       47.8053137996067932     -139.7073630932640640
     -16.2782078935484193       47.7722429717279198     -139.7182714053337804
     -16.2621662547732981       47.7397416292581767     -139.7290795986641285
     -16.2508493619874699       47.7086168493336871     -139.7394980365155845
     -16.2434887121637956       47.6795663835313448     -139.7492751550543915
     -16.2393090967266538       47.6532262548003445     -139.7581809495565039
     -16.2375261953074137       47.6302330393634605     -139.7659854885209256
     -16.2373414631976551       47.6113251081965316     -139.7724241587108054
     -16.2380350381283094       47.5960465402066575     -139.7776405988583974
