  -53.393314416034983        116.59410199840531       -84.360569205658550     
  -51.869314416034982        116.55157145636223       -84.329796630769408     
  -50.345314416034981        116.50904091431914       -84.299024055880267     
  -48.821314416034980        116.46651037227606       -84.268251480991125     
  -42.714388296812487        116.29608328692987       -84.144940561472580     
  -42.705310209303057        116.29582994310934       -84.144757256926823     
  -42.692270109053503        116.29546625104362       -84.144494110942972     
  -42.674573010649695        116.29497308961896       -84.144137288618651     
  -42.651536505543952        116.29433185312369       -84.143673327966141     
  -42.622492608614358        116.29352455300206       -84.143089213537181     
  -42.586789566543850        116.29253392347218       -84.142372452847098     
  -42.543793623033224        116.29134353003330       -84.141511154900130     
  -42.492890735968182        116.28993787981827       -84.140494110077015     
  -42.433488241780779        116.28830253268391       -84.139310870618118     
  -42.365016462380026        116.28642419353018       -84.137951817657211     
  -42.286930250159486        116.28428549929467       -84.136404389901088     
  -42.198710466792456        116.28186912043793       -84.134656052218602     
  -42.099865391701194        116.27916187554206       -84.132697274607949     
  -41.989932056242154        116.27615159765774       -84.130519268289589     
  -41.868477499896024        116.27282724308706       -84.128114070355835     
  -41.735099944973392        116.26917900575725       -84.125474636492385     
  -41.589429886592256        116.26519843413533       -84.122594941761392     
  -41.431131094946615        116.26087854641885       -84.119470089497270     
  -41.259901527025377        116.25621393924331       -84.116096429239136     
  -41.075474145485096        116.25120088230975       -84.112471684162998     
  -40.877617642953773        116.24583738837663       -84.108595088360403     
  -40.666137069614265        116.24012325105909       -84.104467539031319     
  -40.440874362797025        116.23406003828545       -84.100091768525729     
  -40.201708777119300        116.22765103138248       -84.095472546693131     
  -39.948557215554018        116.22090108848784       -84.090616920849854     
  -39.681374461598971        116.21381641327537       -84.085534508686351     
  -39.400153311914856        116.20640421496626       -84.080237871261488     
  -39.104924610204947        116.19867223346704       -84.074742995331462     
  -38.795757186328714        116.19062809795103       -84.069069925136489     
  -38.472757701782172        116.18227848268340       -84.063243601583991     
  -38.136070403769082        116.17362801491794       -84.057294991468865     
  -37.785876797152447        116.16467784938476       -84.051262600173445     
  -37.422395228228638        116.15542400584799       -84.045194260664843     
  -37.045880343913161        116.14585609623316       -84.039148352573832     
  -36.656622415366151        116.13595675257024       -84.033194057889830     
  -36.254946520872274        116.12570177570558       -84.027410580958303     
  -35.841211590805109        116.11506109171890       -84.021885306291409     
  -35.415809324480250        116.10400037078274       -84.016711075305352     
  -34.979162996513445        116.09248302979962       -84.011982954809667     
  -34.531726176013599        116.08047236427582       -84.007794931226712     
  -34.073981371202699        116.06793353170788       -84.004236792252001     
  -33.606438613081181        116.05483537114333       -84.001391433473643     
  -33.129633983690908        116.04115185596446       -83.999332602925662     
  -32.644128121210343        116.02686284856117       -83.998123710596673     
  -32.150504709181078        116.01195581178693       -83.997819080881428     
  -31.649368901093034        115.99642845911373       -83.998466117491319     
  -31.141345688630267        115.98028530762662       -84.000103003579227     
  -30.627078224541236        115.96353681070573       -84.002758301075005     
  -30.107226097046620        115.94619904760664       -84.006451043007132     
  -29.582463567974486        115.92829324994356       -84.011190829710458     
  -29.053477770143086        115.90984546620061       -84.016978160350064     
  -28.520966875579937        115.89088614118661       -84.023804844053387     
  -27.985638237044846        115.87144969084872       -84.031654543804663     
  -27.448206512871465        115.85157389125121       -84.040503312236225     
  -26.909391772247158        115.83129935391460       -84.050320303037552     
  -26.369917590750035        115.81066890663958       -84.061068507881345     
  -25.830509137950802        115.78972700970937       -84.072705588494784     
  -25.291891257152230        115.76851921857121       -84.085184629007145     
  -24.754786542662416        115.74709163987872       -84.098454495109664     
  -24.219913409178105        115.72549078457891       -84.112460336842602     
  -23.687984179537914        115.70376324367624       -84.127143970370426     
  -23.159703183688162        115.68195554961650       -84.142444405682170     
  -22.635764880025533        115.66011397296900       -84.158298330765263     
  -22.116852009711987        115.63828416564679       -84.174640485029315     
  -21.603633770758655        115.61651108151807       -84.191404228517086     
  -21.096764041607546        115.59483860608574       -84.208521890141569     
  -20.596879629283496        115.57330956599354       -84.225925378870343     
  -20.104598576975128        115.55196542733358       -84.243546549180735     
  -19.620518513472696        115.53084603589100       -84.261317576926174     
  -19.145215060959512        115.50998937836100       -84.279171320674934     
  -18.679240286867962        115.48943195931716       -84.297042107029100     
  -18.223121226284796        115.46920873135686       -84.314866156130634     
  -17.777358471286441        115.44935299450289       -84.332581959056697     
  -17.342424830291819        115.42989628850167       -84.350130652406406     
  -16.918764063614812        115.41086816360094       -84.367456287655386     
  -16.506789696775428        115.39229603762787       -84.384506098434144     
  -16.106883907978837        115.37420495822771       -84.401230634219928     
  -15.719396518532571        115.35661707684085       -84.417583611812347     
  -15.344644011240108        115.33955302275560       -84.433523095607171     
  -14.982908681599774        115.32303265098264       -84.449012161819468     
  -14.634437871241017        115.30707418308597       -84.464018328899172     
  -14.299443298921938        115.29169427855483       -84.478513613520420     
  -13.978100489791498        115.27690803247046       -84.492474488532395     
  -13.670548301088731        115.26272816458585       -84.505881203878971     
  -13.376888551196879        115.24916492221902       -84.518717594283842     
  -13.097185739267337        115.23622612267370       -84.530970959144398     
  -12.831466861549407        115.22391722931832       -84.542631942922753     
  -12.579721336070980        115.21224143507753       -84.553694402250841     
  -12.341901026724051        115.20119971574731       -84.564155237781449     
  -12.117920364753969        115.19079081636957       -84.574014166092553     
  -11.907656573801617        115.18101131287220       -84.583273533616207     
  -11.710949997358542        115.17185563972063       -84.591938102937917     
  -11.527604522735439        115.16331618229854       -84.600014894441429     
  -11.357388100996383        115.15538342121282       -84.607513077076291     
  -11.200033367150015        115.14804600248351       -84.614443816946618     
  -11.055238355893181        115.14129080171389       -84.620820134621027     
  -10.922667310804419        115.13510300213125       -84.626656786052308     
  -10.801951584766348        115.12946616539554       -84.631970151379207     
  -10.692690629080674        115.12436225142774       -84.636778098394416     
  -10.594453068834252        115.11977167826799       -84.641099886121438     
  -10.506777861517953        115.11567339004742       -84.644956083087692     
  -10.429175535730788        115.11204492511628       -84.648368492060072     
  -10.361129506605202        115.10886251221848       -84.651360099184288     
  -10.302097463722776        115.10611239421064       -84.653963255975512     
  -10.251512830248780        115.10377175384222       -84.656205575994790     
  -10.208786286572645        115.10180617772276       -84.658107951232907     
  -10.173307354461350        115.10018198874938       -84.659693467704159     
  -10.144446039117765        115.09886608048947       -84.660987155493174     
  -10.121554524013371        115.09782576210993       -84.662015742684943     
  -10.103968913967108        115.09702861725357       -84.662807415804195     
  -10.091011021816952        115.09644238010054       -84.663391589412655     
  -10.081990193910224        115.09603483153589       -84.663798687352923     
  -10.076205169526492        115.09577371794437       -84.664059937871912     
  -10.072945969253130        115.09562669486803       -84.664207184662388     
  -10.071495807250919        115.09556129741428       -84.664272715613905     
  -3.9751330222770598        114.82063573552350       -84.939759491216535     
  -2.4511330222770589        114.75190843514790       -85.008627086670870     
 -0.92713302227705974        114.68318113477230       -85.077494682125206     
  0.59686697772294117        114.61445383439670       -85.146362277579541     
