     -28.1103435725991559       58.3858338047875591      -40.6057310471140269
     -28.1089591830363865       58.3779689849957322      -40.6170560997687957
     -28.1081403164258248       58.3682005769505210      -40.6311035174057125
     -28.1084806584243907       58.3562687877960826      -40.6482340287787665
     -28.1107030895637884       58.3425278483893237      -40.6679238574676063
     -28.1155130325253673       58.3272801403706609      -40.6897244355148473
     -28.1236080677983367       58.3108285042063841      -40.7131874592674379
     -28.1356832147868552       58.2935085846732264      -40.7378188237828809
     -28.1524345972595178       58.2757136894332604      -40.7630434629778975
     -28.1745631228195208       58.2579196319519710      -40.7881703362350834
     -28.2027794737363635       58.2407155055862020      -40.8123490048390565
     -28.2378121009945531       58.2248481550431833      -40.8345066333624303
     -28.2804212832957553       58.2112944213871373      -40.8532451886645518
     -28.3314259789878697       58.2013921216659256      -40.8666543512275027
     -28.3910197292079083       58.1936810055446543      -40.8768171014217359
     -28.4589837585589471       58.1848915336198402      -40.8883916693580218
     -28.5357686036804843       58.1749562325787366      -40.9014642424367310
     -28.6218026575202096       58.1638179116473495      -40.9161058914229088
     -28.7174894279379522       58.1514223631644711      -40.9323829269822141
     -28.8232064843963016       58.1377185301741335      -40.9503566000996884
     -28.9393044831578230       58.1226586836110286      -40.9700827898630209
     -29.0661062738938618       58.1061986118085514      -40.9916116757517131
     -29.2039060904137706       58.0882978246590440      -41.0149873922462547
     -29.3529688280248706       58.0689197755671032      -41.0402476654229673
     -29.5135294086593944       58.0480321431375756      -41.0674234600990928
     -29.6857922372531604       58.0256071194831407      -41.0965386005380537
     -29.8699307520684272       58.0016216612668387      -41.1276093355200985
     -30.0660870672912139       57.9760577888515627      -41.1606439116002747
     -30.2743717088351048       57.9489029049270883      -41.1956421394898911
     -30.4948634343283693       57.9201502174277465      -41.2325950206996126
     -30.7276091083349918       57.8897991802927265      -41.2714843912937894
     -30.9726236760190474       57.8578557351691245      -41.3122824569249332
     -31.2298902368270248       57.8243326382914162      -41.3549514221032837
     -31.4993601988632577       57.7892499414181344      -41.3994432705605178
     -31.7809535085841368       57.7526354185377926      -41.4456995632401899
     -32.0745589503285373       57.7145247016268996      -41.4936510990070033
     -32.3800345163950851       57.6749616356887245      -41.5432178190853065
     -32.6972078441187648       57.6339987901479205      -41.5943089281777958
     -33.0258766979210208       57.5916974221104923      -41.6468227407772957
     -33.3658095198343432       57.5481278886422700      -41.7006469856504225
     -33.7167460413493387       57.5033703988512457      -41.7556595088395426
     -34.0783978957283722       57.4575143671272102      -41.8117281277910351
     -34.4504493175580890       57.4106584684899275      -41.8687111660670794
     -34.8325578603882420       57.3629105182324750      -41.9264580449875268
     -35.2243551305648097       57.3143871128966964      -41.9848098923630175
     -35.6254476191445946       57.2652138411050515      -42.0436007648935473
     -36.0354175304949820       57.2155243390625259      -42.1026582228568031
     -36.4538239309905734       57.1654602131419267      -42.1618046766653976
     -36.8802037921674213       57.1151702000267321      -42.2208582356512636
     -37.3140730658383291       57.0648096231392614      -42.2796338884173224
     -37.7549277787404449       57.0145396669687443      -42.3379446776783581
     -38.2022451555411280       56.9645263549562415      -42.3956027726084415
     -38.6554848255727208       56.9149397947511204      -42.4524208438592652
     -39.1140900035645558       56.8659528473196616      -42.5082131000633723
     -39.5774887952176826       56.8177402334039883      -42.5627967230656665
     -40.0450954479528747       56.7704770176730733      -42.6159928943825719
     -40.5163117438903200       56.7243375330237285      -42.6676281868566676
     -40.9905283323856793       56.6794937817368520      -42.7175355806901749
     -41.4671262019980063       56.6361141973170419      -42.7655557451784745
     -41.9454781044325244       56.5943620253593380      -42.8115380074172904
     -42.4249500990345965       56.5543939803020947      -42.8553414800842134
     -42.9049029509685838       56.5163587680402912      -42.8968360170509655
     -43.3846923269978717       56.4803956746170783      -42.9359033071670808
     -43.8636688758207498       56.4466326060609518      -42.9724381959061361
     -44.3411795967132463       56.4151841708613588      -43.0063502981595462
     -44.8165694336475440       56.3861495003479831      -43.0375652221930807
     -45.2891829611323899       56.3596106879648744      -43.0660260031383118
     -45.7583661908873864       56.3356314447092785      -43.0916943967835167
     -46.2234684149245609       56.3142558901587833      -43.1145519341802554
     -46.6838441341902666       56.2955071502223134      -43.1346004556372691
     -47.1388549549808289       56.2793867520854221      -43.1518628647297149
     -47.5878714759260220       56.2658737976991219      -43.1663833216389392
     -48.0302750088236508       56.2549249119340615      -43.1782276585959011
     -48.4654605000546042       56.2465051201859438      -43.1874425669980866
     -48.8928442548669508       56.2407808032997352      -43.1938049807703379
     -49.3118527955548132       56.2379666482508540      -43.1970215408084144
     -49.7219239148088192       56.2382132150002718      -43.1968749833676497
     -50.1225212264661835       56.2416071580085273      -43.1932243244356542
     -50.5131437627835354       56.2481738191908462      -43.1860010495626199
     -50.8933341190941988       56.2578823910243884      -43.1752043951305637
     -51.2626857552952657       56.2706509756819173      -43.1608941230848586
     -51.6208480027220844       56.2863540806321083      -43.1431833387681820
     -51.9675273461736893       56.3048294509723490      -43.1222299731564860
     -52.3024842030826846       56.3258850027018738      -43.0982287902515111
     -52.6255259376839177       56.3493055218315462      -43.0714048284206896
     -52.9364982677553684       56.3748570258503747      -43.0420072865370216
     -53.2352768280049844       56.4022910697852851      -43.0103055412681528
     -53.5217584818485861       56.4313477985470300      -42.9765863314249117
     -53.7958599160283910       56.4617576840519249      -42.9411511154602437
     -54.0575207155726289       56.4932445132970997      -42.9043134137570021
     -54.3067058776781195       56.5255287822480170      -42.8663953454110569
     -54.5434077262956833       56.5583308559080820      -42.8277233164553195
     -54.7676473664574672       56.5913743996171377      -42.7886235991101103
     -54.9794757661135591       56.6243902543214759      -42.7494182135846756
     -55.1789745257085471       56.6571197621531795      -42.7104205882426768
     -55.3662563761536290       56.6893178106153499      -42.6719313886978142
     -55.5414654389350915       56.7207555772820058      -42.6342346511793053
     -55.7047772809575221       56.7512229626967368      -42.5975943268077089
     -55.8563987780273834       56.7805306182505731      -42.5622512529307997
     -55.9965678098536088       56.8085115666937170      -42.5284206091265773
     -56.1255528050492458       56.8350224101249566      -42.4962898883649416
     -56.2436521521361428       56.8599440537144574      -42.4660173413484685
     -56.3511934891742214       56.8831821298429574      -42.4377310232940701
     -56.4485328836998690       56.9046671618869340      -42.4115284445617249
     -56.5360539146432401       56.9243542274276919      -42.3874766025243588
     -56.6141666641038626       56.9422222941621428      -42.3656124676517862
     -56.6833066263849688       56.9582732755086880      -42.3459438908117747
     -56.7439335408031198       56.9735274660107294      -42.3271094339877578
     -56.7965301537603793       56.9891228100082401      -42.3075868588946662
     -56.8416009156823847       57.0048319041683271      -42.2876916093403494
     -56.8796706172223878       57.0204480776750984      -42.2677135454106647
     -56.9112829692936302       57.0357860566747235      -42.2479157974782282
     -56.9369991315033417       57.0506779864988403      -42.2285398665368277
     -56.9573961933136488       57.0649696021234618      -42.2098105346971977
     -56.9730656123029746       57.0785161107009955      -42.1919411800865731
     -56.9846116139525094       57.0911771984863350      -42.1751402958700652
     -56.9926495574382344       57.1028101880124055      -42.1596205373095714
     -56.9978042719635170       57.1132594476215019      -42.1456128738525919
     -57.0007083682196125       57.1223378783487874      -42.1333915123318334
     -57.0020005296046861       57.1297919195568866      -42.1233212041874054
     -57.0023237878677094       57.1358176879544928      -42.1151568799856548
     -57.0020005296046861       57.1418333539640528      -42.1069851092525411
     -57.0007083682196125       57.1492470198208409      -42.0968850401924044
     -56.9978042719635170       57.1582347487215898      -42.0845968218065707
     -56.9926495574382344       57.1685231528990982      -42.0704705908378074
     -56.9846116139525947       57.1799056682113616      -42.0547662062189929
     -56.9730656123037633       57.1922077203719752      -42.0377006746713491
     -56.9573961933190276       57.2052683959495241      -42.0194732096167556
     -56.9369991315322181       57.2189300577906437      -42.0002795350293781
     -56.9112829694213502       57.2330317279222527      -41.9803210988736311
     -56.8796706177065303       57.2474043379410276      -41.9598117715652776
     -56.8416009172991892       57.2618668705262124      -41.9389833517118902
     -56.7965301586150844       57.2762228020958233      -41.9180906770974886
     -56.7439335541158414       57.2902564080979388      -41.8974169333026083
     -56.6833066601315920       57.3037336614854595      -41.8772726793932790
     -56.6141667445326533       57.3177719132396035      -41.8561204920694152
     -56.5360540971119576       57.3333697312960666      -41.8325829063397947
     -56.4485332797205004       57.3505190628917063      -41.8066604015714987
     -56.3511943147896162       57.3691908418439667      -41.7783839759455162
     -56.2436538111945197       57.3893344114605100      -41.7478163038239245
     -56.1255560279349410       57.4108772736352648      -41.7150524917112833
     -55.9965738776827280       57.4337251853844393      -41.6802203731911121
     -55.8564098748452977       57.4577624870120758      -41.6434801918085000
     -55.7047970326095836       57.4828529527335590      -41.6050238255361435
     -55.5414997175104119       57.5088411604918406      -41.5650735021683388
     -55.3663144736629320       57.5355542157036979      -41.5238798491738166
     -55.1790708303554496       57.5628039071390347      -41.4817193098922772
     -54.9796321096110958       57.5903892892143929      -41.4388909083829660
     -54.7678962519931432       57.6180996644768371      -41.3957123412737644
     -54.5437966951650637       57.6457180143225258      -41.3525154377917019
     -54.3073033306227941       57.6730248256972473      -41.3096409639317628
     -54.0584235768050405       57.6998022493306237      -41.2674327420503602
     -53.7972036218667924       57.7258382146582605      -41.2262308345560413
     -53.5237299063996588       57.7509313906085353      -41.1863644358407655
     -53.2381309517267169       57.7748966885409274      -41.1481442394807857
     -52.9405796991735116       57.7975706408639383      -41.1118537547190925
     -52.6312963519094623       57.8188171136157223      -41.0777397975289063
     -52.3105466418186325       57.8385340223619195      -41.0460030946717822
     -51.9786324900223491       57.8566584119377225      -41.0167894938963116
     -51.6358824751535579       57.8731699415614784      -40.9901830189636982
     -51.2826416676503882       57.8880939830631291      -40.9662018794983638
     -50.9192626281198315       57.9015019865408576      -40.9447960229790482
     -50.5460997419940270       57.9135109205478216      -40.9258471368964862
     -50.1635077503794449       57.9242822259354710      -40.9091705761008697
     -49.7718438713092652       57.9340189300713106      -40.8945173772070234
     -49.3714720707315493       57.9429638979864450      -40.8815778491543256
     -48.9627682184917958       57.9513966678042323      -40.8699846655547319
     -48.5461266461888599       57.9596307446741577      -40.8593166776728722
     -48.1219718747767615       57.9680106881336172      -40.8491028534722602
     -47.6907570585046656       57.9768052974618939      -40.8389727828480531
     -47.2529501501623486       57.9860637032894317      -40.8288620014216903
     -46.8090388773579065       57.9957973811531957      -40.8187526952297119
     -46.3595307511221009       58.0060104651826833      -40.8086317218024917
     -45.9049519106695243       58.0166995424061653      -40.7984898690089466
     -45.4458459581696133       58.0278544586971563      -40.7883217753595275
     -44.9827728951015970       58.0394583673976001      -40.7781252336535189
     -44.5163079089358646       58.0514886637606224      -40.7679010167821900
     -44.0470401971161110       58.0639174855640618      -40.7576522921246678
     -43.5755715682184857       58.0767124508233934      -40.7473840996023426
     -43.1025150575152622       58.0898370493233500      -40.7371024939149606
     -42.6284932965584531       58.1032518574924026      -40.7268141870039173
     -42.1541367777700202       58.1169154853557330      -40.7165259429001054
     -41.6800806626903224       58.1307855111564749      -40.7062440889359038
     -41.2069617317180246       58.1448191474570137      -40.6959745329030582
     -40.7354164102562848       58.1589734669610650      -40.6857228736420851
     -40.2660790258442844       58.1732058292528649      -40.6754946831530759
     -39.7995799064445492       58.1874741066830126      -40.6652956526089113
     -39.3365435934874696       58.2017371540543422      -40.6551319092810601
     -38.8775869192147852       58.2159549194350134      -40.6450100791257682
     -38.4233172124169116       58.2300889104628396      -40.6349375908268584
     -37.9743303886576911       58.2441021830759951      -40.6249226362339328
     -37.5312091902280898       58.2579598203734577      -40.6149744603516041
     -37.0945213223282906       58.2716287543344151      -40.6051031782573375
     -36.6648177677782243       58.2850782883302827      -40.5953200649298651
     -36.2426310045380546       58.2982797253334013      -40.5856372052647885
     -35.8284734268272658       58.3112069494801233      -40.5760677920945909
     -35.4228356887726150       58.3238359027523359      -40.5666256393959515
     -35.0261853148315225       58.3361450992839607      -40.5573254001899386
     -34.6389653622975757       58.3481152236860510      -40.5481820742023515
     -34.2615930554096479       58.3597293826255452      -40.5392109008112058
     -33.8944584493112089       58.3709731223601622      -40.5304271119609894
     -33.5379231641878874       58.3818340376985176      -40.5218454425708643
     -33.1923192893504506       58.3923020410963289      -40.5134801412775687
     -32.8579483342436163       58.4023690192979785      -40.5053445971477828
     -32.5350803350287805       58.4120292164806116      -40.4974515103952868
     -32.2239530704431800       58.4212792709367292      -40.4898128599749683
     -31.9247713626644227       58.4301173870976598      -40.4824393067698693
     -31.6377065197501182       58.4385434164153850      -40.4753402586266446
     -31.3628958860839155       58.4465587615273989      -40.4685238401898246
     -31.1004424970907927       58.4541660369347156      -40.4619967174157935
     -30.8504148490464267       58.4613690592835056      -40.4557641693384227
     -30.6128467754415290       58.4681728727999683      -40.4498301985466497
     -30.3877374251140111       58.4745834469804961      -40.4441974250761191
     -30.1750513421089295       58.4806075679874979      -40.4388671205440744
     -29.9747186250159139       58.4862528268311621      -40.4338393128335483
     -29.7866351693532678       58.4915276013467818      -40.4291128998182998
     -29.6106630367765540       58.4964408452430860      -40.4246856357730238
     -29.4466309182512269       58.5010020164748497      -40.4205542013017194
     -29.2943346824919431       58.5052210389306708      -40.4167142804914192
     -29.1535380074038066       58.5091082821456467      -40.4131606345849121
     -29.0239730921429029       58.5126745670084532      -40.4098871780866418
     -28.9053414503616786       58.5159311037876009      -40.4068869935420381
     -28.7973147792813755       58.5188894738615559      -40.4041523634061974
     -28.6995359028557715       58.5215616338157147      -40.4016748062402087
     -28.6116197869333249       58.5239599225585181      -40.3994451063958095
     -28.5331546234643483       58.5260970699154441      -40.3974533391149251
     -28.4637029805303925       58.5279862050636694      -40.3956888931959668
     -28.4028014020883646       58.5296334894539427      -40.3941512001229981
     -28.3492714297112940       58.5278822382249899      -40.3974319607950818
     -28.3023038175973554       58.5213627708616642      -40.4075256269620837
     -28.2616743443139740       58.5114726419683322      -40.4224058689143817
     -28.2270625429093229       58.4992566872660760      -40.4405586916836270
     -28.1980814745068784       58.4855370346792682      -40.4607951150591418
     -28.1742948019213060       58.4709843953491841      -40.4821481655310720
     -28.1552278830518965       58.4561616077629367      -40.5038097024888586
     -28.1403759373564526       58.4415535230441492      -40.5250868583288053
     -28.1292109686377039       58.4275910086724721      -40.5453669338058305
     -28.1211887326857095       58.4146750275349689      -40.5640821974471564
     -28.1157573705052677       58.4032082725073138      -40.5806638343942723
     -28.1123704169432500       58.3936468399220132      -40.5944670756628128
     -28.1103435725991559       58.3858338047875591      -40.6057310471140269
