  -64.553092961476310        32.503532994408339        100.02705535148912     
  -63.029092961476302        32.523295338414400        100.08787240415479     
  -61.505092961476308        32.543057682420461        100.14868945682046     
  -59.981092961476307        32.562820026426522        100.20950650948613     
  -53.875647470524996        32.641991886073797        100.45315165382375     
  -53.867799545147392        32.642093653397318        100.45346483472336     
  -53.856526440721119        32.642240000664266        100.45391520687750     
  -53.841227280798108        32.642438923905736        100.45452737744026     
  -53.821312020820415        32.642698401325227        100.45532589870275     
  -53.796203031997550        32.643026410308735        100.45633532044035     
  -53.765336650934245        32.643430948637636        100.45758025519365     
  -53.728164690894673        32.643920059371077        100.45908545484272     
  -53.684155910695786        32.644501858817947        100.46087589668957     
  -53.632797437339050        32.645184566979651        100.46297687714576     
  -53.573596138615663        32.645976532688174        100.46541408909901     
  -53.506079942057440        32.646884200508104        100.46820736522679     
  -53.429799096750337        32.647913695424883        100.47137555477380     
  -53.344327374677050        32.649072414387206        100.47494142144450     
  -53.249263207727793        32.650367799895605        100.47892786930275     
  -53.144230757580765        32.651807370064624        100.48335803543183     
  -53.028880917562368        32.653398761764741        100.48825542294536     
  -52.902892241858588        32.655149771853168        100.49364402826961     
  -52.765971800088735        32.657068398127613        100.49954846780420     
  -52.617855955116397        32.659162878973888        100.50599410090003     
  -52.458311062093017        32.661441729792429        100.51300714340964     
  -52.287134085459847        32.663913764642288        100.52061473642685     
  -52.104153128388575        32.666588075762377        100.52884488633751     
  -51.909227887606555        32.669474059224676        100.53772654811785     
  -51.702250022566858        32.672581421478583        100.54728965154405     
  -51.483143437444127        32.675920160613259        100.55756505187689     
  -51.251864469382276        32.679500486238439        100.56858429464806     
  -51.008401984655855        32.683332688733067        100.58037922855119     
  -50.752777411251067        32.687427126096750        100.59298198536104     
  -50.485044675443689        32.691794136473177        100.60642473779205     
  -50.205290030217093        32.696443810955166        100.62073903614881     
  -49.913631808887075        32.701385808118815        100.63595528501801     
  -49.610220121024419        32.706629300820708        100.65210264247008     
  -49.295236426224918        32.712182706532388        100.66920826435768     
  -48.968893018301017        32.718053381365792        100.68729641616868     
  -48.631432485054390        32.724247617300371        100.70638848185823     
  -48.283127027154094        32.730770340858584        100.72650201561413     
  -47.924277711339862        32.737624888493421        100.74764998905420     
  -47.555213699985799        32.744813061551184        100.76984086508382     
  -47.176291319403823        32.752334764902741        100.79307737086606     
  -46.787893139979921        32.760188069370869        100.81735657050459     
  -46.390426950004709        32.768369099677393        100.84266940777013     
  -45.984324651112843        32.776871875421577        100.86900011734443     
  -45.570041153301901        32.785688470212506        100.89632663227997     
  -45.148053127284498        32.794808754805707        100.92461974968877     
  -44.718857795901258        32.804221383234896        100.95384616526808     
  -44.282971592790105        32.813914594021682        100.98397094488759     
  -43.840928840076536        32.823875106785032        101.01495413264638     
  -43.393280338099167        32.834087786799692        101.04674972325590     
  -42.940591942362872        32.844535805945171        101.07930616418486     
  -42.483443094428246        32.855200628563409        101.11256632203774     
  -42.022425317353729        32.866062174237122        101.14646799665769     
  -41.558140695359185        32.877098885704683        101.18094414688186     
  -41.091200304065637        32.888287913254999        101.21592347807918     
  -40.622222649456226        32.899605239575166        101.25133084973336     
  -40.151832044352581        32.911025890226220        101.28708794933875     
  -39.680657020374127        32.922524098498805        101.32311382844196     
  -39.209328658850453        32.934073532688558        101.35932563254751     
  -38.738478991069819        32.945647491065102        101.39563922900940     
  -38.268739291546765        32.957219132283150        101.43196993443573     
  -37.800738481672916        32.968761694745815        101.46823320461445     
  -37.335101395871789        32.980248706329263        101.50434529507972     
  -36.872447202536129        32.991654214600693        101.54022398512200     
  -36.413387658045238        33.002952955987759        101.57578911414029     
  -35.958525557602421        33.014120586397148        101.61096330722314     
  -35.508452997306172        33.025133796811033        101.64567234671716     
  -35.063749865870683        33.035970532462812        101.67984586243419     
  -34.624982141534488        33.046610050180320        101.71341752354348     
  -34.192700431180768        33.057033110152879        101.74632564378857     
  -33.767438339373847        33.067221984840671        101.77851322346663     
  -33.349711052526601        33.077160601680049        101.80992840256620     
  -32.940013830962066        33.086834531917937        101.84052443970209     
  -32.538820621166622        33.096231036827064        101.87025986680105     
  -32.146582730595419        33.105339089966286        101.89909856948840     
  -31.763727460078552        33.114149291021313        101.92700953378473     
  -31.390656990016968        33.122653955562384        101.95396713388986     
  -31.027747086943648        33.130846915844970        101.97995052894501     
  -30.675346126108625        33.138723594112747        102.00494389685251     
  -30.333774026497110        33.146280859630139        102.02893600076837     
  -30.003321292391110        33.153516916016535        102.05191984715664     
  -29.684248255794927        33.160431332540895        102.07389278546636     
  -29.376784223354772        33.167024821466754        102.09485582463046     
  -29.081126834459685        33.173299187557632        102.11481347811825     
  -28.797441529106401        33.179257302101398        102.13377368327870     
  -28.525860994380416        33.184902902473539        102.15174718254062     
  -28.266484787835047        33.190240523929283        102.16874731068475     
  -28.019379087428927        33.195275487347658        102.18478995357258     
  -27.784576451576218        33.200013742905071        102.19989306273455     
  -27.562075710114112        33.204461779281864        102.21407637116525     
  -27.351841976862033        33.208626585196690        102.22736126983399     
  -27.153806755663961        33.212515612578713        102.23977068894843     
  -26.967868103306667        33.216136670374240        102.25132876531940     
  -26.793890911215584        33.219497873084237        102.26206067810611     
  -26.631707284105641        33.222607603029921        102.27199252699896     
  -26.481117014304459        33.225474487812896        102.28115125742357     
  -26.341888141389251        33.228107372742819        102.28956457054591     
  -26.213757589943210        33.230515275730056        102.29726077960686     
  -26.096431902646056        33.232707368464688        102.30426874749968     
  -25.989588057748382        33.234692963713670        102.31061784349910     
  -25.892874367476590        33.236481506177661        102.31633791124540     
  -25.805911454672504        33.238082566527375        102.32145924677704     
  -25.728293304777495        33.239505838237292        102.32601258538736     
  -25.659588390498214        33.240761137963659        102.33002909954722     
  -25.599340864575439        33.241858416317484        102.33354042893130     
  -25.547071817565268        33.242812263962740        102.33659255303924     
  -25.502280598312609        33.243634248158386        102.33922218981968     
  -25.464446192345342        33.244331869184478        102.34145357896514     
  -25.433028654163589        33.244913469746571        102.34331359629898     
  -25.407470589314308        33.245388137946534        102.34483145166368     
  -25.387198682016358        33.245765611826833        102.34603839156549     
  -25.371625263986019        33.246056186589215        102.34696740997072     
  -25.360149920012937        33.246270625529064        102.34765297046721     
  -25.352161125750012        33.246420075655315        102.34813074278757     
  -25.347037913109915        33.246515988883900        102.34843735643911     
  -25.344151558605041        33.246570049601175        102.34861017390355     
  -25.342867289927096        33.246594109292182        102.34868708555734     
  -19.246546006038471        33.360803549179316        102.71378058977939     
  -17.722546006038471        33.389354404405395        102.80504915561184     
  -16.198546006038470        33.417905259631475        102.89631772144429     
  -14.674546006038470        33.446456114857554        102.98758628727674     
