  -62.851425411487597        36.890921287796097        113.88146624882614     
  -61.327425411487596        36.902141701421833        113.91610342000682     
  -59.803425411487595        36.913362115047569        113.95074059118750     
  -58.279425411487594        36.924582528673305        113.98537776236817     
  -52.173792476213016        36.969535105432293        114.12414538254239     
  -52.165788817301816        36.969594032179998        114.12432728812230     
  -52.154292022065285        36.969678798417455        114.12458895964129     
  -52.138689304840049        36.969794066723708        114.12494479037865     
  -52.118378935536320        36.969944509010773        114.12540920242392     
  -52.092771857637914        36.970134822479437        114.12599669593054     
  -52.061293271556089        36.970369748690665        114.12672190798368     
  -52.023384179106678        36.970654095385285        114.12759967994117     
  -51.978502884986241        36.970992760658575        114.12864513201762     
  -51.926126451240478        36.971390759078545        114.12987374380747     
  -51.865752100845434        36.971853242832026        114.13130141932797     
  -51.796898566660374        36.972383646245831        114.13293875870205     
  -51.719107382159898        36.972985129408158        114.13479551359993     
  -51.631944110510602        36.973662028574175        114.13688506274347     
  -51.534999508725939        36.974418742547130        114.13922097081134     
  -51.427890623425043        36.975259765453984        114.14181708374484     
  -51.310261815047760        36.976189718136006        114.14468761579839     
  -51.181785709647194        36.977213396556991        114.14784728296972     
  -51.042164074191795        36.978335821101339        114.15131142992172     
  -50.891128613299735        36.979562288780059        114.15509615230417     
  -50.728441685461696        36.980898429677950        114.15921841269216     
  -50.553896936836509        36.982350267338902        114.16369614130012     
  -50.367319848174773        36.983924256322716        114.16854822840746     
  -50.168568197174814        36.985627334684025        114.17379451142747     
  -49.957532438711276        36.987467029187314        114.17945585578435     
  -49.734135995523289        36.989451553731364        114.18555412329677     
  -49.498335458991875        36.991589910049306        114.19211202718466     
  -49.250120693591363        36.993891941086439        114.19915268354882     
  -48.989514866997709        36.996368563261541        114.20669950974467     
  -48.716574391265155        36.999032051578688        114.21477601790838     
  -48.431388765500614        37.001896306254451        114.22340519975623     
  -48.134080330286451        37.004977222911101        114.23260876478270     
  -47.824803958668539        37.008293432226999        114.24240689807517     
  -47.503746644391526        37.011866992666093        114.25281742422924     
  -47.171126990813470        37.015723737712626        114.26385474045782     
  -46.827194642514186        37.019893497560609        114.27552981461000     
  -46.472229598907433        37.024409606668655        114.28784951859376     
  -46.106541441598004        37.029307948929038        114.30081616689560     
  -45.730468506316669        37.034625874632205        114.31442801159032     
  -45.344376933031697        37.040400507306487        114.32867864016765     
  -44.948659680563352        37.046667369841408        114.34355753479744     
  -44.543735451675424        37.053458911907256        114.35905004215752     
  -44.130047551967706        37.060803205852622        114.37513733445751     
  -43.708062710776602        37.068723074378795        114.39179701199201     
  -43.278269815961949        37.077235369661437        114.40900262626644     
  -42.841178635130156        37.086351845677498        114.42672637405468     
  -42.397318451447902        37.096079950003123        114.44494130257011     
  -41.947236676837100        37.106421880727424        114.46361823600020     
  -41.491497399999936        37.117374288548731        114.48272465658701     
  -41.030679903461980        37.128928547910220        114.50222525323525     
  -40.565377140701102        37.141070788636270        114.52208160973616     
  -40.096194172042978        37.153782252477505        114.54225276195997     
  -39.623746585265607        37.167039469180914        114.56269505680942     
  -39.148658864929040        37.180814711718448        114.58336273709548     
  -38.671562771656546        37.195076304165255        114.60420794292959     
  -38.193095658462902        37.209789160843592        114.62518131296738     
  -37.713898823107314        37.224915202154143        114.64623210743665     
  -37.234615786134434        37.240413944918366        114.66730879783674     
  -36.755890628432084        37.256242946684779        114.68835931428079     
  -36.278366245331412        37.272358239312823        114.70933164206079     
  -35.802682678613969        37.288714646906520        114.73017420342462     
  -35.329475367847053        37.305266157820753        114.75083639434652     
  -34.859373491305938        37.321966261596181        114.77126900034808     
  -34.392998234827800        37.338768296917642        114.79142463889254     
  -33.930961156804372        37.355625787797258        114.81125816213132     
  -33.473862491656355        37.372492754680614        114.83072698559904     
  -33.022289559008087        37.389324032579012        114.84979144425226     
  -32.576815116147159        37.406075534966007        114.86841499477943     
  -32.137995837000965        37.422704547704697        114.88656452454383     
  -31.706370723680937        37.439169923559881        114.90421037713095     
  -31.282459682748190        37.455432352112439        114.92132663198539     
  -30.866762009222704        37.471454474646940        114.93789093765318     
  -30.459755081912903        37.487201135714329        114.95388479464901     
  -30.061892945448349        37.502639417544934        114.96929319947277     
  -29.673605122183808        37.517738865656192        114.98410487113364     
  -29.295295346842011        37.532471505862631        114.99831185532256     
  -28.927340463714827        37.546811962505366        115.01190950310047     
  -28.570089377487609        37.560737510045485        115.02489631075142     
  -28.223862023529641        37.574228015235541        115.03727349300082     
  -27.888948534116967        37.587266031643594        115.04904508637432     
  -27.565608365889076        37.599836668917582        115.06021742406200     
  -27.254069579359310        37.611927556904220        115.07079896007920     
  -26.954528229144668        37.623528830223208        115.08080020773278     
  -26.667147764440600        37.634632949506276        115.09023322704304     
  -26.392058583044385        37.645234631168712        115.09911148713999     
  -26.129357687309444        37.655330786719993        115.10744979379942     
  -25.879108378121224        37.664920338002766        115.11526386895129     
  -25.641340075916396        37.674004099378095        115.12257016026774     
  -25.416048255482036        37.682584704245969        115.12938580549513     
  -25.203194448467194        37.690666467119797        115.13572841356101     
  -25.002706336508687        37.698255238849548        115.14161583650602     
  -24.814477952093373        37.705358297916980        115.14706606530567     
  -24.638369976336108        37.711984257995091        115.15209717869995     
  -24.474210124489144        37.718142971493378        115.15672727226878     
  -24.321793612325195        37.723845413610363        115.16097431799443     
  -24.180883719962697        37.729103599147443        115.16485611215141     
  -24.051212443676153        37.733930509919695        115.16839024286026     
  -23.932481232847941        37.738340030009326        115.17159406858373     
  -23.824361810566518        37.742346890759322        115.17448471363100     
  -23.726497074677653        37.745966622101534        115.17707907108623     
  -23.638502074523327        37.749215501883562        115.17939378922242     
  -23.559965064908745        37.752110517132373        115.18144528585036     
  -23.490448632681804        37.754669330534092        115.18324977237174     
  -23.429490892385246        37.756910259634964        115.18482331268837     
  -23.376606748058720        37.758856391364191        115.18619441484586     
  -23.331289216061023        37.760528503321311        115.18738269592963     
  -23.293010807039483        37.761944072066392        115.18839600019895     
  -23.261224963126018        37.763121755147246        115.18924411019418     
  -23.235367545323786        37.764081268666722        115.18993850468084     
  -23.214858367449210        37.764843265602984        115.19049212243476     
  -23.199102772388457        37.765429215944046        115.19091913494189     
  -23.187493246317892        37.765861289682171        115.19123473090247     
  -23.179411066440451        37.766162243668653        115.19145491521809     
  -23.174227977705577        37.766355313262807        115.19159632490226     
  -23.171307893910054        37.766464109626540        115.19167606408813     
  -23.170008618520225        37.766512523421270        115.19171156001578     
  -17.073683580514054        37.993674702667903        115.35826186502479     
  -15.549683580514053        38.050462219575806        115.39989722128472     
  -14.025683580514054        38.107249736483709        115.44153257754465     
  -12.501683580514053        38.164037253391612        115.48316793380458     
