     -14.9047101844509022       44.9719522110037175      135.6790992368783009
     -14.9060546978018049       44.9866971408763519      135.6742279249386343
     -14.9087156638549043       45.0048195766835377      135.6682510266339250
     -14.9134411064393841       45.0266707221182116      135.6610598856882177
     -14.9208973353414756       45.0514462884312152      135.6529280074203143
     -14.9317504279055520       45.0784413968336466      135.6440962656706688
     -14.9466578057891155       45.1069528046696675      135.6348053672667220
     -14.9662623417435334       45.1362188377612057      135.6253158788798032
     -14.9911874393259161       45.1653735284252562      135.6159235812633028
     -15.0220321551503933       45.1934008870565265      135.6069747972370578
     -15.0593656243692386       45.2190781110131823      135.5988853869756099
     -15.1037198228004428       45.2408931171850242      135.5921682306409650
     -15.1555789104229017       45.2569099207234373      135.5874779342319698
     -15.2153612904899838       45.2645236302709364      135.5856919773370066
     -15.2838109300881193       45.2663663830185854      135.5859429190381320
     -15.3618724276890148       45.2684523064826934      135.5862356035180483
     -15.4500662922876764       45.2708092035626493      135.5865679354056397
     -15.5488847922272875       45.2734501034988170      135.5869425538395490
     -15.6587915435158500       45.2763871419043298      135.5873622233444564
     -15.7802202430957710       45.2796314867397314      135.5878298822371733
     -15.9135734789585861       45.2831932750457256      135.5883487337702604
     -16.0592216197052053       45.2870815372432745      135.5889223066444345
     -16.2175017868006037       45.2913041201369140      135.5895545143074798
     -16.3887169123957435       45.2958676166978691      135.5902497334261625
     -16.5731348850291269       45.3007772995047375      135.5910128885344363
     -16.7709877863266534       45.3060370488477631      135.5918495123622733
     -16.9824712249316505       45.3116492306014678      135.5927656439231441
     -17.2077437578358250       45.3176146555991224      135.5937679549853954
     -17.4469264076226267       45.3239325490148417      135.5948638870821412
     -17.7001022846591844       45.3306005013608058      135.5960617127984165
     -17.9673163356663821       45.3376143752046303      135.5973704634100727
     -18.2485751820078619       45.3449682584273006      135.5988000037794734
     -18.5438470498653558       45.3526544410471431      135.6003611644680120
     -18.8530618158312535       45.3606633430657240      135.6020657078005343
     -19.1761111610909438       45.3689834471763334      135.6039262865638477
     -19.5128488243975298       45.3776012981671641      135.6059565775699411
     -19.8630909790820489       45.3865014333038630      135.6081711816973154
     -20.2266167185610364       45.3956663361601400      135.6105855641684457
     -20.6031686445077469       45.4050764379648015      135.6132161040678454
     -20.9924535878220730       45.4147099437441000      135.6160795849750400
     -21.3941434184431891       45.4245428989898059      135.6191933657160575
     -21.8078759757707807       45.4345491799907037      135.6225752815026340
     -22.2332561077175299       45.4447004796690592      135.6262434872265885
     -22.6698568093651716       45.4549663542111730      135.6302164348216479
     -23.1172204762676401       45.4653141875546609      135.6345125551723072
     -23.5748602421609270       45.4757092977664144      135.6391503103124592
     -24.0422613937183769       45.4861149335483859      135.6441478428284029
     -24.5188827548219734       45.4964924645631541      135.6495230047247844
     -25.0041582051804454       45.5068015240405330      135.6552930179297505
     -25.4974983012310723       45.5170002764145138      135.6614743690751652
     -25.9982919767371001       45.5270456317158931      135.6680824240234529
     -26.5059082960387613       45.5368935900547243      135.6751313160312122
     -27.0196982699532349       45.5464995559610983      135.6826336401133801
     -27.5389967140327698       45.5558187649360491      135.6906003908482319
     -28.0631241525240540       45.5648066911923877      135.6990407688500113
     -28.5913887595248113       45.5734194403659103      135.7079618854164380
     -29.1230883232827225       45.5816142178253685      135.7173686555215113
     -29.6575122348942450       45.5893497499519853      135.7272635359496746
     -30.1939434846368506       45.5965867717375630      135.7376464695443303
     -30.7316606675242845       45.6032884554849147      135.7485146870916992
     -31.2699399866996330       45.6094208200802598      135.7598625092520592
     -31.8080573170075205       45.6149531574820912      135.7716813071668582
     -32.3452909809484055       45.6198583145624923      135.7839596400498294
     -32.8809245405841750       45.6241126315494441      135.7966835300855735
     -33.4142488355704472       45.6276957400911201      135.8098367306374996
     -33.9445638917958590       45.6305902098471279      135.8234006131644378
     -34.4711807493844660       45.6327812615163353      135.8373542959337499
     -34.9934232093793511       45.6342565681195467      135.8516750649157530
     -35.5106295175383835       45.6350059982903602      135.8663386424286159
     -36.0221539879937680       45.6350213346713005      135.8813194003796525
     -36.5273685846102225       45.6342960104554720      135.8965906550119485
     -37.0256644822169747       45.6328248108548209      135.9121249083597149
     -37.5164536511757021       45.6306035578234770      135.9278941367485913
     -37.9991696971340929       45.6275736893351933      135.9438885138557396
     -38.4732658347397987       45.6232823783949542      135.9602305216489242
     -38.9382236867546894       45.6171517857723785      135.9770848370812928
     -39.3935549644381453       45.6086770654899993      135.9945920073568288
     -39.8387953702318072       45.5974302465711858      136.0128670024565452
     -40.2735013941294824       45.5830629837558305      136.0319982093641897
     -40.6972478661118373       45.5653085472738155      136.0520467327569918
     -41.1096259415876801       45.5439830122227818      136.0730460118430472
     -41.5102422963557913       45.5189855533280578      136.0950017910488441
     -41.8987203565225812       45.4902976050560710      136.1178925357020546
     -42.2747039422872888       45.4579805614014916      136.1416704906012569
     -42.6378628540736671       45.4221716723600366      136.1662634072552009
     -42.9878991271343196       45.3830780482483078      136.1915769922573247
     -43.3245529264755334       45.3409689312728332      136.2174979103739929
     -43.6476083234255015       45.2961664273677584      136.2438972677952904
     -43.9568946336018129       45.2490352653249204      136.2706342255228265
     -44.2522850370394778       45.1999727947860279      136.2975595919295699
     -44.5336954211341407       45.1493994428321770      136.3245191407071104
     -44.8010834546283192       45.0977496572527343      136.3513566896622251
     -45.0544478004353124       45.0454634023710128      136.3779170215249792
     -45.2938274087157282       44.9929782281639703      136.4040485503900015
     -45.5193008466428921       44.9407220048043357      136.4296058418592565
     -45.7309856486087156       44.8891062738462736      136.4544516763565980
     -45.9290376605223116       44.8385203027185639      136.4784587758794885
     -46.1136503535239157       44.7893259442048901      136.5015113923776653
     -46.2850540996264570       44.7418532735416008      136.5235066008168019
     -46.4435153978502768       44.6963970201287211      136.5443553139033384
     -46.5893360401112773       44.6532138119644486      136.5639830805607460
     -46.7228522136024225       44.6125201867469130      136.5823305758203787
     -46.8444335332947972       44.5744913573629091      136.5993538326186183
     -46.9544820008320301       44.5392606986174115      136.6150242401340904
     -47.0534308878568268       44.5069199090805654      136.6293283279498496
     -47.1417435431436047       44.4775197925384234      136.6422673567619768
     -47.2199121240347992       44.4510715965652778      136.6538567404726905
     -47.2884562536762232       44.4257480351786000      136.6647107247899839
     -47.3479216065206501       44.3995069794347117      136.6755130016852604
     -47.3988784248072790       44.3727734390925832      136.6861457824005583
     -47.4419199697473033       44.3459374014869496      136.6965041259317672
     -47.4776609113311636       44.3193523744733966      136.7064962865453026
     -47.5067356609210734       44.2933423148994905      136.7160413303624864
     -47.5297966511633732       44.2682082980931924      136.7250668362516990
     -47.5475125679303190       44.2442357234550272      136.7335064258043360
     -47.5605665391502797       44.2217031266010494      136.7412967782310034
     -47.5696542855086975       44.2008943708061182      136.7483735592703908
     -47.5754822381031772       44.1821176692102711      136.7546651513100358
     -47.5787656282164306       44.1657390275278345      136.7600817362016983
     -47.5802265544341907       44.1522456635759255      136.7644947109565976
     -47.5805920323814462       44.1413078187898549      136.7680393767665521
     -47.5802265544341836       44.1303614841682474      136.7715577375525697
     -47.5787656282164306       44.1168341852580426      136.7758655677627360
     -47.5754822381031772       44.1003792844189419      136.7810458702274445
     -47.5696542855086975       44.0814672539725692      136.7869181574826598
     -47.5605665391502299       44.0604475504771997      136.7933413352460548
     -47.5475125679298642       44.0376121020225568      136.8001933280794731
     -47.5297966511602468       44.0132288232484825      136.8073603862496554
     -47.5067356609043401       43.9875607138666354      136.8147310523028750
     -47.4776609112571180       43.9608781298181626      136.8221923369541457
     -47.4419199694666105       43.9334676778653019      136.8296269894152317
     -47.3988784238699026       43.9056395056517843      136.8369112890035808
     -47.3479216037060411       43.8777340569320344      136.8439130114686861
     -47.2884562459579385       43.8501290862982103      136.8504893122783699
     -47.2199121044696213       43.8232382742341784      136.8564872963063976
     -47.1417434965138611       43.7950051110417107      136.8625460896087702
     -47.0534307820684319       43.7635879951561293      136.8692355638382594
     -46.9544817712356206       43.7289870519873034      136.8765366333260260
     -46.8444330546400423       43.6912427846064091      136.8844185662919983
     -46.7228512517616394       43.6504375065738657      136.8928386675996762
     -46.5893341716551106       43.6066962302912415      136.9017421480460257
     -46.4435118800810329       43.5601869490106282      136.9110621953219038
     -46.2850476664137176       43.5111202601322304      136.9207202605440443
     -46.1136389029381633       43.4597482877688677      136.9306265692862894
     -45.9290177885415360       43.4063628724049551      136.9406808532869206
     -45.7309519688308228       43.3512930004092638      136.9507732648010858
     -45.5192450187374504       43.2949015061923319      136.9607855699278502
     -45.2937367780370721       43.2375810465017238      136.9705925528304249
     -45.0543035274093029       43.1797493779912500      136.9800635980929258
     -44.8008579845212864       43.1218440426660337      136.9890645831878260
     -44.5333491113169870       43.0643164725382448      136.9974598457538377
     -44.2517617173180824       43.0076255711022739      137.0051140590054786
     -43.9561158210144924       42.9522309877998509      137.0118942712854562
     -43.6464657377041050       42.8985861941621707      137.0176719362538051
     -43.3228988409622318       42.8471315642911676      137.0223249568030894
     -42.9855339146037920       42.7982876425777405      137.0257395775167879
     -42.6345191156488212       42.7524488422513897      137.0278120090165714
     -42.2700324722341492       42.7099776870174423      137.0284501331355784
     -41.8922865719704092       42.6711986842325075      137.0275754232014549
     -41.5015330934073745       42.6363914432299751      137.0251250413888329
     -41.0980674246586588       42.6057831075405460      137.0210541112323597
     -40.6822323265758712       42.5795401671453533      137.0153381808731865
     -40.2544194058285640       42.5577599678093179      137.0079756745703321
     -39.8150679455210934       42.5404625099444118      136.9989902219296880
     -39.3646615300242857       42.5275831261335711      136.9884326324949484
     -38.9037233105522375       42.5189665301925714      136.9763824342844600
     -38.4328107146416400       42.5143625425796685      136.9629489380142786
     -37.9525092873827958       42.5134237010274703      136.9482717616930358
     -37.4634235902141342       42.5157064404799812      136.9325201754220984
     -36.9661758431668233       42.5208705274201506      136.9158311232212668
     -36.4614115768525835       42.5289506301521740      136.8982249816935450
     -35.9497943389921701       42.5400141176713262      136.8797114491910918
     -35.4320031659877870       42.5541054976674999      136.8603066263706296
     -34.9087307038694163       42.5712464849235204      136.8400328113095270
     -34.3806812309926073       42.5914363000194029      136.8189182669531192
     -33.8485686275869497       42.6146521851485289      136.7969968869152808
     -33.3131143302395358       42.6408501640920363      136.7743078505393726
     -32.7750452960431815       42.6699660111500592      136.7508951848090533
     -32.2350920009177031       42.7019163597081075      136.7268070627699217
     -31.6939864683712500       42.7366001481446034      136.7020955400820696
     -31.1524603480969269       42.7739002337476535      136.6768162656993866
     -30.6112431340489692       42.8136850196334109      136.6510277881110085
     -30.0710611199455755       42.8558100590656608      136.6247909643390130
     -29.5326363256948135       42.9001193777460088      136.5981683392698756
     -28.9966847065567883       42.9464468459603665      136.5712238239753447
     -28.4639143253148710       42.9946175773708745      136.5440222995092654
     -27.9350235594265257       43.0444493831449506      136.5166292838296158
     -27.4106993502927061       43.0957541990261674      136.4891104537697402
     -26.8916154907538427       43.1483395536166796      136.4615312915850041
     -26.3784309556442622       43.2020100182886253      136.4339567170180771
     -25.8717882776909178       43.2565686352359293      136.4064507418457595
     -25.3723119676104041       43.3118183166478374      136.3790761694065452
     -24.8806069902449920       43.3675631121836673      136.3518940567403206
     -24.3972572790247071       43.4236095438544965      136.3249636044100441
     -23.9228243132481211       43.4797677605790156      136.2983417263346269
     -23.4578457365650088       43.5358527350391213      136.2720830286919522
     -23.0028340423479776       43.5916852623901860      136.2462394661242229
     -22.5582752670716857       43.6470929573021493      136.2208602835651448
     -22.1246277171585568       43.7019110834383895      136.1959916477259185
     -21.7023208439198108       43.7559834207298834      136.1716767018604060
     -21.2917542252595133       43.8091628724891109      136.1479552172131662
     -20.8932965880385346       43.8613121071102370      136.1248637643788300
     -20.5072849107237900       43.9123039271717133      136.1024354382604997
     -20.1340235733865249       43.9620216522703942      136.0807000124543436
     -19.7737835882950321       44.0103592667330830      136.0596837303040445
     -19.4268018965832390       44.0572215203639601      136.0394092932072567
     -19.0932807268694589       44.1025240588094292      136.0198962535332328
     -18.7733870509827838       44.1461932991646151      136.0011609031401179
     -18.4672521043951825       44.1881663136094076      135.9832164387202056
     -18.1749709962465644       44.2283906157149929      135.9660730451807353
     -17.8966024152135077       44.2668238421682787      135.9497378422931604
     -17.6321684114806985       44.3034334633641649      135.9342150720998177
     -17.3816542767122399       44.3381964269600033      135.9195061994633704
     -17.1450085261188079       44.3710987286886436      135.9056098785580673
     -16.9221429799524152       44.4021350166102238      135.8925220908853078
     -16.7129329476658377       44.4313081900732669      135.8802363272138791
     -16.5172174972323340       44.4586289583670151      135.8687436612974011
     -16.3347998242109043       44.4841153731702121      135.8580327234978142
     -16.1654477171967521       44.5077924205323683      135.8480898206520351
     -16.0088941202450812       44.5296916617511158      135.8388991574427962
     -15.8648377987052651       44.5498508422870003      135.8304429040916261
     -15.7329441023056198       44.5683135185075017      135.8227012576537618
     -15.6128458231442462       44.5851287062018571      135.8156525069581733
     -15.5041441463167278       44.6003505565225353      135.8092731194228691
     -15.4064096899647112       44.6140380373929304      135.8035377866809483
     -15.3191836322688015       44.6262546325172167      135.7984194723601092
     -15.2419789225654370       44.6370680645810793      135.7938894902523828
     -15.1742825012083120       44.6465640044463541      135.7899130021016276
     -15.1159539251494781       44.6608261743510724      135.7844872513450127
     -15.0666035663147788       44.6825529803701116      135.7767172921470831
     -15.0254707276067911       44.7092002558136272      135.7674271075391346
     -14.9918181331287350       44.7388965232097036      135.7572207557953732
     -14.9649172728260744       44.7701976062397833      135.7465630176796481
     -14.9440411371395161       44.8019516268518032      135.7358236268464680
     -14.9284604668497742       44.8332161608388162      135.7253043103012260
     -14.9174417535064769       44.8632010773629091      135.7152573824543822
     -14.9102460142912197       44.8912224517277352      135.7059007198612051
     -14.9061275922240242       44.9166563578942970      135.6974328165688917
     -14.9043320413499405       44.9388784711661842      135.6900525720422479
     -14.9040915296752381       44.9571659828127466      135.6839915814283017
     -14.9047101844509022       44.9719522110037175      135.6790992368783009
