     -23.6790841532239433     -119.6831880380919273      -19.1564697895732792
     -23.6797834747276319     -119.6853637291714136      -19.1427112879192407
     -23.6815440443259604     -119.6880080472189434      -19.1257663590612843
     -23.6850222526013248     -119.6911517362932216      -19.1052825949908893
     -23.6908408122532670     -119.6946544296466755      -19.0819850548074612
     -23.6996188336473992     -119.6983908619587709      -19.0565065046270909
     -23.7119676213829322     -119.7022365225485743      -19.0294786924519173
     -23.7284874464392459     -119.7060589193733335      -19.0015884777355879
     -23.7497647028462495     -119.7097109669506239      -18.9736207206493717
     -23.7763690968238954     -119.7130244090276534      -18.9465010453844442
     -23.8088505892101026     -119.7158016128204423      -18.9213489091315950
     -23.8477357253426092     -119.7178035643232050      -18.8995545911087071
     -23.8935226858625462     -119.7187301340127874      -18.8829047697597758
     -23.9466735873010421     -119.7181839720020236      -18.8738109423561511
     -24.0077628685513567     -119.7165328216413798      -18.8697978375811992
     -24.0774288348350218     -119.7146373620600457      -18.8652347077049214
     -24.1561346768589011     -119.7124829369467705      -18.8600778150952166
     -24.2443186880925268     -119.7100526857610845      -18.8542980700956306
     -24.3423934139502336     -119.7073295524726859      -18.8478681328393876
     -24.4507445147611371     -119.7042962596882916      -18.8407625420127580
     -24.5697296996684358     -119.7009352890364511      -18.8329578503677233
     -24.6996777344827549     -119.6972288691265760      -18.8244327670225537
     -24.8408875263049467     -119.6931589723049711      -18.8151683064116426
     -24.9936272882494563     -119.6887073281092739      -18.8051479446235845
     -25.1581337906855893     -119.6838554913769883      -18.7943577883801822
     -25.3346116905920766     -119.6785848693944416      -18.7827867406833278
     -25.5232329461243559     -119.6728767553642285      -18.7704266693639674
     -25.7241363207486309     -119.6667123917049054      -18.7572725807252354
     -25.9374269782051279     -119.6600730577976037      -18.7433227956210224
     -26.1631761838587344     -119.6529402784715472      -18.7285791411808553
     -26.4014210910602465     -119.6452959278814205      -18.7130471230855306
     -26.6521646129598295     -119.6371222978961413      -18.6967360885735658
     -26.9153753966367688     -119.6284022609259949      -18.6796593955396020
     -27.1909879199602393     -119.6191196244797936      -18.6618345992694898
     -27.4789026472109086     -119.6092592383924540      -18.6432835850783150
     -27.7789862791496169     -119.5988070909249359      -18.6240326806275824
     -28.0910721497758153     -119.5877507159492410      -18.6041127947424272
     -28.4149606930378553     -119.5760794431342333      -18.5835595063044607
     -28.7504199670768621     -119.5637844150275697      -18.5624130882619163
     -29.0971863601851162     -119.5508590774232118      -18.5407185733897393
     -29.4549653319960427     -119.5372993547158131      -18.5185257361356754
     -29.8234322283635436     -119.5231037043687365      -18.4958890182127611
     -30.2022332881582649     -119.5082736577569733      -18.4728674895439724
     -30.5909866018938388     -119.4928137081593746      -18.4495246660671306
     -30.9892832678973313     -119.4767316638586721      -18.4259283560629221
     -31.3966885796889237     -119.4600387842510258      -18.4021504283418089
     -31.8127432530622869     -119.4427497554862754      -18.3782665088787276
     -32.2369647742717760     -119.4248829982414435      -18.3543556680209470
     -32.6688486927781341     -119.4064604283672821      -18.3304999588047828
     -33.1078701504216184     -119.3875077225592065      -18.3067839808413311
     -33.5534852947764435     -119.3680540111582076      -18.2832943089703370
     -34.0051329100627129     -119.3481319946925510      -18.2601189437163214
     -34.4622359313112412     -119.3277776082146744      -18.2373466539695954
     -34.9242031451481054     -119.3070299508606524      -18.2150663276527389
     -35.3904307839641490     -119.2859309328462558      -18.1933662530572136
     -35.8603042764456461     -119.2645250492993796      -18.1723334008224882
     -36.3331998952401420     -119.2428590044095245      -18.1520526722517950
     -36.8084865370722483     -119.2209813425225775      -18.1326061463799952
     -37.2855274001892383     -119.1989420723619020      -18.1140723325167450
     -37.7636817727061000     -119.1767921788172373      -18.0965254213133626
     -38.2423067200701965     -119.1545832775596665      -18.0800345823375537
     -38.7207588864208461     -119.1323670332064637      -18.0646632620420462
     -39.1983964802252274     -119.1101948488457083      -18.0504686210555505
     -39.6745813340153362     -119.0881171942461521      -18.0375010947988876
     -40.1486806102808131     -119.0661833623966430      -18.0258041168631742
     -40.6200684953377760     -119.0444408150946742      -18.0154138350768704
     -41.0881278129491179     -119.0229350312604879      -18.0063589591511111
     -41.5522516285394303     -119.0017089058515580      -17.9986605975424467
     -42.0118447891315654     -118.9808027092408196      -17.9923322381934447
     -42.4663254399473402     -118.9602535558883716      -17.9873797161015432
     -42.9151264964840777     -118.9400955050775650      -17.9838013400873358
     -43.3576970918829190     -118.9203590679625222      -17.9815879969559553
     -43.7935040141794332     -118.9010715153794422      -17.9807234494025145
     -44.2220328271712617     -118.8822486879450082      -17.9812353805873499
     -44.6427879048757177     -118.8638482397801965      -17.9835089558040231
     -45.0552964913320864     -118.8458065442997906      -17.9880378764183284
     -45.4591100804625015     -118.8280671122662397      -17.9952418638147904
     -45.8538027781426152     -118.8105805169979448      -18.0054638240616534
     -46.2389707579912610     -118.7933054767592864      -18.0189688538734778
     -46.6142319274992118     -118.7762087554983736      -18.0359440596427234
     -46.9792257336245811     -118.7592654501479217      -18.0564994113653405
     -47.3336133901589591     -118.7424593565012003      -18.0806695815333569
     -47.6770787990426541     -118.7257822678395343      -18.1084166420397636
     -48.0093303902019102     -118.7092344420438792      -18.1396340420374571
     -48.3301036167565812     -118.6928237913380002      -18.1741515549790122
     -48.6391636773949756     -118.6765652175352699      -18.2117413756034807
     -48.9363080841956162     -118.6604804058388964      -18.2521252597518640
     -49.2213691136962979     -118.6445965410926249      -18.2949823136897294
     -49.4942145592443623     -118.6289454467349742      -18.3399573379989178
     -49.7547474213116274     -118.6135630552036986      -18.3866691814650203
     -50.0029056091327959     -118.5984882752636054      -18.4347187790625533
     -50.2386616769379302     -118.5837618520960604      -18.4836968916302595
     -50.4620225784501883     -118.5694257825342248      -18.5331915576246686
     -50.6730293888781347     -118.5555223942475465      -18.5827950419920391
     -50.8717569867592871     -118.5420933145454541      -18.6321102446794775
     -51.0583136910190589     -118.5291785170995951      -18.6807565343202349
     -51.2328408526597698     -118.5168156781126072      -18.7283749903797414
     -51.3955123813945676     -118.5050394173009920      -18.7746329455454983
     -51.5465342078595796     -118.4938805939539890      -18.8192278257430523
     -51.6861436783507955     -118.4833656772891572      -18.8618902746504595
     -51.8146088794279009     -118.4735161924662776      -18.9023865597669811
     -51.9322278952382561     -118.4643483937933723      -18.9405202937638784
     -52.0393279908440221     -118.4558729769931205      -18.9761334628371436
     -52.1362647227404850     -118.4480948739463031      -19.0091068015570599
     -52.2234209778851408     -118.4410131533709176      -19.0393595606567949
     -52.3012059423730946     -118.4346210227459011      -19.0668487184763222
     -52.3700540014345250     -118.4289059246801799      -19.0915676937536922
     -52.4304235728953074     -118.4235839435866069      -19.1151912441380532
     -52.4827958767073284     -118.4183382026576510      -19.1395899855967464
     -52.5276736433531610     -118.4132154632362273      -19.1643785868453378
     -52.5655797644092857     -118.4082576241995497      -19.1892042102966300
     -52.5970558887087591     -118.4035014450936103      -19.2137477814576059
     -52.6226609677137134     -118.3989795078926903      -19.2377175938718565
     -52.6429697539435182     -118.3947211454387087      -19.2608431555212967
     -52.6585712564426203     -118.3907534567452018      -19.2828685504919406
     -52.6700671573989183     -118.3871025704826963      -19.3035443383344365
     -52.6780701941374900     -118.3837954228572613      -19.3226163721905202
     -52.6832025108133024     -118.3808625669510803      -19.3398083836002819
     -52.6860939842135139     -118.3783431491497851      -19.3547914023899814
     -52.6873805281536249     -118.3762943791574003      -19.3671258041142629
     -52.6877023810140699     -118.3746512696033477      -19.3771181422261520
     -52.6873805281536249     -118.3730226368786163      -19.3871128500955621
     -52.6860939842135139     -118.3710317422250426      -19.3994567256156714
     -52.6832025108133024     -118.3686424388243523      -19.4144610432400313
     -52.6780701941374900     -118.3659406739468523      -19.4316908826653680
     -52.6700671573988970     -118.3629942341022030      -19.4508219619100409
     -52.6585712564424426     -118.3598622470397288      -19.4715826899909601
     -52.6429697539423458     -118.3566002152993661      -19.4937235961627096
     -52.6226609677074180     -118.3532629062051313      -19.5169999279264630
     -52.5970558886809414     -118.3499062320379380      -19.5411604859009813
     -52.5655797643037914     -118.3465886353254746      -19.5659395431178318
     -52.5276736430008739     -118.3433722431168178      -19.5910502294261306
     -52.4827958756495008     -118.3403239490374972      -19.6161784030134712
     -52.4304235699944954     -118.3375165407599923      -19.6409762824098522
     -52.3700539940810543     -118.3350285577149776      -19.6650637377666158
     -52.3012059248470393     -118.3325639060682306      -19.6903147861017018
     -52.2234209381226862     -118.3298576993672384      -19.7184072978468130
     -52.1362646364394777     -118.3269239390369449      -19.7493390347376732
     -52.0393278109194029     -118.3237827822777604      -19.7830713776493639
     -51.9322275336696038     -118.3204608619563629      -19.8195280723096943
     -51.8146081770161828     -118.3169915375659258      -19.8585944753562913
     -51.6861423558394151     -118.3134150656007648      -19.9001173562774625
     -51.5465317891414685     -118.3097786780425054      -19.9439053029345033
     -51.3955080760053704     -118.3061365325030607      -19.9897297645993675
     -51.2328333803408782     -118.3025494810807317      -20.0373267525479584
     -51.0583010257278289     -118.2990848399587804      -20.0863992455828466
     -50.8717359910162088     -118.2958160067741034      -20.1366202778525398
     -50.6729953016760248     -118.2928219272442618      -20.1876366975474468
     -50.4619683109591151     -118.2901863993555622      -20.2390735673152022
     -50.2385768596619116     -118.2879970575550175      -20.2905391360394809
     -50.0027753215141146     -118.2863444779145112      -20.3416303974295474
     -49.7545505190759982     -118.2853211948928589      -20.3919391234054714
     -49.4939214943024695     -118.2850204683989972      -20.4410582506907410
     -49.2209391130043628     -118.2855346074156841      -20.4885884753413130
     -48.9356855119591572     -118.2869537757805034      -20.5341450854237699
     -48.6382733387763722     -118.2893647573731073      -20.5773647929769972
     -48.3288447718416236     -118.2928491267971083      -20.6179122981224410
     -48.0075714551381623     -118.2974817293186192      -20.6554866677854108
     -47.6746559840948834     -118.3033295307317587      -20.6898278114825516
     -47.3303332628623679     -118.3104494734481875      -20.7207228755143937
     -46.9748718787085195     -118.3188869208615586      -20.7480127276214752
     -46.6085750939779615     -118.3286744101820034      -20.7715983849350323
     -46.2317809388906582     -118.3398293990435377      -20.7914469435573288
     -45.8448613196858048     -118.3523535222974346      -20.8075971567777991
     -45.4482202210836448     -118.3662311054772829      -20.8201639676098580
     -45.0422913646497989     -118.3814282190688800      -20.8293419814755723
     -44.6275356300951813     -118.3978924407005024      -20.8354077506651052
     -44.2044380763464844     -118.4155519575843414      -20.8387205147142289
     -43.7735038521836586     -118.4343166003748422      -20.8397206371963009
     -43.3352569386059798     -118.4541090858577519      -20.8387475528449322
     -42.8902415422231371     -118.4749091473399432      -20.8357918546707204
     -42.4390193027756553     -118.4966980040570661      -20.8308073171595609
     -41.9821675389708560     -118.5194499850934449      -20.8237617864261537
     -41.5202777003458792     -118.5431321274395344      -20.8146371805247448
     -41.0539537649675950     -118.5677047654249492      -20.8034295160584506
     -40.5838105971516256     -118.5931214123299213      -20.7901486583695245
     -40.1104722710374020     -118.6193294664607834      -20.7748180651549248
     -39.6345703959661719     -118.6462703139783770      -20.7574742774122534
     -39.1567424121821261     -118.6738801594651562      -20.7381663987806135
     -38.6776299218984221     -118.7020903158250604      -20.7169553512571447
     -38.1978769844709163     -118.7308281198752269      -20.6939131238777634
     -37.7181285027403987     -118.7600173768753820      -20.6691218392045926
     -37.2390288198743562     -118.7895792764485492      -20.6426728719099657
     -36.7612203716566484     -118.8194329221699803      -20.6146659608625917
     -36.2853419892788907     -118.8494961942248693      -20.5852083691237979
     -35.8120272685073928     -118.8796863724295179      -20.5544139586460552
     -35.3419028663045296     -118.9099209186022819      -20.5224022597971540
     -34.8755869030198085     -118.9401181312937865      -20.4892974982626264
     -34.4136872952749826     -118.9701978164906535      -20.4552276164904896
     -33.9568002041384958     -119.0000819226518161      -20.4203232926538476
     -33.5055084161265313     -119.0296950680582739      -20.3847169562803288
     -33.0603798549612975     -119.0589651220929284      -20.3485418391961694
     -32.6219660199759716     -119.0878235638279961      -20.3119310244836520
     -32.1908005833153865     -119.1162060119858950      -20.2750165701907825
     -31.7673978933132197     -119.1440523601711590      -20.2379286193509706
     -31.3522516765365147     -119.1713072616339986      -20.2007946305020916
     -30.9458336237750373     -119.1979200470537847      -20.1637385787120280
     -30.5485921863838499     -119.2238451506753023      -20.1268803119981960
     -30.1609512552904100     -119.2490418923262609      -20.0903348606448446
     -29.7833090659238735     -119.2734747012196408      -20.0542118936548022
     -29.4160371102312546     -119.2971129844217018      -20.0186152011936898
     -29.0594791070084923     -119.3199309371009207      -19.9836422545232359
     -28.7139501243561988     -119.3419076636765510      -19.9493839035297995
     -28.3797356474443276     -119.3630266744759325      -19.9159240521867638
     -28.0570908356131881     -119.3832759140725415      -19.8833395019240058
     -27.7462398114709750     -119.4026475171919799      -19.8516998232032797
     -27.4473749931822475     -119.4211373535407148      -19.8210672604426286
     -27.1606565920361369     -119.4387450161338506      -19.7914967729351687
     -26.8862121410755677     -119.4554734804609808      -19.7630360764181177
     -26.6241360985729081     -119.4713286892297788      -19.7357257210743562
     -26.3744895870537803     -119.4863194296598294      -19.7095992595672129
     -26.1373002094676785     -119.5004571287504973      -19.6846834358959804
     -25.9125619253616541     -119.5137554470695846      -19.6609983687473537
     -25.7002350450965338     -119.5262300598438827      -19.6385577870019183
     -25.5002463306518159     -119.5378985282602429      -19.6173692959067516
     -25.3124891801103864     -119.5487800973001100      -19.5974346435571327
     -25.1368238863789522     -119.5588954251911247      -19.5787499813455987
     -24.9730779992083285     -119.5682664279315048      -19.5613061420035983
     -24.8210467791393050     -119.5769161450288181      -19.5450889161246444
     -24.6804937436459255     -119.5848686413186925      -19.5300793267996120
     -24.5511512992250829     -119.5921489018422932      -19.5162538932272405
     -24.4327214556751287     -119.5987827019491476      -19.5035848789903845
     -24.3248766294890935     -119.6047965344118609      -19.4920405375789585
     -24.2272605296773698     -119.6102175532346052      -19.4815853483889434
     -24.1394891230176647     -119.6150735290619167      -19.4721802427656101
     -24.0611516759752000     -119.6193928148332759      -19.4637828207576682
     -23.9918118703422287     -119.6232043201511175      -19.4563475596155975
     -23.9310093433801754     -119.6265395948660455      -19.4498130047944500
     -23.8784124286658646     -119.6303321048726929      -19.4385336173651737
     -23.8335818207331265     -119.6350045409668468      -19.4200153148168866
     -23.7959248824539848     -119.6401906164341113      -19.3966458862930295
     -23.7648469060105185     -119.6456258532034411      -19.3701879862632325
     -23.7397463883999151     -119.6511109287011010      -19.3420075493169428
     -23.7200131502261833     -119.6564914042987340      -19.3131993665578818
     -23.7050278181490057     -119.6616452008950660      -19.2846640787634236
     -23.6941619957472476     -119.6664738970986548      -19.2571612552264533
     -23.6867787480592078     -119.6708956852350951      -19.2313521733289399
     -23.6822331115469176     -119.6748383272364435      -19.2078427310666733
     -23.6798722682186877     -119.6782300259189640      -19.1872396073451696
     -23.6790347835310726     -119.6809847288598263      -19.1702415754313016
     -23.6790841532239433     -119.6831880380919273      -19.1564697895732792
