     -26.2637742993531518      -96.6979875827947239      -15.9883609771362512
     -26.2638125188323386      -96.7002405495387904      -15.9747135535306857
     -26.2647493593104429      -96.7029607725506395      -15.9578591273658184
     -26.2672175184121990      -96.7061672779399260      -15.9374152865879708
     -26.2718675593820450      -96.7097014680889657      -15.9140673301851745
     -26.2793420839037921      -96.7134205470622419      -15.8884094717680764
     -26.2902759015924872      -96.7171826741307683      -15.8610353603674472
     -26.3052954929400968      -96.7208379517092141      -15.8325937792070910
     -26.3250182217901667      -96.7242216274461413      -15.8038312225268918
     -26.3500515722401722      -96.7271473422048160      -15.7756343410435669
     -26.3809926295261512      -96.7293986989799635      -15.7490825880481591
     -26.4184280899213597      -96.7307169027580045      -15.7255245497562086
     -26.4629353122551834      -96.7307803972899762      -15.7067023913532733
     -26.5150855328699713      -96.7291675424373381      -15.6949781537618449
     -26.5753289216602475      -96.7262490909661068      -15.6878732200678268
     -26.6440288717104750      -96.7229057981467122      -15.6797839868858571
     -26.7216407151714819      -96.7191124211711752      -15.6706434026657906
     -26.8085956977220370      -96.7148417379730745      -15.6604001944207951
     -26.9052995179797314      -96.7100666295392131      -15.6490061598566559
     -27.0121312054006850      -96.7047600544185286      -15.6364163675870067
     -27.1294420721236342      -96.6988950301509362      -15.6225893674438847
     -27.2575547416842561      -96.6924446207940491      -15.6074874117980116
     -27.3967622575543963      -96.6853819318092604      -15.5910766887789958
     -27.5473272742599598      -96.6776801134956116      -15.5733275678185485
     -27.7094813354394596      -96.6693123883511163      -15.5542148597086012
     -27.8834242488620987      -96.6602521637830847      -15.5337181001736049
     -28.0693235378556878      -96.6504730548513038      -15.5118218272582240
     -28.2673139837508032      -96.6399489185708376      -15.4885158668596752
     -28.4774972642635014      -96.6286539280207393      -15.4637956282139744
     -28.6999416911839518      -96.6165627069198223      -15.4376624091065811
     -28.9346820603358168      -96.6036506386027014      -15.4101237231311785
     -29.1817195547699555      -96.5898939028330119      -15.3811935711451238
     -29.4410217514621841      -96.5752695685531108      -15.3508927059886826
     -29.7125227522454587      -96.5597558841324997      -15.3192489077477507
     -29.9961234362681282      -96.5433327459589492      -15.2862972600310503
     -30.2916917175777165      -96.5259816693386341      -15.2520803136563625
     -30.5990629393037459      -96.5076860246791313      -15.2166482526687865
     -30.9180404405064593      -96.4884317185504727      -15.1800590838570919
     -31.2483960783666284      -96.4682071967920649      -15.1423786660367021
     -31.5898708818103096      -96.4470036698019157      -15.1036807156282151
     -31.9421759050776686      -96.4248158967420039      -15.0640468349533023
     -32.3049929595555625      -96.4016420275018646      -15.0235663227470475
     -32.6779755802018101      -96.3774841190267182      -14.9823360163569852
     -33.0607500586899192      -96.3523486215362226      -14.9404600511423720
     -33.4529163944913677      -96.3262461823896956      -14.8980494338091347
     -33.8540495742284691      -96.2991924510721304      -14.8552216899637077
     -34.2637006350124480      -96.2712077847621117      -14.8121002608613832
     -34.6813980650592200      -96.2423177869696076      -14.7688139598950077
     -35.1066490883495561      -96.2125532581778202      -14.7254962770889311
     -35.5389410442792908      -96.1819502154611712      -14.6822846291655225
     -35.9777428516801123      -96.1505500329558060      -14.6393195656857547
     -36.4225063999912777      -96.1183991277242598      -14.5967438494768302
     -36.8726681461654735      -96.0855491042659651      -14.5547015579662826
     -37.3276505357463932      -96.0520562289899971      -14.5133370416771470
     -37.7868636780736722      -96.0179814458473402      -14.4727939331863631
     -38.2497068076679128      -95.9833897372266591      -14.4332140350613312
     -38.7155699979002108      -95.9483499543815839      -14.3947362675362509
     -39.1838356625404245      -95.9129341201777521      -14.3574955364537029
     -39.6538802800056729      -95.8772170697893102      -14.3216216633709301
     -40.1250759295589816      -95.8412757348596074      -14.2872382850802015
     -40.5967920066901939      -95.8051886256759673      -14.2544618174367699
     -41.0683967649350237      -95.7690351294661326      -14.2234004366104987
     -41.5392587792996650      -95.7328949143587522      -14.1941530973367591
     -42.0087482793392724      -95.6968473038926959      -14.1668085177136351
     -42.4762387739950498      -95.6609706486167539      -14.1414442055587042
     -42.9411086212399908      -95.6253417426873966      -14.1181255864974187
     -43.4027426593221151      -95.5900352171275500      -14.0969052373411063
     -43.8605337818411840      -95.5551230504941600      -14.0778222558604078
     -44.3138845440417697      -95.5206740250561950      -14.0609017499636906
     -44.7622087194289477      -95.4867533891836473      -14.0461544908802374
     -45.2049328553572991      -95.4534223702803644      -14.0335766814758234
     -45.6414977757677036      -95.4207380565878083      -14.0231499164074016
     -46.0713600345487251      -95.3887528988009308      -14.0148412204869590
     -46.4939935427908608      -95.3575076031990392      -14.0086532854641330
     -46.9088919152710062      -95.3269852232370880      -14.0049325894160823
     -47.3155677495860303      -95.2971480106444062      -14.0041243976499921
     -47.7135537752226710      -95.2679630270305182      -14.0065930095855293
     -48.1024062511888246      -95.2394031827307117      -14.0126201738731169
     -48.4817073820419324      -95.2114465054043961      -14.0224057048236652
     -48.8510675275664212      -95.1840765408773848      -14.0360696006623105
     -49.2101271757691237      -95.1572821706641605      -14.0536553102997708
     -49.5585584604660099      -95.1310569684859217      -14.0751340293632552
     -49.8960660929903952      -95.1053997458718783      -14.1004100688337441
     -50.2223874032198268      -95.0803135729784117      -14.1293266478919648
     -50.5372917918249840      -95.0558058657413198      -14.1616722474746108
     -50.8405798730575000      -95.0318884430984525      -14.1971871777045155
     -51.1320825341640699      -95.0085765634347155      -14.2355701076264509
     -51.4116599786614259      -94.9858890517914602      -14.2764847643057955
     -51.6792018864233214      -94.9638480428299516      -14.3195665972007724
     -51.9346281911237000      -94.9424779583273732      -14.3644295225798704
     -52.1778897258476988      -94.9218050524726777      -14.4106728642923070
     -52.4089686989927941      -94.9018570060433859      -14.4578882596869285
     -52.6278789950153083      -94.8826620981331956      -14.5056663222621189
     -52.8346663298649375      -94.8642481991775526      -14.5536029773695006
     -53.0294083106735599      -94.8466422997278471      -14.6013054769048161
     -53.2122143670592251      -94.8298698686630672      -14.6483978983412459
     -53.3832255634729478      -94.8139541137724109      -14.6945260669994795
     -53.5426143032261450      -94.7989152521951581      -14.7393618618662021
     -53.6905839315374465      -94.7847698519297808      -14.7826068741026972
     -53.8273682490918475      -94.7715303887220557      -14.8239954159093532
     -53.9532309271118891      -94.7592047798427757      -14.8632968326101533
     -54.0684648325580284      -94.7477959894882531      -14.9003171363508340
     -54.1733912682042913      -94.7373017285067078      -14.9348999818567361
     -54.2683591312173093      -94.7277142503848921      -14.9669270134072327
     -54.3537439933787070      -94.7190202350977017      -14.9963176211673197
     -54.4299471060457734      -94.7112007508729050      -15.0230281539224393
     -54.4973943372069485      -94.7042313727536822      -15.0470506570078175
     -54.5565350388942392      -94.6978253580938656      -15.0700261235876045
     -54.6078408493630363      -94.6916638430853652      -15.0937874547167201
     -54.6518044344400238      -94.6857794927550174      -15.1179549327657377
     -54.6889381714719249      -94.6802003616277261      -15.1421807290429893
     -54.7197727794609250      -94.6749495951785605      -15.1661501350255818
     -54.7448558990965708      -94.6700463292047942      -15.1895752789312706
     -54.7647506264665793      -94.6655065595601997      -15.2121890814715321
     -54.7800340043452252      -94.6613440998534514      -15.2337387384495724
     -54.7912954750656596      -94.6575717844782503      -15.2539777714396561
     -54.7991352990832397      -94.6542031760125440      -15.2726550589038297
     -54.8041629434307680      -94.6512552792861044      -15.2894977566901122
     -54.8069954443510170      -94.6487533643558692      -15.3041813106108755
     -54.8082557484663226      -94.6467401557590478      -15.3162726288936426
     -54.8085710369116654      -94.6451397802054402      -15.3260703142761674
     -54.8082557484663226      -94.6435663333937782      -15.3358723602818969
     -54.8069954443510170      -94.6416607780585224      -15.3479811110652662
     -54.8041629434307751      -94.6394008744768058      -15.3627038543512882
     -54.7991352990832397      -94.6368827602902769      -15.3796161476544846
     -54.7912954750656738      -94.6341848824142602      -15.3984020478186316
     -54.7800340043453531      -94.6313772115126000      -15.4187972875517669
     -54.7647506264674462      -94.6285261291811253      -15.4405592984015030
     -54.7448558991012959      -94.6256972426739082      -15.4634501475536119
     -54.7197727794817936      -94.6229572264119554      -15.4872255906657781
     -54.6889381715509870      -94.6203751891457756      -15.5116271491281896
     -54.6518044347041041      -94.6180238220137966      -15.5363756234937984
     -54.6078408501559451      -94.6159804807427491      -15.5611650836564337
     -54.5565350410686492      -94.6143283151998702      -15.5856566227446791
     -54.4973943427190548      -94.6131561640893182      -15.6094796197553247
     -54.4299471191833177      -94.6121881532957474      -15.6344739378815909
     -54.3537440231849942      -94.6111784927259407      -15.6622872034304397
     -54.2683591959101435      -94.6101528685455122      -15.6929195797001952
     -54.1733914030810411      -94.6091430189496236      -15.7263356272719168
     -54.0684651036047228      -94.6081870192132470      -15.7624630716474847
     -53.9532314536777378      -94.6073295651923161      -15.8011920726975212
     -53.8273692405371023      -94.6066221584513727      -15.8423750372739303
     -53.6905857448129211      -94.6061231872356245      -15.8858270241632038
     -53.5426175309846855      -94.6058978987003627      -15.9313267821609070
     -53.3832311656265830      -94.6060182506561063      -15.9786184509741602
     -53.2122238627542004      -94.6065626138992428      -16.0274139407439336
     -53.0294240525248597      -94.6076152282078766      -16.0773959824366166
     -52.8346918880473098      -94.6092656515751997      -16.1282218857645354
     -52.6279196855615226      -94.6116080644698911      -16.1795279647906405
     -52.4090322985966779      -94.6147403781844076      -16.2309345927791355
     -52.1779874249962035      -94.6187630546668288      -16.2820518277587780
     -51.9347758491722686      -94.6237775835470103      -16.3324855444836778
     -51.6794216676201117      -94.6298853425962250      -16.3818441326187525
     -51.4119824694982270      -94.6371861550029223      -16.4297455696600743
     -51.1325494740905953      -94.6457763297578936      -16.4758247501677140
     -50.8412476801766076      -94.6557466825438638      -16.5197410736440418
     -50.5382360574501917      -94.6671810907363351      -16.5611863062507716
     -50.2237068732188376      -94.6801543975696518      -16.5998923453789224
     -49.8978836977078473      -94.6947301592838215      -16.6356385419777659
     -49.5610194009604967      -94.7109596190995120      -16.6682585492695203
     -49.2133939375117890      -94.7288798702843025      -16.6976461915780412
     -48.8553122759309275      -94.7485121716332515      -16.7237603736165994
     -48.4871029055149663      -94.7698615196501208      -16.7466291699906691
     -48.1091168806744491      -94.7929149000409410      -16.7663526589375032
     -47.7217274754194207      -94.8176408973505858      -16.7831050105458921
     -47.3253301134271709      -94.8439891671506956      -16.7971355799051771
     -46.9203423378239677      -94.8718895617423357      -16.8087689462912984
     -46.5072040391908672      -94.9012527423293477      -16.8184041962770294
     -46.0863783559543023      -94.9319694994541834      -16.8265122328566363
     -45.6583504318361193      -94.9639431613868794      -16.8334571173915641
     -45.2236240442207773      -94.9971323490710660      -16.8392521382940572
     -44.7827213227512217      -95.0314970313663991      -16.8438666948099218
     -44.3361816011130898      -95.0669894067766847      -16.8472762939728646
     -43.8845600421988777      -95.1035542344700531      -16.8494628492443468
     -43.4284262540900627      -95.1411289686398760      -16.8504148655617954
     -42.9683628609126842      -95.1796441310139443      -16.8501275918429627
     -42.5049640657270231      -95.2190237172310532      -16.8486031075663192
     -42.0388341489292401      -95.2591856936085719      -16.8458503557747754
     -41.5705859640269182      -95.3000426056559036      -16.8418851284838205
     -41.1008393570449471      -95.3415022156636098      -16.8367299921954974
     -40.6302195969273043      -95.3834682507263238      -16.8304141705035484
     -40.1593556952224944      -95.4258411466359888      -16.8229733652793243
     -39.6888785680221687      -95.4685189132928969      -16.8144495070669144
     -39.2194191083281254      -95.5113979545283627      -16.8048903469506925
     -38.7516065535259244      -95.5543740022225023      -16.7943489815943749
     -38.2860667431889112      -95.5973428805653924      -16.7828833097456993
     -37.8234205074310097      -95.6402014646065624      -16.7705554952486438
     -37.3642818976766122      -95.6828483306402404      -16.7574313576049434
     -36.9092565891198348      -95.7251846978291496      -16.7435798046649715
     -36.4589401098813966      -95.7671149196535652      -16.7290721865674072
     -36.0139162678797433      -95.8085473531366887      -16.7139817248133689
     -35.5747554137509852      -95.8493946854883916      -16.6983828637791305
     -35.1420128966002920      -95.8895746564368210      -16.6823507164383216
     -34.7162274078678408      -95.9290102688125046      -16.6659604529024961
     -34.2979194610527713      -95.9676302505767183      -16.6492867711498889
     -33.8875898749383637      -96.0053692676478789      -16.6324033679911025
     -33.4857182690908033      -96.0421680033481664      -16.6153824349975103
     -33.0927617522676414      -96.0779735266339401      -16.5982942574346417
     -32.7091534646161151      -96.1127388448469588      -16.5812067354976662
     -32.3353014412033133      -96.1464234017613961      -16.5641851298120031
     -31.9715872448578473      -96.1789924328977577      -16.5472916603556932
     -31.6183649137688825      -96.2104172049262019      -16.5305853072493321
     -31.2759598849625533      -96.2406747402151126      -16.5141215709747726
     -30.9446679484097302      -96.2697472855704461      -16.4979522356864372
     -30.6247544753467800      -96.2976225566948756      -16.4821253104288665
     -30.3164535383114071      -96.3242930316924486      -16.4666848493242206
     -30.0199672178624297      -96.3497556692176147      -16.4516708840225583
     -29.7354650760959949      -96.3740119572215548      -16.4371194484258645
     -29.4630835865524787      -96.3970672282902967      -16.4230625104356882
     -29.2029257356353256      -96.4189303560177251      -16.4095279976690271
     -28.9550607768039541      -96.4396137543248244      -16.3965398995863261
     -28.7195240001859204      -96.4591328954913507      -16.3841183087234512
     -28.4963166177626093      -96.4775059347937827      -16.3722794976989654
     -28.2854057794918603      -96.4947535422444815      -16.3610360453671184
     -28.0867246940073194      -96.5108988153559437      -16.3503969867243697
     -27.9001727990845652      -96.5259669077633760      -16.3403679199103244
     -27.7256160528207154      -96.5399848069695423      -16.3309511424575717
     -27.5628873280531081      -96.5529811853550228      -16.3221458031672384
     -27.4117869007568302      -96.5649862849179783      -16.3139480607626091
     -27.2720830299922099      -96.5760318306937364      -16.3063512465024871
     -27.1435126112358560      -96.5861508461488683      -16.2993460077606009
     -27.0257819239799026      -96.5953775497135041      -16.2929204615903913
     -26.9185674650161104      -96.6037472830039690      -16.2870603489329326
     -26.8215168623266180      -96.6112964500660638      -16.2817491852959932
     -26.7342498668087210      -96.6180624665277179      -16.2769684072858034
     -26.6563594188303732      -96.6240837173680234      -16.2726975145493107
     -26.5874127865348058      -96.6293995231172005      -16.2689142070620072
     -26.5269525044574941      -96.6340523011608497      -16.2655816307367083
     -26.4743828774503740      -96.6390233000764312      -16.2571328765130616
     -26.4291513485348055      -96.6447626202771204      -16.2411233857420854
     -26.3907855587814417      -96.6508994591374631      -16.2199453224963221
     -26.3587812830081383      -96.6571691400243225      -16.1953727864649544
     -26.3326086226673084      -96.6633750896778992      -16.1687879289433454
     -26.3117161262336872      -96.6693677861425584      -16.1413052182965302
     -26.2955339500765106      -96.6750317291892856      -16.1138475914086072
     -26.2834765633945402      -96.6802763670142156      -16.0871989240269997
     -26.2749452730537385      -96.6850287364803904      -16.0620463050297531
     -26.2693307785576238      -96.6892260985797662      -16.0390224479327657
     -26.2660160226222956      -96.6928064067766684      -16.0187612314313448
     -26.2643797839360644      -96.6956929931272100      -16.0019880701273252
     -26.2637742993531518      -96.6979875827947239      -15.9883609771362512
