  -67.670323787867716        67.897664044445548        21.388109790648734     
  -66.146323787867715        67.869528452231322        21.379246935885394     
  -64.622323787867714        67.841392860017095        21.370384081122054     
  -63.098323787867713        67.813257267802868        21.361521226358715     
  -56.992618339948862        67.700535720123867        21.326013365064334     
  -56.984554459108388        67.700386847379121        21.325966469391947     
  -56.972971200152671        67.700173450325366        21.325899248233789     
  -56.957251218321595        67.699884690966442        21.325808287566122     
  -56.936788338538825        67.699510274181321        21.325690344374465     
  -56.910989194924319        67.699040582042201        21.325542388967566     
  -56.879274836231282        67.698466818691543        21.325361650624487     
  -56.841082292748197        67.697781164448614        21.325145666169764     
  -56.795866100296223        67.696976937754485        21.324892331069179     
  -56.743099777055541        67.696048763508628        21.324599952658147     
  -56.682277249074296        67.694992712083391        21.324267294387116     
  -56.612914220453042        67.693796551462185        21.323890506156946     
  -56.534549484356027        67.692447375564456        21.323465529195413     
  -56.446746171184294        67.690939265278260        21.322990512947133     
  -56.349092930456131        67.689267442116744        21.322463980006436     
  -56.241205043183641        67.687428477846495        21.321884903557763     
  -56.122725461814838        67.685420525236268        21.321252799196976     
  -55.993325775211488        67.683243549599652        21.320567828951052     
  -55.852707097256712        67.680899383414499        21.319830867534140     
  -55.700600875696679        67.678391927994596        21.319043641278785     
  -55.536769620153414        67.675727444227292        21.318208932916477     
  -55.361007549533831        67.672914725856771        21.317330802481251     
  -55.173141158394181        67.669965226061180        21.316414866847360     
  -54.973029702152758        67.666893114807877        21.315468657162086     
  -54.760565600193608        67.663715226821424        21.314502075536030     
  -54.535674768816520        67.660450949918726        21.313528010299500     
  -54.298316881935229        67.657121981763453        21.312563143015655     
  -54.048485564631768        67.653751864339199        21.311628990334540     
  -53.786208529031143        67.650364843801626        21.310753130784477     
  -53.511547661703027        67.646985129679337        21.309971075914742     
  -53.224599077305186        67.643636038378503        21.309328785356385     
  -52.925493159415687        67.640338186196644        21.308885784632778     
  -52.614394613662149        67.637107234791642        21.308719342557751     
  -52.291502503616577        67.633952238844159        21.308929701108092     
  -51.957050068032146        67.630873488763044        21.309643516159081     
  -51.611304216350128        67.627861040423582        21.311014694746401     
  -51.254564681369061        67.624895289300426        21.313222890773464     
  -50.887162839912499        67.621947008496349        21.316468673786712     
  -50.509460225453132        67.618978955322959        21.320966577552174     
  -50.121846836995942        67.615948252699695        21.326936884360546     
  -49.724739366709770        67.612807690779576        21.334596739599920     
  -49.318579375407772        67.609508670526523        21.344152344157948     
  -48.903831526753400        67.606002330934970        21.355791613317610     
  -48.480981838715650        67.602241593787156        21.369678460681556     
  -48.050536155041513        67.598181857410694        21.385949670378110     
  -47.613018832570233        67.593784453639799        21.404715999297707     
  -47.168971412646457        67.589021574882850        21.426064213650157     
  -46.718951249230493        67.583869621308921        21.450055331066025     
  -46.263530069328830        67.578308458074716        21.476724800598127     
  -45.803292543840563        67.572320968444188        21.506082936446173     
  -45.338834793326924        67.565893325611825        21.538115818195084     
  -44.870762932301531        67.559014624941895        21.572786239960553     
  -44.399691550082579        67.551677187670919        21.610035147248571     
  -43.926242241745655        67.543876347625442        21.649783169338928     
  -43.451042076380176        67.535610195491103        21.691932387099680     
  -42.974722117074165        67.526879195895745        21.736368270243105     
  -42.497915895187084        67.517686398083683        21.782961997160090     
  -42.021257922518430        67.508037252667094        21.831572785663955     
  -41.545382139786724        67.497939617072930        21.882050071319107     
  -41.070920324124614        67.487403831989127        21.934234970444745     
  -40.598500451268166        67.476442849580792        21.987961480184129     
  -40.128745074736223        67.465072328663041        22.043057695072310     
  -39.662269711111499        67.453310805984742        22.099347066427594     
  -39.199681236229999        67.441179703968444        22.156649631554661     
  -38.741576304930291        67.428703408554028        22.214783261090879     
  -38.288539784200843        67.415909163627788        22.273564852537611     
  -37.841143219177788        67.402827045829326        22.332811524056897     
  -37.399943325856420        67.389489767341303        22.392341741587362     
  -36.965480514088810        67.375932499736479        22.451976406810783     
  -36.538277463704354        67.362192648400878        22.511539903059045     
  -36.118837715589407        67.348309473510085        22.570861027082376     
  -35.707644352801289        67.334323930163052        22.629773952409543     
  -35.305158675118300        67.320278031273858        22.688118958556746     
  -34.911818998406687        67.306214796729193        22.745743312114961     
  -34.528039447022344        67.292177427767911        22.802501890362223     
  -34.154208877863937        67.278209237188506        22.858258021120658     
  -33.790689819229797        67.264352932612553        22.912883988153752     
  -33.437817491472416        67.250650131998427        22.966261472267526     
  -33.095898909317953        67.237141136851392        23.018281956999235     
  -32.765212020922789        67.223864467031547        23.068846921840063     
  -32.446004958739024        67.210857196265550        23.117868190618104     
  -32.138495342744349        67.198154392269643        23.165267868089789     
  -31.842869655805899        67.185788427074542        23.210978116689947     
  -31.559282718773400        67.173789054128861        23.254941106636977     
  -31.287857240277951        67.162183164401540        23.297108774840797     
  -31.028683450255901        67.150994568277468        23.337442517891436     
  -30.781818824177755        67.140244121070040        23.375912945026215     
  -30.547287894076781        67.129949726962536        23.412499542661177     
  -30.325082147316753        67.120126189646001        23.447190246274666     
  -30.115160015812791        67.110785269536109        23.479981057592742     
  -29.917446954647758        67.101935859290506        23.510875682039959     
  -29.731835610852709        67.093584059274534        23.539885106052463     
  -29.558186083144147        67.085733177654120        23.567027140996665     
  -29.396326271667608        67.078383847091402        23.592326023162830     
  -29.246052317930001        67.071534160140345        23.615812041084666     
  -29.107129133492453        67.065179824327856        23.637521193383360     
  -28.979291017224437        67.059314286475384        23.657494861522100     
  -28.862242359653902        67.053928814231199        23.675779493155403     
  -28.755658430453412        67.049012609994961        23.692426322243104     
  -28.659186247317223        67.044552931655645        23.707491115286174     
  -28.572445523860665        67.040535207812283        23.721033936390263     
  -28.495029693569023        67.036943148175851        23.733118927530107     
  -28.426507006564968        67.033758850151500        23.743814099785407     
  -28.366421695753850        67.030962952093191        23.753191148726298     
  -28.314295213377132        67.028555244669647        23.761332583845928     
  -28.269627516988386        67.026519872838179        23.768319062426379     
  -28.231898420626848        67.024820677802339        23.774227472604064     
  -28.200569006487925        67.023423629681631        23.779138701092467     
  -28.175083081709740        67.022296477605735        23.783137257065469     
  -28.154868681538428        67.021408414467089        23.786310893200028     
  -28.139339614763802        67.020729762617734        23.788750226574486     
  -28.127897047211885        67.020231686631902        23.790548362313746     
  -28.119931118990358        67.019885938708001        23.791800522801363     
  -28.114822591099067        67.019664641690241        23.792603685114152     
  -28.111944516942604        67.019540114050827        23.793056229113521     
  -28.110663934218064        67.019484740487059        23.793257598371621     
  -22.014343572599156        66.755874293597856        24.751892667262844     
  -20.490343572599155        66.689975145057630        24.991538840418066     
  -18.966343572599158        66.624075996517405        25.231185013573288     
  -17.442343572599157        66.558176847977180        25.470831186728510     
