     -14.2966634046434127       90.8400487029019672      123.3570935318126800
     -14.2981996910311295       90.8535759690204969      123.3471707563554105
     -14.3011777707422620       90.8702066643853925      123.3349966227194301
     -14.3064080373052835       90.8902664737212689      123.3203502082860723
     -14.3146060517431337       90.9130212036404828      123.3037888968604108
     -14.3264876862690702       90.9378279450089764      123.2858033124502555
     -14.3427594697637417       90.9640454374623602      123.2668833027116051
     -14.3641118804906291       90.9909790318280187      123.2475585597863414
     -14.3912137705851109       91.0178386910898922      123.2284297004562745
     -14.4247068373640488       91.0436971184481649      123.2101992760395603
     -14.4651992792347937       91.0674377379489499      123.1937102433862918
     -14.5132575090511313       91.0876791165434980      123.1800017261664237
     -14.5693938783960633       91.1026515299768960      123.1703998786016570
     -14.6340459061287813       91.1099722401858827      123.1666830320323101
     -14.7223633639201239       91.2813517171324520      123.0420528106124607
     -14.8070331453764688       91.2871854192677858      123.0399645490645355
     -14.9026933303942268       91.2937797952738634      123.0376106638866816
     -15.0098779318601903       91.3011725745763982      123.0349802858193868
     -15.1290898732256345       91.3093993198240383      123.0320638550601444
     -15.2607996022396488       91.3184932598712038      123.0288532342005539
     -15.4054437848073320       91.3284851137742919      123.0253418233013747
     -15.5634240825472521       91.3394029062753674      123.0215246759628371
     -15.7351060173234547       91.3512717754272359      123.0173986152027794
     -15.9208179256538340       91.3641137731798381      123.0129623479351864
     -16.1208500055816160       91.3779476599447804      123.0082165768216242
     -16.3354534584116031       91.3927886944014887      123.0031641082258034
     -16.5648397276622283       91.4086484201063882      122.9978099549436905
     -16.8091798376318593       91.4255344507962917      122.9921614323077677
     -17.0686038340951427       91.4434502566248710      122.9862282461932779
     -17.3432003377923927       91.4623949530901115      122.9800225722314480
     -17.6330162429248816       91.4823630883855685      122.9735591308499778
     -17.9380565164852186       91.5033444289619808      122.9668552577654879
     -18.2582840946102891       91.5253237520093563      122.9599309642031244
     -18.5936198982411938       91.5482806491850312      122.9528089853082804
     -18.9439429713841179       91.5721893474004105      122.9455148184361377
     -19.3090906914766443       91.5970191314177669      122.9380775296619532
     -19.6888590704726809       91.6227351962898240      122.9305310892013807
     -20.0830033561596402       91.6492976656524121      122.9229131908715829
     -20.4912386979143939       91.6766613761474645      122.9152650411339494
     -20.9132409306404590       91.7047758576773759      122.9076313443277968
     -21.3486474927735088       91.7335853452085104      122.9000602569357881
     -21.7970584781501238       91.7630288249166597      122.8926033084399592
     -22.2580378206170622       91.7930401173033914      122.8853152865593898
     -22.7311146092310246       91.8235479997031092      122.8782540849554010
     -23.2157845307753945       91.8544763703324065      122.8714805118323881
     -23.7115114346703137       91.8857444557357468      122.8650580582250171
     -24.2177289542105001       91.9172670689932829      122.8590526187113028
     -24.7338420429626886       91.9489549559533117      122.8535321321807174
     -25.2592286812571061       91.9807152360127276      122.8485661470883201
     -25.7932417603503836       92.0124518475292064      122.8442252469875058
     -26.3352112014895710       92.0440655214869423      122.8405797114548506
     -26.8844459132412936       92.0754546252165795      122.8376992130683476
     -27.4402357696878774       92.1065162071674166      122.8356526670699509
     -28.0018537412432238       92.1371467464324638      122.8345075860678293
     -28.5685580706905426       92.1672429397783333      122.8343294014671017
     -29.1395944833317948       92.1967025220151726      122.8351807655500068
     -29.7141984211870067       92.2254251101043394      122.8371208429953043
     -30.2915972910575348       92.2533130605515908      122.8402046012980975
     -30.8710127162553327       92.2802723289523641      122.8444821100701319
     -31.4516627819092065       92.3062133200597970      122.8499978595501148
     -32.0327642638657863       92.3310517180514978      122.8567901109492908
     -32.6135348966094512       92.3547101620560511      122.8648914750142751
     -33.1931969206204300       92.3771203116664879      122.8743304641612752
     -33.7709809335213009       92.3982210808341193      122.8851287101335572
     -34.3461282274290056       92.4179583072369297      122.8973003672427353
     -34.9178928403553783       92.4362847653581809      122.9108520834324736
     -35.4855434801421126       92.4531601382860515      122.9257830251318779
     -36.0483653252121741       92.4685509485726982      122.9420849568097367
     -36.6056617139656595       92.4824304472890901      122.9597423770359512
     -37.1567557439034530       92.4947784587593276      122.9787327142304889
     -37.7009918136520596       92.5055811761515230      122.9990265873823745
     -38.2377371582025773       92.5148308997546138      123.0205881402827117
     -38.7663834739524660       92.5225256738478095      123.0433754221014482
     -39.2863475487720990       92.5285884746542706      123.0674000770224268
     -39.7970661740074618       92.5323745562884881      123.0930977441582570
     -40.2980108660687293       92.5330625143223386      123.1210359218914334
     -40.7886897991846382       92.5299413191788744      123.1516982939299254
     -41.2686353573640261       92.5224150898012851      123.1854804435379691
     -41.7373970765495272       92.5100057652685024      123.2226874470165683
     -42.1945360367515363       92.4923544530844879      123.2635325856971775
     -42.6396201070669321       92.4692214581628207      123.3081371689087007
     -43.0722214937558405       92.4404849982167889      123.3565315745765787
     -43.4919181223160365       92.4061384769895113      123.4086577203877653
     -43.8982995841115127       92.3662860574872866      123.4643732230551336
     -44.2909767688238745       92.3211362577563364      123.5234574055352539
     -44.6695928450602295       92.2709934513185459      123.5856190786500690
     -45.0338336703281286       92.2162474402763763      123.6505058134322752
     -45.3834379020521794       92.1573623158195403      123.7177158139425757
     -45.7181987669690102       92.0948651320142631      123.7868117095021887
     -46.0379618846089542       92.0293290102612929      123.8573265584597891
     -46.3426230799432801       91.9613593539549186      123.9287729890331775
     -46.6321265264614127       91.8915814934740638      124.0006530762468344
     -46.9064632193160094       91.8206289371199915      124.0724676563812210
     -47.1656696724409414       91.7491323200185320      124.1437249935642342
     -47.4098267681052974       91.6777091448678618      124.2139487210580029
     -47.6390587076552023       91.6069544032882419      124.2826849915123546
     -47.8535320245694962       91.5374321564479771      124.3495087845222287
     -48.0534546289498792       91.4696681399945248      124.4140293351876636
     -48.2390748581731401       91.4041434421507972      124.4758946632418457
     -48.4106805127627027       91.3412892859942076      124.5347951980613459
     -48.5685978601876229       91.2814829281521298      124.5904665100365776
     -48.7131905925614035       91.2250446670755366      124.6426911729717091
     -48.8448587272123191       91.1722359352860678      124.6912997951347108
     -48.9640374418556164       91.1232584320678001      124.7361712680761343
     -49.0711958386034865       91.0782542364677425      124.7772322922420756
     -49.1668356332728607       91.0373068255896243      124.8144562466426919
     -49.2514897683749524       91.0004429103507704      124.8478614763594834
     -49.3257209470953768       90.8091471575865228      124.9928065184269315
     -49.3901201074122582       90.7866994470411441      125.0141021929845522
     -49.4453047890587385       90.7635484548927138      125.0351981351185913
     -49.4919174715377679       90.7400694359193096      125.0558666579405696
     -49.5306238219889110       90.7166052353049537      125.0759069800049161
     -49.5621108882929207       90.6934725472039105      125.0951403400473652
     -49.5870852355066773       90.6709679340816166      125.1134052813829101
     -49.6062710306376644       90.6493743428641636      125.1305525791101587
     -49.6204080809417434       90.6289691079985147      125.1464390991230431
     -49.6302498310738542       90.6100350796972265      125.1609194086749284
     -49.6365613245437345       90.5928780651799457      125.1738328369988267
     -49.6401171350273529       90.5778575908393151      125.1849809209551267
     -49.6416992731645834       90.5654453475377892      125.1940848509443640
     -49.6420950745334366       90.5553589951349096      125.2014117140341227
     -49.6416992731645834       90.5452426012701181      125.2086970419405105
     -49.6401171350273529       90.5327102802595505      125.2176349530562476
     -49.6365613245437345       90.5174199762857086      125.2284099718358590
     -49.6302498310738542       90.4997841612771339      125.2406614128615843
     -49.6204080809416936       90.4801038830724877      125.2541099608211397
     -49.6062710306371315       90.4586274784651323      125.2685154866074839
     -49.5870852355030323       90.4355816248179281      125.2836548931570064
     -49.5621108882733736       90.4111890895123338      125.2993096021947110
     -49.5306238219024237       90.3856801816974240      125.3152576120690043
     -49.4919174712099306       90.3593010901865625      125.3312678196892591
     -49.4453047879639200       90.3323207413482692      125.3470954201687988
     -49.3901201041249109       90.3050371622531571      125.3624776664280347
     -49.3257209380807495       90.2777840799310951      125.3771294546339732
     -49.2514897320921321       90.0802342605075381      125.5134276480914366
     -49.1668355467998950       90.0369669331368101      125.5379795361608046
     -49.0711956424233549       89.9887943923387184      125.5652140257595022
     -48.9640370160790752       89.9357075872435274      125.5950999942658939
     -48.8448578395689452       89.8777579543812379      125.6275664745428173
     -48.7131888088744489       89.8150596267505108      125.6625014393290485
     -48.5685943952338732       89.7477908395818673      125.6997511743187061
     -48.4106739892623494       89.6761944383312084      125.7391202974175286
     -48.2390629281922898       89.6005774060225804      125.7803724704013746
     -48.0534333946644949       89.5213093413683652      125.8232318361889526
     -47.8534951736118543       89.4388198360897491      125.8673852004179849
     -47.6389962516777956       89.3535947194590108      125.9124849602771121
     -47.4097232413219771       89.2661711601421359      125.9581527668975696
     -47.1655016092666699       89.1771316397558707      126.0039838903747977
     -46.9061956861187070       89.0870968389379954      126.0495522389490901
     -46.6317084305867269       88.9967175049264796      126.0944159662594188
     -46.3419809171249426       88.9066653994331233      126.1381235830177587
     -46.0369915089993071       88.8176234568342551      126.1802204718749891
     -45.7167546677524399       88.7302753154383623      126.2202556863556850
     -45.3813193313995740       88.6452944192277528      126.2577888957742118
     -45.0307667612184304       88.5633329251017329      126.2923973165629405
     -44.6652075265241848       88.4850115936115316      126.3236837285531209
     -44.2847773459910456       88.4109126301762132      126.3512877146162765
     -43.8896387329879900       88.3415678178372588      126.3748890428669398
     -43.4799902853342033       88.2774477228448546      126.3942131350912632
     -43.0560756041304131       88.2189512371688238      126.4090381746115526
     -42.6181924674801280       88.1663946836564065      126.4192024913700720
     -42.1667003393728947       88.1200005532468822      126.4246120845241990
     -41.7020239021392598       88.0798862330036059      126.4252479331964309
     -41.2246517807081929       88.0460533606888447      126.4211726556198272
     -40.7351312398028540       88.0183785189808390      126.4125361194602704
     -40.2340604251315170       87.9966058626507817      126.3995797232440026
     -39.7220796241887513       87.9803420665346323      126.3826391863453011
     -39.1998609691458029       87.9690538359483725      126.3621456532883371
     -38.6680927113334718       87.9620701119879698      126.3386234178391447
     -38.1274779173605367       87.9588767530758560      126.3124847656917353
     -37.5787466306659468       87.9595170780962690      126.2837501652276018
     -37.0226471895388229       87.9640862278733522      126.2524000606596104
     -36.4599425277964855       87.9726494171888049      126.2184325071883819
     -35.8914080169290486       87.9852419628020641      126.1818630512769346
     -35.3178291580736143       88.0018696028111833      126.1427244371952128
     -34.7399992070777799       88.0225091242203774      126.1010661482881829
     -34.1587167939973213       88.0471092953929002      126.0569537856338371
     -33.5747835808294468       88.0755920907106997      126.0104682910623524
     -32.9890019888979893       88.1078541874218928      125.9617050249253509
     -32.4021730178260512       88.1437687088662329      125.9107727117341824
     -31.8150941696842011       88.1831871914656205      125.8577922799050413
     -31.2285575287852133       88.2259428044001055      125.8028971481064247
     -30.6433492165475023       88.2718535866183061      125.7462336134500731
     -30.0602490437222194       88.3207223583343648      125.6879569768746023
     -29.4800287081784340       88.3723382856615558      125.6282300350453909
     -28.9034498908044668       88.4264787788302584      125.5672219130670868
     -28.3312624065274399       88.4829114354060096      125.5051068695213843
     -27.7642024109920982       88.5413960058363472      125.4420630857439960
     -27.2029906630786016       88.6016863593050630      125.3782714511533811
     -26.6483308431799593       88.6635324288135536      125.3139143562103470
     -26.1009079269994899       88.7266821156095915      125.2491745042189848
     -25.5613866145606892       88.7908831345137628      125.1842337526780398
     -25.0304098333733798       88.8558847187266281      125.1192719033041953
     -24.5085974326727190       88.9214387750447202      125.0544648967031378
     -23.9965446752362901       88.9873017973870901      124.9899842813086650
     -23.4948207801579123       89.0532366800733968      124.9259967645843403
     -23.0039676225229570       89.1190140611011969      124.8626633471318428
     -22.5244984190661590       89.1844135375639695      124.8001385177032319
     -22.0568963982634934       89.2492247784549164      124.7385694996232530
     -21.6016137157931318       89.3132485067281721      124.6780955782809883
     -21.1590704783038248       89.3762973217000081      124.6188475269781009
     -20.7296538158196313       89.4381963622729614      124.5609471306329255
     -20.3137170042434576       89.4987838156987436      124.5045068060183127
     -19.9115786406757245       89.5579112785809741      124.4496293158751712
     -19.5235218749676989       89.6154439785547510      124.3964075730073091
     -19.1497937015130901       89.6712608665431503      124.3449245293667076
     -18.7906043153033195       89.7252545952702150      124.2952531505733589
     -18.4461264861819991       89.7773319408986339      124.2474572232474941
     -18.1164950276790933       89.8274139162782035      124.2015919264757997
     -17.8018064865597800       89.8754342868508900      124.1577023638001833
     -17.5021188162308690       89.9213390913950263      124.1158236345511199
     -17.2174511250128077       89.9650862562015305      124.0759811523057579
     -16.9477835172773474       90.0066451668432848      124.0381909972703482
     -16.6930570319664398       90.0459962082850751      124.0024602939685394
     -16.4531737010137817       90.0831302807379330      123.9687876085354077
     -16.2279967231358917       90.1180482952028399      123.9371633616875101
     -16.0173507084259192       90.1507606636717469      123.9075702444078360
     -15.8210220249881672       90.1812867952571224      123.8799836282650091
     -15.6387592561622881       90.2096546037123375      123.8543719659520121
     -15.4702737680672477       90.2359000304830801      123.8306971784712260
     -15.3152403864593936       90.2600665862936893      123.8089150263497800
     -15.1732981812438954       90.2822049131688686      123.7889754632092547
     -15.0440513564333145       90.3023723677266617      123.7708229709302259
     -14.9270702429489486       90.3206326255644285      123.7543968765318425
     -14.8218923914096035       90.3370553056205665      123.7396316517101553
     -14.7280237618796868       90.3517156125695351      123.7264571967030520
     -14.6449400073305771       90.3646939946734449      123.7147991107250959
     -14.5861621869059608       90.5430670751862721      123.5827735916628711
     -14.5232049109910211       90.5558249089724825      123.5717801558344888
     -14.4699929409244898       90.5754852052577775      123.5559824584125010
     -14.4256897605238574       90.5997069430193136      123.5370689730295766
     -14.3894879752037248       90.6267671642034429      123.5162776377034533
     -14.3605920856531348       90.6553356676303679      123.4945606115451540
     -14.3382098717658053       90.6843509997695776      123.4726747726324874
     -14.3215478703549959       90.7129443170757241      123.4512371465455232
     -14.3098088900526079       90.7403868290571154      123.4307630860617877
     -14.3021904259080070       90.7660474173028433      123.4116970387608347
     -14.2978831009048548       90.7893501617661940      123.3944434406016768
     -14.2960680386796550       90.8097188680510641      123.3794072117008227
     -14.2959113410387282       90.8264870408310259      123.3670596810655979
     -14.2966634046434127       90.8400487029019672      123.3570935318126800
