  -64.618218897513898       -100.02658739421805        32.503380932893506     
  -63.094218897513898       -100.08708846128276        32.523040598196957     
  -61.570218897513897       -100.14758952834747        32.542700263500407     
  -60.046218897513896       -100.20809059541217        32.562359928803858     
  -53.940773569749901       -100.45046983244296        32.641120435150555     
  -53.932925780030359       -100.45078138077113        32.641221671974215     
  -53.921652870582726       -100.45122940715405        32.641367256988872     
  -53.906353975486731       -100.45183839291033        32.641565145335662     
  -53.886439060609518       -100.45263276624615        32.641823274897106     
  -53.861330507481576       -100.45363695477894        32.642149583364237     
  -53.830464662925920       -100.45487545097259        32.642552029499861     
  -53.793293350326593       -100.45637288884542        32.643038618064189     
  -53.749285338528558       -100.45815413016850        32.643617427824651     
  -53.697927764477811       -100.46024435825305        32.644296642030952     
  -53.638727505836442       -100.46266915540372        32.645084573581499     
  -53.571212499944117       -100.46544824648197        32.645987632006282     
  -53.494933005642693       -100.46860037562364        32.647011908135873     
  -53.409462804636867       -100.47214820421381        32.648164765670558     
  -53.314400339154204       -100.47611455058430        32.649453619252483     
  -53.209369781663732       -100.48052247908562        32.650885963361880     
  -53.094022035706296       -100.48539541103317        32.652469408289178     
  -52.968035665723292       -100.49075726511681        32.654211725631185     
  -52.831117751662312       -100.49663258475721        32.656120889471453     
  -52.683004666789436       -100.50304666121271        32.658205116069347     
  -52.523462776730433       -100.51002564725343        32.660472900326901     
  -52.352289057636966       -100.51759664888347        32.662933044901031     
  -52.169311626466495       -100.52578768212281        32.665594645161420     
  -51.974390191612628       -100.53462767490377        32.668467088392603     
  -51.767416424132634       -100.54414653398683        32.671560073565679     
  -51.548314239890182       -100.55437509913459        32.674883593734492     
  -51.317039991955959       -100.56534498404467        32.678447880660592     
  -51.073582562596272       -100.57708811428272        32.682263249704050     
  -50.817963392646853       -100.58963664987984        32.686340068049169     
  -50.550236421760737       -100.60302281007729        32.690688688962283     
  -50.270487923644431       -100.61727832608901        32.695319262328027     
  -49.978836247767489       -100.63243371777179        32.700241484187273     
  -49.675431517426119       -100.64851822998820        32.705464555610874     
  -49.360455214365416       -100.66555925351750        32.710996970425043     
  -49.034119651639905       -100.68358125707545        32.716846150801437     
  -48.696667431540767       -100.70260576742804        32.723018435153520     
  -48.348370780028063       -100.72265066438453        32.729518855848589     
  -47.989530781636127       -100.74372914798178        32.736350823605001     
  -47.620476616072182       -100.76584992059996        32.743516217633520     
  -47.241564635244934       -100.78901609407346        32.751015067854439     
  -46.853177423014195       -100.81322495508823        32.758845517472409     
  -46.455722791443861       -100.83846785126327        32.767003822494431     
  -46.049632657278295       -100.86472931162359        32.775484098218769     
  -45.635361947230045       -100.89198762097818        32.784278532609335     
  -45.213387348479230       -100.92021395164276        32.793377118386722     
  -44.784206093588729       -100.94937530310517        32.802768608342888     
  -44.348334629476561       -100.97943714619333        32.812441372621841     
  -43.906307282093756       -101.01035980194229        32.822382220860689     
  -43.458674857978878       -101.04209765611928        32.832576145424937     
  -43.006003210311761       -101.07459940981907        32.843006400621093     
  -42.548871777244308       -101.10780828019088        32.853654564701067     
  -42.087872072355651       -101.14166228884289        32.864500629303507     
  -41.623606165228004       -101.17609468732017        32.875523132265052     
  -41.156685113864590       -101.21103435952220        32.886699281863784     
  -40.687727397509725       -101.24640638747533        32.898005133067727     
  -40.217357302637673       -101.28213258404746        32.909415752137583     
  -39.746203321970818       -101.31813214473571        32.920905419091966     
  -39.274896501705861       -101.35432228025110        32.932447823361784     
  -38.804068822922787       -101.39061891922822        32.944016283070361     
  -38.334351516786448       -101.42693737958430        32.955583957235042     
  -37.866373444831730       -101.46319309632891        32.967124077440914     
  -37.400759391245842       -101.49930226228624        32.978610151118460     
  -36.938128457076388       -101.53518255867225        32.990016193897070     
  -36.479092343819595       -101.57075370220831        33.001316902270673     
  -36.024253774053953       -101.60593814996422        33.012487877481398     
  -35.574204787507213       -101.64066151045071        33.023505753956400     
  -35.129525196946219       -101.67485318387133        33.034348402256519     
  -34.690780926466005       -101.70844662781758        33.044995010396264     
  -34.258522505572891       -101.74137987413853        33.055426246910571     
  -33.833283490117473       -101.77359568856865        33.065624307985964     
  -33.415578990223551       -101.80504188670723        33.075573015606622     
  -33.005904223960371       -101.83567148123895        33.085257861062992     
  -32.604733068124752       -101.86544266156041        33.094665994291759     
  -32.212516790575023       -101.89431905160913        33.103786303787977     
  -31.829682639078733       -101.92226931567072        33.112609284668061     
  -31.456632748990000       -101.94926752553057        33.121127154219749     
  -31.093742858272066       -101.97529258464799        33.129333661601336     
  -30.741361293085109       -102.00032833110761        33.137224118633000     
  -30.399807954933724       -102.02436330384907        33.144795321717822     
  -30.069373319004708       -102.04739023029362        33.152045383805458     
  -29.750317690525581       -102.06940618782407        33.158973785769625     
  -29.442870370551365       -102.09041200133795        33.165581180080565     
  -29.147228978683760       -102.11041193169599        33.171869289434490     
  -28.863558943810453       -102.12941370463081        33.177840916375303     
  -28.591992955760702       -102.14742791753130        33.183499751164938     
  -28.332630569034734       -102.16446773021310        33.188850272226027     
  -28.085537956297891       -102.18054884356391        33.193897740357549     
  -27.850747685441739       -102.19568910580119        33.198648072185904     
  -27.628258597261269       -102.20990815802980        33.203107726553839     
  -27.418035811366352       -102.22322727120812        33.207283653208414     
  -27.220010840318182       -102.23566927726996        33.211183272170750     
  -27.034081757269270       -102.24725826572224        33.214814377037172     
  -26.860113470916282       -102.25801937874374        33.218185070312813     
  -26.697938104024935       -102.26797868883142        33.221303725502821     
  -26.547355464534785       -102.27716310156634        33.224178957283094     
  -26.408133610224304       -102.28560030117735        33.226819605479641     
  -26.280009487330126       -102.29331861300014        33.229234691949713     
  -26.162689660786729       -102.30034692093172        33.231433395224215     
  -26.055851131679955       -102.30671462389441        33.233425037718554     
  -25.959142235639156       -102.31245160353991        33.235219076498680     
  -25.872183619466991       -102.31758820196133        33.236825097213014     
  -25.794569293098846       -102.32215520804813        33.238252810763257     
  -25.725867753801754       -102.32618385116665        33.239512052304391     
  -25.665623179627644       -102.32970583652924        33.240612793753421     
  -25.613356687564334       -102.33276721998935        33.241569650589746     
  -25.568567653371517       -102.33540480181327        33.242394216827300     
  -25.530735089949580       -102.33764290946793        33.243094021277621     
  -25.499319079625725       -102.33950851101983        33.243677436628325     
  -25.473762256222066       -102.34103091260567        33.244153582278926     
  -25.453491332669792       -102.34224146065623        33.244532228748312     
  -25.437918669818728       -102.34317325227110        33.244823704756662     
  -25.426443881991393       -102.34386085696154        33.245038808023821     
  -25.418455474744594       -102.34434005276073        33.245188720755422     
  -25.413332510230457       -102.34464757944963        33.245284930704685     
  -25.410446295493475       -102.34482091136324        33.245339158608651     
  -25.409162088999167       -102.34489805193137        33.245363292692630     
  -19.312840820666434       -102.71109592445950        33.359931417138910     
  -17.788840820666433       -102.80264056805167        33.388571938852081     
  -16.264840820666436       -102.89418521164384        33.417212460565253     
  -14.740840820666433       -102.98572985523602        33.445852982278424     
