     -25.4088408206664340     -102.3449173517683874       33.2453693308308686
     -25.4091526854771068     -102.3406363601782374       33.2584846206219567
     -25.4104252980828242     -102.3353048479546317       33.2746381772629718
     -25.4132974788161157     -102.3287712727818786       33.2941665075816786
     -25.4184044555962352     -102.3212180522286872       33.3163790664271389
     -25.4263753448048213     -102.3127995953915388       33.3406733393006647
     -25.4378315071238532     -102.3036707730055639       33.3664478837895757
     -25.4533848975907411     -102.2940045263569573       33.3930488856967926
     -25.4736364295382458     -102.2840053944702561       33.4197293492598391
     -25.4991743660409824     -102.2739230170528373       33.4456084205532420
     -25.5305727506016638     -102.2640688396751045       33.4696209008228180
     -25.5683898909126484     -102.2548402324714942       33.4904439735916739
     -25.6131669169909628     -102.2467596549950883       33.5063776347906099
     -25.6654264550876619     -102.2405456579188439       33.5151271181377268
     -25.7256674321773104     -102.2353921855417553       33.5190492910104183
     -25.7943648802776018     -102.2295077186675769       33.5235036247565787
     -25.8719745859300723     -102.2228443014297170       33.5285301746519835
     -25.9589280271860368     -102.2153591916120376       33.5341545446886826
     -26.0556311714965076     -102.2070108464547928       33.5404001252967987
     -26.1624633517826908     -102.1977589815954701       33.5472879322149566
     -26.2797762147813074     -102.1875646396415505       33.5548364406008375
     -26.4078927447533509     -102.1763902698465785       33.5630614143080805
     -26.5471063654636872     -102.1641998203276813       33.5719757305325928
     -26.6976801231318532     -102.1509588440288638       33.5815892003030143
     -26.8598459566135119     -102.1366346459136594       33.5919083943302539
     -27.0338040592656803     -102.1211964874093638       33.6029364804378687
     -27.2197223147881111     -102.1046157094762492       33.6146730283887507
     -27.4177358266350666     -102.0868658994560008       33.6271138251330939
     -27.6279465400347455     -102.0679230834982718       33.6402506969315880
     -27.8504229675104753     -102.0477660007507126       33.6540713598460783
     -28.0852000216043081     -102.0263764749752369       33.6685593073818481
     -28.3322789011123461     -102.0037395492123693       33.6836936289949591
     -28.5916270855600239     -101.9798437103873709       33.6994488714281175
     -28.8631784577968915     -101.9546812995082519       33.7157949793471303
     -29.1468335273224746     -101.9282489553846744       33.7326972703101191
     -29.4424596769603006     -101.9005476777041537       33.7501163122524943
     -29.7498915590598365     -101.8715831671416652       33.7680079261938459
     -30.0689316438397078     -101.8413664384630977       33.7863233187383116
     -30.3993507285190567     -101.8099137998474646       33.8050090491567872
     -30.7408886139639073     -101.7772471561545728       33.8240071531904931
     -31.0932549385114925     -101.7433945884821611       33.8432554131185341
     -31.4561299208751919     -101.7083901537677662       33.8626874273203242
     -31.8291653605662042     -101.6722743375039926       33.8822329589525992
     -32.2119856499935509     -101.6350942121421355       33.9018182521135287
     -32.6041887871724327     -101.5969032373195660       33.9213662957287312
     -33.0053476593365644     -101.5577617191177211       33.9407973755878416
     -33.4150111339290703     -101.5177363085039275       33.9600293743678421
     -33.8327054689353517     -101.4769002382253120       33.9789783853591132
     -34.2579355799787351     -101.4353328926541451       33.9975591684288005
     -34.6901864875701875     -101.3931196341110876       34.0156857538291675
     -35.1289247624766219     -101.3503514481262897       34.0332720434316442
     -35.5735999957123923     -101.3071244022895598       34.0502324019468290
     -36.0236463765682231     -101.2635392499845182       34.0664823428712609
     -36.4784841965150548     -101.2197006645945407       34.0819391289527474
     -36.9375215098546263     -101.1757167169450327       34.0965224846677728
     -37.4001556759883087     -101.1316979718442894       34.1101552016589906
     -37.8657750623736007     -101.0877568107189148       34.1227638315284523
     -38.3337606223081195     -101.0440064604704844       34.1342792805175250
     -38.8034876105618167     -101.0005601827499788       34.1446374483854740
     -39.2743271879350075     -100.9575302863239017       34.1537797867279238
     -39.7456481284888810     -100.9150272380138773       34.1616538586919987
     -40.2168184377821234     -100.8731586998347467       34.1682138310137731
     -40.6872070299108728     -100.8320286375660828       34.1734209381462861
     -41.1561853377428974     -100.7917364176630457       34.1772438822359916
     -41.6231289647199461     -100.7523759932759333       34.1796591913530179
     -42.0874192858687550     -100.7140350965889581       34.1806514977403424
     -42.5484450626135740     -100.6767945738487668       34.1802137743208974
     -43.0056040111552278     -100.6407277177535349       34.1783474732728152
     -43.4583043717659478     -100.6058997898820024       34.1750626263494297
     -43.9059664302135104     -100.5723675537474691       34.1703778416196116
     -44.3480240293919437     -100.5401789736951628       34.1643202462679767
     -44.7839260329712658     -100.5093730362779070       34.1569253591300424
     -45.2131377606438392     -100.4799795519391381       34.1482368445298832
     -45.6351423945364445     -100.4520356349602253       34.1382584715055444
     -46.0494423488515565     -100.4256856292668800       34.1266589079211684
     -46.4555605328920578     -100.4011019220069869       34.1130064381043141
     -46.8530415645760314     -100.3784258822300188       34.0969407157551885
     -47.2414530913904969     -100.3577680570299151       34.0781750846307716
     -47.6203869290519393     -100.3392075738931197       34.0564964294197381
     -47.9894602212900239     -100.3227933503793423       34.0317644073565191
     -48.3483164752465342     -100.3085448835885387       34.0039093692873777
     -48.6966265212369436     -100.2964534766036451       33.9729293445092395
     -49.0340894353491095     -100.2864846104142629       33.9388864286640484
     -49.3604332787141047     -100.2785793039620046       33.9019019569561735
     -49.6754158190860196     -100.2726569069692033       33.8621514147263341
     -49.9788251453278392     -100.2686177515678452       33.8198586807629695
     -50.2704801605374669     -100.2663452667412400       33.7752896023368194
     -50.5502310601098159     -100.2657092431176409       33.7287456064651181
     -50.8179597385694777     -100.2665686752526568       33.6805569466457158
     -51.0735801076053804     -100.2687741164069024       33.6310756881337340
     -51.3170383675721737     -100.2721706806264450       33.5806689417492166
     -51.5483131824472025     -100.2766008232665627       33.5297121776063634
     -51.7674157475819143     -100.2819066707604065       33.4785826582078627
     -51.9743897666597903     -100.2879321421010275       33.4276531779519743
     -52.1693113647264326     -100.2945253162056076       33.3772863535000681
     -52.3522888997506755     -100.3015403360540745       33.3278293078149872
     -52.5234626835819753     -100.3088390193975528       33.2796088711987608
     -52.6830046131203176     -100.3162921614037657       33.2329273462394639
     -52.8311177215121504     -100.3237806959038920       33.1880589287154990
     -52.9680356492379829     -100.3311966890807412       33.1452467973462532
     -53.0940220269507535     -100.3384439837218878       33.1047008195664105
     -53.2093697771568515     -100.3454386086842334       33.0665959049972003
     -53.3144003369115111     -100.3521089718063877       33.0310709931366731
     -53.4094628035611620     -100.3583958506885523       32.9982286485598166
     -53.4949330051470824     -100.3642521849219094       32.9681352226790594
     -53.5712124997256609     -100.3696427273296052       32.9408215495968122
     -53.6387275057447894     -100.3745435640147861       32.9162841200952130
     -53.6979277644416584     -100.3794512112322650       32.8929311701799847
     -53.7492853385153779     -100.3849214058918164       32.8689853521695881
     -53.7932933503222017     -100.3908109840071745       32.8448002015005329
     -53.8304646629246051     -100.3969871461419530       32.8206987150464542
     -53.8613305074812345     -100.4033277712950962       32.7969721216370971
     -53.8864390606094403     -100.4097193603081593       32.7738858919615552
     -53.9063539754867165     -100.4160550612302245       32.7516855220726697
     -53.9216528705827258     -100.4222325552270689       32.7306027783464799
     -53.9329257800303594     -100.4281515042744246       32.7108633293695021
     -53.9407735697499007     -100.4337100646561112       32.6926972966684488
     -53.9458063235366652     -100.4387994989882031       32.6763557060231236
     -53.9486417034078514     -100.4432947578457487       32.6621393953438215
     -53.9499032885801739     -100.4470366659300566       32.6504538159339930
     -53.9502188975138992     -100.4500952460534791       32.6409987142718094
     -53.9499032885801739     -100.4531788457649100       32.6315517426601573
     -53.9486417034078514     -100.4570207740884484       32.6198986645684528
     -53.9458063235366652     -100.4617408802146343       32.6057554174276021
     -53.9407735697499007     -100.4672296002298424       32.5895435736326675
     -53.9329257800303594     -100.4734112572678271       32.5715800145789203
     -53.9216528705827258     -100.4802262590810216       32.5521317356312565
     -53.9063539754867449     -100.4876217245904542       32.5314447685986465
     -53.8864390606095895     -100.4955461721841488       32.5097606578326577
     -53.8613305074819237     -100.5039461382628048       32.4873270450913765
     -53.8304646629272270     -100.5127637558032490       32.4644053439532669
     -53.7932933503309840     -100.5219347936836698       32.4412770346278307
     -53.7492853385417391     -100.5313868544452021       32.4182495034797142
     -53.6979277645139632     -100.5410375052738488       32.3956621138819187
     -53.6387275059281095     -100.5507947467926328       32.3738850270677858
     -53.5712125001625594     -100.5612537656343477       32.3511537144157444
     -53.4949330061383108     -100.5729485663253655       32.3258885935927012
     -53.4094628057125647     -100.5859005577390519       32.2981008827813056
     -53.3144003413969045     -100.6001201293621961       32.2678362453682936
     -53.2093697861706119     -100.6156063494870239       32.2351760217265593
     -53.0940220444618305     -100.6323468383444606       32.2002379970119463
     -52.9680356822085940     -100.6503178411528836       32.1631766539161177
     -52.8311177818124733     -100.6694844736105097       32.1241828502273989
     -52.6830047204585483     -100.6898011610216201       32.0834828858992296
     -52.5234628698788910     -100.7112122751093182       32.0413369294550350
     -52.3522892155232569     -100.7336529617128775       31.9980367819870750
     -52.1693118882065434     -100.7570500480400000       31.9539029368227681
     -51.9743906165654650     -100.7813232077065067       31.9092809988332284
     -51.7674171006833603     -100.8063863972132737       31.8645374889234958
     -51.5483152973331613     -100.8321493750026008       31.8200550098626316
     -51.3170416163397434     -100.8585192874629399       31.7762268195719741
     -51.0735850175871633     -100.8854021121585305       31.7334508112743698
     -50.8179670467242275     -100.9127046245070147       31.6921231894526230
     -50.5502417834116429     -100.9403363770369282       31.6526317714594363
     -50.2704956867514028     -100.9682113854367742       31.6153489223192317
     -49.9788473502071398     -100.9962496839757051       31.5806242876115704
     -49.6754472157662263     -101.0243795530071935       31.5487776964954172
     -49.3604771500167345     -101.0525392030729961       31.5200919838939129
     -49.0341498679307009     -101.0806779037366141       31.4948058729388194
     -48.6967083418445910     -101.1087580582524339       31.4731075257978077
     -48.3484250848095769     -101.1367564451805094       31.4551283424098038
     -47.9896013419822225     -101.1646649455842351       31.4409372398534757
     -47.6205663030924384     -101.1924922673068039       31.4305360058472978
     -47.2416761790993647     -101.2202641311169771       31.4238550510781067
     -46.8533132814523512     -101.2480240279464141       31.4207503191896222
     -46.4558850499956577     -101.2758337805195481       31.4210012068845472
     -46.0498229657050331     -101.3037729939802745       31.4243092885163762
     -45.6355814999236387     -101.3319396069961584       31.4302985937131147
     -45.2136369363146216     -101.3604483513463919       31.4385173922435577
     -44.7844861542061849     -101.3893775699324351       31.4486118575557327
     -44.3486452295611784     -101.4186953186914906       31.4605624989757047
     -43.9066481339740022     -101.4483520501371032       31.4743866001017771
     -43.4590453441918001     -101.4782955223565608       31.4900896645004522
     -43.0064024094682935     -101.5084711018845951       31.5076653279693737
     -42.5492984918750423     -101.5388219865329944       31.5270953550812294
     -42.0883248588425332     -101.5692894810968170       31.5483497608666674
     -41.6240833657360696     -101.5998133813644131       31.5713870731770854
     -41.1571848899862829     -101.6303323013813298       31.5961546814915692
     -40.6882477651085921     -101.6607841373845673       31.6225893279891750
     -40.2178961674932225     -101.6911064682601591       31.6506176732614009
     -39.7467585154527612     -101.7212370514575639       31.6801569794919367
     -39.2754658154767071     -101.7511142741783061       31.7111158599956511
     -38.8046500352837498     -101.7806776557064694       31.7433951177552558
     -38.3349424112647910     -101.8098682986981203       31.7768886339525629
     -37.8669718272898521     -101.8386293819389152       31.8114843233533797
     -37.4013631065033820     -101.8669065527281816       31.8470651005779253
     -36.9387354042981571     -101.8946484003994470       31.8835099031263667
     -36.4797004911241416     -101.9218067398220740       31.9206946755885959
     -36.0248611715396834     -101.9483370499439161       31.9584934120915420
     -35.5748095793020340     -101.9741986186118652       31.9967791059659703
     -35.1301256314158081     -101.9993549196163656       32.0354247610813943
     -34.6913753653618144     -102.0237736215240716       32.0743042669633596
     -34.2591094311670474     -102.0474268556229021       32.1132933253923412
     -33.8338615112995882     -102.0702911389119834       32.1522702306128068
     -33.4161468465180320     -102.0923474649105316       32.1911166568454021
     -33.0064607885841781     -102.1135812433601870       32.2297183465381352
     -32.6052773490770704     -102.1339820858012359       32.2679656928547871
     -32.2130479311564955     -102.1535438910761258       32.3057543554624402
     -31.8301999175912549     -102.1722642938374435       32.3429856103835220
     -31.4571355771048147     -102.1901448972934077       32.3795668811191675
     -31.0942307780326352     -102.2071905808138155       32.4154119100841243
     -30.7418339722063116     -102.2234095060606478       32.4504410840755071
     -30.4002651813483986     -102.2388128078506782       32.4845815942788576
     -30.0698149941697075     -102.2534140221241472       32.5177674488726041
     -29.7507438219913247     -102.2672292085064782       32.5499396453454040
     -29.4432810641424290     -102.2802763249717799       32.5810460479086359
     -29.1476244300450453     -102.2925749080072961       32.6110413085588675
     -28.8639394298240148     -102.3041461097533613       32.6398868534034747
     -28.5923588259613801     -102.3150121246752349       32.6675506309017578
     -28.3329822369571183     -102.3251959112138252       32.6940069154570949
     -28.0858758909914670     -102.3347212121525871       32.7192361733332575
     -27.8510724033730028     -102.3436122108516741       32.7432247845257365
     -27.6285706544877918     -102.3518932325613520       32.7659647561760892
     -27.4183357960976366     -102.3595886429602473       32.7874534812837339
     -27.2202993658482448     -102.3667228450636770       32.8076935159527423
     -27.0343594552728597     -102.3733200440350970       32.8266922736364890
     -26.8603809852190523     -102.3794041115738054       32.8444617462953730
     -26.6981960849180169     -102.3849985336339898       32.8610182507026281
     -26.5476045636058835     -102.3901263828049935       32.8763821840336021
     -26.4083744756952612     -102.3948103325081433       32.8905777966512076
     -26.2802427598789450     -102.3990725863587272       32.9036329432985895
     -26.1629159697907632     -102.4029348602679761       32.9155788582334807
     -26.0560710918633980     -102.4064184013340224       32.9264499501403023
     -25.9593564440922719     -102.4095440154677732       32.9362836083086705
     -25.8723926530039066     -102.4123321024929680       32.9451200197740519
     -25.7947737059200968     -102.4148026974286978       32.9530019967699275
     -25.7260680754262019     -102.4169755167915241       32.9599748135983717
     -25.6658199041676269     -102.4188660151396562       32.9660984693691219
     -25.6135464581377015     -102.4187747849836256       32.9767616663888816
     -25.5687454158303815     -102.4159693711550432       32.9943444600629263
     -25.5308974292974966     -102.4112169792607716       33.0165671417324376
     -25.4994637932104702     -102.4050940049868217       33.0417464527034070
     -25.4738880829058907     -102.3980564307410646       33.0685778152980205
     -25.4535977677488390     -102.3904783949555082       33.0960155717998248
     -25.4380058325135963     -102.3826757315366223       33.1231995257237486
     -25.4265124191779677     -102.3749221185315434       33.1494042767469850
     -25.4185064938929486     -102.3674620532927833       33.1739983750837055
     -25.4133675416448064     -102.3605238861173774       33.1964033538276908
     -25.4104672929041264     -102.3543369747718401       33.2160401399543304
     -25.4091714925212209     -102.3491597436844955       33.2322419647633041
     -25.4088408206664340     -102.3449173517683874       33.2453693308308686
