  -62.521566555790287       -103.23888939149438        78.024563443791138     
  -60.997566555790286       -103.24014061355028        78.025509076357096     
  -59.473566555790285       -103.24139183560618        78.026454708923055     
  -57.949566555790284       -103.24264305766208        78.027400341489013     
  -51.843589550984795       -103.24765613712485        78.031189062422541     
  -51.835300027370458       -103.24766294292195        78.031194206020629     
  -51.823392620269793       -103.24767293421688        78.031201757113351     
  -51.807232677607018       -103.24768689974886        78.031212311804097     
  -51.786197009942775       -103.24770577976940        78.031226580704271     
  -51.759675570000127       -103.24773071413780        78.031245425284027     
  -51.727073096683100       -103.24776309555956        78.031269898110793     
  -51.687810719148992       -103.24780462727523        78.031301286459566     
  -51.641327516601464       -103.24785738446019        78.031341158744596     
  -51.587082029589290       -103.24792387855148        78.031391413204233     
  -51.524553718721286       -103.24800710723412        78.031454315833685     
  -51.453244366793953       -103.24810578111311        78.031528893187016     
  -51.372679420623946       -103.24821803115786        78.031613734993670     
  -51.282409268969225       -103.24834513007282        78.031709807881484     
  -51.182010453024304       -103.24848862086144        78.031818287470372     
  -51.071086806248381       -103.24865040155923        78.031940626291401     
  -50.949270520461745       -103.24883281999183        78.032078631909570     
  -50.816223135355784       -103.24903877621391        78.032234554917764     
  -50.671636448784305       -103.24927182922687        78.032411186277926     
  -50.515233345252852       -103.24953629904590        78.032611960114195     
  -50.346768539539497       -103.24983733663889        78.032841045088929     
  -50.166029236020357       -103.25018101355288        78.033103468737679     
  -49.972835700802499       -103.25057439278518        78.033405252601511     
  -49.767041744813085       -103.25102555943087        78.033753550906781     
  -49.548535116764839       -103.25154359089630        78.034156789107840     
  -49.317237803027233       -103.25213835622607        78.034624733687934     
  -49.073106240386736       -103.25282041149914        78.035168714009842     
  -48.816131438263120       -103.25360082684597        78.035801896354684     
  -48.546339008237155       -103.25449081061443        78.036539540076504     
  -48.263789100554909       -103.25550104530983        78.037399212649291     
  -47.968576258964852       -103.25664121351927        78.038401380142403     
  -47.660829187427723       -103.25791924814989        78.039570096759704     
  -47.340710427240879       -103.25934000284538        78.040933665384969     
  -47.008415955985285       -103.26090416367029        78.042525775178220     
  -46.664174686807804       -103.26260741701793        78.044386278862362     
  -46.308247853965710       -103.26443956190235        78.046560967973193     
  -45.940928301667519       -103.26638475634944        78.049101187767945     
  -45.562539664289964       -103.26842196639151        78.052062528356913     
  -45.173435445463660       -103.27052570570460        78.055502843894914     
  -44.773998013892452       -103.27266755531031        78.059480344786408     
  -44.364637512251392       -103.27481694367428        78.064051017898507     
  -43.945790704153552       -103.27694278796869        78.069266887060266     
  -43.517919753962460       -103.27901438517729        78.075174059805306     
  -43.081510948261425       -103.28100247330077        78.081811359204650     
  -42.637073374255813       -103.28287967443167        78.089209513828862     
  -42.185137558035194       -103.28462214857613        78.097392410555400     
  -41.726254050882282       -103.28621192972155        78.106379020449083     
  -41.260991960182281       -103.28763365528366        78.116181042278370     
  -40.789937433180810       -103.28887409824003        78.126802688890422     
  -40.313692095708404       -103.28992193840975        78.138240711888173     
  -39.832871451961886       -103.29076775062947        78.150484671362321     
  -39.348103247754892       -103.29140381588063        78.163517159253118     
  -38.860025805314059       -103.29182403556705        78.177314194592711     
  -38.369286325994437       -103.29202379487874        78.191845668377567     
  -37.876539178848013       -103.29199978297289        78.207075841115937     
  -37.382444157124148       -103.29174990753189        78.222963984955953     
  -36.887664739457776       -103.29127305458486        78.239464973326406     
  -36.392866315226534       -103.29056903493021        78.256530056959264     
  -35.898714432891659       -103.28963837217813        78.274107448287907     
  -35.405873004600821       -103.28848243449850        78.292142912327350     
  -34.915002550879713       -103.28710342123691        78.310580153785693     
  -34.426758410930340       -103.28550451915801        78.329361339322034     
  -33.941789004676259       -103.28368991316461        78.348427516952967     
  -33.460734073192469       -103.28166488680625        78.367719107764117     
  -32.984222972867805       -103.27943583555243        78.387176332271764     
  -32.512872967170715       -103.27701033220029        78.406739674009401     
  -32.047287570652344       -103.27439712655340        78.426350288007100     
  -31.588054908570196       -103.27160612668814        78.445950386635559     
  -31.135746130984046       -103.26864836134101        78.465483600120592     
  -30.690913856907912       -103.26553594478732        78.484895324635374     
  -30.254090681264103       -103.26228201305283        78.504133032583539     
  -29.825787714904013       -103.25890062442103        78.523146536313845     
  -29.406493207612513       -103.25540668933877        78.541888253764199     
  -28.996671195418813       -103.25181578349749        78.560313366772021     
  -28.596760260692793       -103.24814408388319        78.578380076131907     
  -28.207172303257998       -103.24440809170063        78.596049681927994     
  -27.828291446207292       -103.24062459471749        78.613286804975615     
  -27.460472957546077       -103.23681038522808        78.630059377749760     
  -27.104042292267973       -103.23298217708482        78.646338742526439     
  -26.759294200865185       -103.22915645365026        78.662099654987557     
  -26.426491904296597       -103.22534924849533        78.677320195619600     
  -26.105866394663245       -103.22157613672525        78.691981803950682     
  -25.797615783402300       -103.21785202399241        78.706069123844102     
  -25.501904755873589       -103.21419104186430        78.719569898048434     
  -25.218864132892040       -103.21060654489204        78.732474912713087     
  -24.948590495754875       -103.20711094491325        78.744777793678082     
  -24.691145918462993       -103.20371564323800        78.756474857067104     
  -24.446557805479355       -103.20043104955154        78.767565009802311     
  -24.214818807987747       -103.19726650292155        78.778049562906702     
  -23.995886836665729       -103.19423021589390        78.787932053252277     
  -23.789685175768977       -103.19132927559789        78.797218101606106     
  -23.596102693956848       -103.18856967650788        78.805915285960850     
  -23.414994140283124       -103.18595629787823        78.814032970637655     
  -23.246180535436356       -103.18349290528307        78.821582158782704     
  -23.089449657058719       -103.18118217498909        78.828575369237754     
  -22.944556615404149       -103.17902572281314        78.835026524762114     
  -22.811224518510652       -103.17702414394623        78.840950857168792     
  -22.689145221873801       -103.17517703580953        78.846364808245468     
  -22.577980163032631       -103.17348302556884        78.851285942747936     
  -22.477361279588372       -103.17193980948892        78.855732878402748     
  -22.386892006994888       -103.17054419433671        78.859725224462537     
  -22.306148353337310       -103.16929214069688        78.863283527408825     
  -22.234680048128627       -103.16817880831373        78.866429222345687     
  -22.172011761955776       -103.16719862837861        78.869184607548164     
  -22.117644394027810       -103.16635569533491        78.871580729641963     
  -22.071056422583890       -103.16564622092838        78.873643855365557     
  -22.031705316164526       -103.16505618594846        78.875393589147279     
  -21.999029001767489       -103.16457265604203        78.876851462687512     
  -21.972447385013886       -103.16418360992810        78.878040717667986     
  -21.951363918598684       -103.16387777510857        78.878986091740074     
  -21.935167214744713       -103.16364447374171        78.879713609929183     
  -21.923232697283197       -103.16347348133650        78.880250383674792     
  -21.914924288878630       -103.16335490069874        78.880624419603450     
  -21.909596128822503       -103.16327905331620        78.880864439967397     
  -21.906594316739636       -103.16323639010366        78.880999716490081     
  -21.905258677483701       -103.16321742314030        78.881059919140071     
  -15.808924542443723       -103.07664543470960        79.155846294672472     
  -14.284924542443722       -103.05500362383673        79.224539123351988     
  -12.760924542443723       -103.03336181296385        79.293231952031505     
  -11.236924542443722       -103.01172000209097        79.361924780711021     
