  -65.911697176000246       -72.055677951651631        54.781295435647735     
  -64.387697176000245       -72.103886817370380        54.817946872292907     
  -62.863697176000244       -72.152095683089129        54.854598308938080     
  -61.339697176000243       -72.200304548807878        54.891249745583252     
  -55.234243988101056       -72.393439045453263        55.038082836597923     
  -55.226389665343646       -72.393687502140352        55.038271729126095     
  -55.215107367852148       -72.394044879782598        55.038543430271083     
  -55.199795724895687       -72.394530802958101        55.038912859881492     
  -55.179864203770009       -72.395164914781688        55.039394951898508     
  -55.154734694102224       -72.395966937195894        55.040004700192164     
  -55.123843057759522       -72.396956743202466        55.040757213473846     
  -55.086640640274595       -72.398154439968636        55.041667778471364     
  -55.042595739750034       -72.399580460505518        55.042751929608109     
  -54.991195029353463       -72.401255662170058        55.044025523840624     
  -54.931944929635307       -72.403201408697285        55.045504802912355     
  -54.864372927036797       -72.405433486776730        55.047201768110305     
  -54.788028835102217       -72.407966858055531        55.049127792565208     
  -54.702485995066375       -72.410820431405625        55.051297248532983     
  -54.607342412655392       -72.414013409082571        55.053724727886731     
  -54.502221828116483       -72.417565406829439        55.056425130600481     
  -54.386774716679582       -72.421496584250306        55.059413759123821     
  -54.260679216851337       -72.425827782843555        55.062706415617249     
  -54.123641981689410       -72.430580625878974        55.066319465721641     
  -53.975398947847161       -72.435777523791458        55.070269823955996     
  -53.815716036066725       -72.441441851019022        55.074575060077819     
  -53.644389768797069       -72.447598071875390        55.079253453504833     
  -53.461247804496004       -72.454271829048977        55.084324001102019     
  -53.266149388597732       -72.461490012124514        55.089806385000209     
  -53.058985715521239       -72.469280731962684        55.095720835588196     
  -52.839680207042321       -72.477673292594162        55.102087948485270     
  -52.608188713020809       -72.486698260595887        55.108928517560187     
  -52.364499622779888       -72.496387458619012        55.116263234333815     
  -52.108633878220637       -72.506773756652080        55.124112134524147     
  -51.840644897213039       -72.517890795180421        55.132493863459572     
  -51.560618448160895       -72.529773260404852        55.141425191410768     
  -51.268672423045537       -72.542456937125550        55.150920134661561     
  -50.964956497567258       -72.555978412056120        55.160988510838834     
  -50.649651758247188       -72.570375504520271        55.171634829111696     
  -50.322970237303551       -72.585687431928790        55.182857378915337     
  -49.985154299925384       -72.601953870263984        55.194647177210435     
  -49.636476009017251       -72.619214559303884        55.206988071412312     
  -49.277236385172309       -72.637508335908365        55.219857193948442     
  -48.907764528629556       -72.656871176406682        55.233225316979208     
  -48.528416757954602       -72.677335331843850        55.247058419303684     
  -48.139575594823668       -72.698927377726505        55.261318514744076     
  -47.741648723968211       -72.721666923379345        55.275964849144103     
  -47.335067910393661       -72.745565713496362        55.290955141204492     
  -46.920287803240093       -72.770626178977679        55.306246076215729     
  -46.497784777663711       -72.796841602323312        55.321794282337294     
  -46.068055652207597       -72.824197698919434        55.337557538308083     
  -45.631616431663304       -72.852676337278297        55.353497487571431     
  -45.189000952006154       -72.882251243908016        55.369576304052160     
  -44.740759514204733       -72.912887867131062        55.385756502352322     
  -44.287457471000636       -72.944543326602300        55.402000767997066     
  -43.829673770729237       -72.977166925539706        55.418272160168243     
  -43.367999488770700       -73.010700403511720        55.434534050124618     
  -42.903036300401460       -73.045078564645237        55.450750279611739     
  -42.435394970469417       -73.080229817518330        55.466885183786260     
  -41.965693765531157       -73.116076932108541        55.482903718662484     
  -41.494556909887741       -73.152537767453367        55.498771508679255     
  -41.022612943670360       -73.189526130219207        55.514454946924673     
  -40.550493159221197       -73.226952638320313        55.529921262268914     
  -40.078829909406686       -73.264725580874696        55.545138635186198     
  -39.608255035458065       -73.302751748325250        55.560076474459670     
  -39.139398129763983       -73.340937118210832        55.574705652301752     
  -38.672884970290504       -73.379187700888579        55.588998854022535     
  -38.209335755124421       -73.417410125867107        55.602930723483617     
  -37.749363556597622       -73.455512508826956        55.616478216636153     
  -37.293572546656797       -73.493404895851086        55.629620631718176     
  -36.842556481459688       -73.531000112416933        55.642339946549640     
  -36.396896942986430       -73.568214043021044        55.654620726151542     
  -35.957161862907164       -73.604966418881872        55.666450420612087     
  -35.523903814440914       -73.641180941089473        55.677819165584175     
  -35.097658577228117       -73.676785943526795        55.688720001845702     
  -34.678943527057683       -73.711714422173898        55.699148624712670     
  -34.268256231174824       -73.745904472872013        55.709103457761778     
  -33.866072997398369       -73.779299357904648        55.718585458067373     
  -33.472847478844322       -73.811847545640077        55.727597916722914     
  -33.089009437386785       -73.843502981509943        55.736146429226871     
  -32.714963378521411       -73.874224747676365        55.744238415135470     
  -32.351087517371383       -73.903977526860714        55.751883274035713     
  -31.997732546379094       -73.932731038195882        55.759091798527777     
  -31.655220668098305       -73.960460130877252        55.765876117717347     
  -31.323844667817724       -73.987144676367848        55.772249518527865     
  -31.003866968467655       -74.012769048183699        55.778225987961967     
  -30.695518950882764       -74.037322296477313        55.783820307313611     
  -30.399000228343585       -74.060797720028873        55.789047717727954     
  -30.114478021336456       -74.083192467053877        55.793923632606642     
  -29.842086727056014       -74.104507592533821        55.798463714716071     
  -29.581927491826381       -74.124747663325365        55.802683630618219     
  -29.334067879259983       -74.143920363989267        55.806598822022806     
  -29.098541691375566       -74.162036395508011        55.810224510256724     
  -28.875348878424756       -74.179109335993019        55.813575681601087     
  -28.664455496801246       -74.195155237688851        55.816666881752909     
  -28.465793797750695       -74.210192426474450        55.819512168657518     
  -28.279262420779144       -74.224241364969245        55.822125120244657     
  -28.104726685686156       -74.237324551866180        55.824518871219723     
  -27.942018952473259       -74.249466265318105        55.826706029329273     
  -27.790939087419606       -74.260692410074725        55.828698665048492     
  -27.651255024470693       -74.271030407875855        55.830508328237727     
  -27.522703415429795       -74.280509100301501        55.832146068163475     
  -27.404990368468248       -74.289158676072830        55.833622465721810     
  -27.297792269938476       -74.297010600932268        55.834947661469279     
  -27.200756683612187       -74.304097522978836        55.836131359565208     
  -27.113503333055519       -74.310453218741628        55.837182857330873     
  -27.035625160580803       -74.316112550599087        55.838111079247177     
  -26.966689458987105       -74.321111429330401        55.838924611837456     
  -26.906239072698472       -74.325486812852930        55.839631763721933     
  -26.853793666276417       -74.329290316750388        55.840250758055582     
  -26.808851050763664       -74.332564970088526        55.840792488819069     
  -26.770888570495629       -74.335342010954349        55.841258197803285     
  -26.739364546057686       -74.337655705404742        55.841650569415286     
  -26.713719765395403       -74.339543008118710        55.841973542368073     
  -26.693379020503240       -74.341043227337067        55.842232126291805     
  -26.677752685263460       -74.342197697860612        55.842432225974221     
  -26.666238329910794       -74.343049465697035        55.842580475741073     
  -26.658222367517570       -74.343642987715626        55.842684086280194     
  -26.653081727827512       -74.344023849388861        55.842750705989019     
  -26.650185553716724       -74.344238503381916        55.842788298685250     
  -26.648896915525906       -74.344334031401871        55.842805039258955     
  -20.552574538490003       -74.796260421473235        55.922001771759248     
  -19.028574538490002       -74.909236044459178        55.941799907892126     
  -17.504574538490004       -75.022211667445120        55.961598044025003     
  -15.980574538490002       -75.135187290431062        55.981396180157880     
