  -60.808531123604958        87.462347389641437        121.15554580082285     
  -59.284531123604957        87.415028349238355        121.08999800410832     
  -57.760531123604963        87.367709308835273        121.02445020739380     
  -56.236531123604962        87.320390268432192        120.95890241067927     
  -50.128791527991652        87.130749601308608        120.69620629952537     
  -50.119037564246042        87.130446748156004        120.69578677798157     
  -50.105026625751016        87.130011946621096        120.69518447746196     
  -50.086012003558949        87.129422294367586        120.69436767294252     
  -50.061260513441333        87.128655477818242        120.69330545496535     
  -50.030054483466891        87.127689884685665        120.69196788551656     
  -49.991693700929240        87.126504719631399        120.69032615822891     
  -49.945497313220905        87.125080121752987        120.68835276109290     
  -49.890805677362152        87.123397282491311        120.68602163969051     
  -49.826982153020225        87.121438562472420        120.68330835881493     
  -49.753414834003422        87.119187590978470        120.68019023973424     
  -49.669518213508915        87.116625094738779        120.67664058099156     
  -49.574734778358064        87.113732215196634        120.67263325136945     
  -49.468536527531626        87.110493833669892        120.66814729181068     
  -49.350426411012251        87.106896062937651        120.66316343309597     
  -49.219939684852307        87.102926344168964        120.65766421691697     
  -49.076645178709967        87.098573547303346        120.65163411279028     
  -48.920146472392780        87.093828075049231        120.64505962616242     
  -48.750082977638520        87.088681979440807        120.63792940312604     
  -48.566130915755039        87.083129179596028        120.63023444484227     
  -48.368004201947251        87.077165608085082        120.62196817936146     
  -48.155455232057804        87.070789320758507        120.61312642139288     
  -47.928275562826535        87.064000674834517        120.60370734181546     
  -47.686296486924455        87.056802562941243        120.59371139942525     
  -47.429389501345781        87.049200737871686        120.58314124376520     
  -47.157466676505706        87.041204110737283        120.57200137612111     
  -46.870480920293176        87.032825179035413        120.56029772099583     
  -46.568426129928312        87.024080751060666        120.54803725589994     
  -46.251337252620210        87.014992749487590        120.53522729178115     
  -45.919290260622653        87.005589138967707        120.52187432644263     
  -45.572402000437357        86.995905699930390        120.50798328484773     
  -45.210829987121969        86.985987946381030        120.49355591777181     
  -44.834772171359980        86.975893159411157        120.47858797541980     
  -44.444466652594208        86.965692607419953        120.46306564931929     
  -44.040191136185733        86.955473948704210        120.44696416238006     
  -43.622262187111623        86.945342144319540        120.43024756094599     
  -43.191034306897244        86.935418314823053        120.41286911554732     
  -42.746898785566422        86.925837045605078        120.39477322669674     
  -42.290282360924508        86.916742361794505        120.37589850248349     
  -41.821645770593079        86.908282331709430        120.35618067666280     
  -41.341482171464598        86.900603956048641        120.33555628880771     
  -40.850315507450567        86.893848167977239        120.31396585947233     
  -40.348698815917210        86.888145642376998        120.29135697466107     
  -39.837212516403703        86.883613177128794        120.26768659907741     
  -39.316462721583186        86.880351879764476        120.24292240154683     
  -38.787079595822526        86.878448709731884        120.21704485044467     
  -38.249715670109403        86.877978741505146        120.19004979434348     
  -37.705044089111425        86.879002584327921        120.16194444102229     
  -37.153756807854201        86.881566065487306        120.13274640155383     
  -36.596562735414352        86.885700509413525        120.10248335931809     
  -36.034185847854751        86.891423092098506        120.07119257437785     
  -35.467363269066468        86.898737349835642        120.03892029838683     
  -34.896843324977141        86.907633829960673        120.00572107661074     
  -34.323383581249374        86.918090885251047        119.97165694693004     
  -33.747748859862149        86.930075637008954        119.93679659224081     
  -33.170709249527803        86.943545010928489        119.90121434646676     
  -32.593038103459278        86.958446983059545        119.86498928295661     
  -32.015510025423239        86.974721993288128        119.82820438137477     
  -31.438898897030789        86.992303481309150        119.79094473545445     
  -30.863975853093034        87.011118460693552        119.75329668189852     
  -30.291507234855903        87.031088294641421        119.71534752092622     
  -29.722252556708032        87.052129538325630        119.67718531336043     
  -29.156962495768969        87.074154698851999        119.63889853986755     
  -28.596376925564854        87.097072686760711        119.60057532936079     
  -28.041222969746698        87.120789444214921        119.56230293405068     
  -27.492213089500375        87.145208551849279        119.52416718698461     
  -26.950043208440533        87.170231902305559        119.48625207330285     
  -26.415390881276164        87.195760318291306        119.44863925869510     
  -25.888913513080077        87.221694125323424        119.41140759478466     
  -25.371246621813921        87.247933881412152        119.37463289247634     
  -24.863002156725035        87.274381091693144        119.33838772782468     
  -24.364766881149134        87.300938839213913        119.30274119861028     
  -23.877100824515235        87.327512279871073        119.26775856656631     
  -23.400535800662897        87.354009189665604        119.23350103008127     
  -22.935574006023781        87.380340415851848        119.20002535900879     
  -22.482686684567597        87.406420559992924        119.16738388359974     
  -22.042312880002264        87.432168404124965        119.13562427079403     
  -21.614858262368230        87.457507420116784        119.10478955894268     
  -21.200694048128618        87.482366034743222        119.07491800541013     
  -20.800155999566574        87.506677989916199        119.04604320148175     
  -20.413543526553614        87.530382428042429        119.01819394615868     
  -20.041118868707407        87.553424171855639        118.99139450788959     
  -19.683106382427372        87.575753827283947        118.96566475781280     
  -19.339691926603464        87.597327763585383        118.94102023870322     
  -19.011022354206542        87.618107931756086        118.91747210404242     
  -18.697205109640699        87.638061614597206        118.89502704419134     
  -18.398307909938531        87.657161599959835        118.87368785066226     
  -18.114358547713902        87.675385965652879        118.85345350407958     
  -17.845344802913086        87.692717789179383        118.83431920270276     
  -17.591214445223248        87.709145205931463        118.81627689042975     
  -17.351875355177580        87.724661208550145        118.79931545602260     
  -17.127195756828733        87.739263348907841        118.78342082937293     
  -16.917004551532226        87.752953505377050        118.76857617216504     
  -16.721091759308624        87.765737648109621        118.75476204815568     
  -16.539209068557419        87.777625583934238        118.74195654261042     
  -16.371070491713407        87.788630687180842        118.73013533611470     
  -16.216353121525987        87.798769681492075        118.71927181922489     
  -16.074697985808033        87.808062476269868        118.70933725162676     
  -15.945711003315854        87.816531969593058        118.70030084765388     
  -15.828964035652348        87.824203860970513        118.69212984884084     
  -15.723996031960244        87.831106478315462        118.68478959263723     
  -15.630314263295512        87.837270615576756        118.67824357678245     
  -15.547395643379181        87.842729375559927        118.67245351708414     
  -15.474688131095816        87.847518055960890        118.66737945564707     
  -15.411612209504334        87.851683133166418        118.66299223755551     
  -15.357562445459310        87.855266613353351        118.65925248839461     
  -15.311909116354077        87.858303773458445        118.65610781365461     
  -15.273999899856600        87.860832948219993        118.65350638117300     
  -15.243161627163051        87.862895191368253        118.65139673920592     
  -15.218702092742284        87.864533942049434        118.64972765018629     
  -15.199911915731668        87.865794699517195        118.64844794396055     
  -15.186066448010626        87.866724709107871        118.64750639397727     
  -15.176427723853736        87.867372662397187        118.64685161958403     
  -15.170246445950367        87.867788414248096        118.64643201725988     
  -15.166764002476283        87.868022719218160        118.64619572325405     
  -15.165214509813129        87.868126989514352        118.64609060970957     
  -9.0688268754370860        88.278372329455692        118.23252755904069     
  -7.5448268754370851        88.380927143153102        118.12914337039996     
  -6.0208268754370859        88.483481956850511        118.02575918175923     
  -4.4968268754370850        88.586036770547921        117.92237499311850     
