  -65.045416130884661        59.056371850326876        81.080067001615220     
  -63.521416130884660        59.095397976876001        81.133647010962449     
  -61.997416130884659        59.134424103425125        81.187227020309678     
  -60.473416130884658        59.173450229974250        81.240807029656906     
  -54.365735260991777        59.329853856319467        81.455537737070784     
  -54.356030030780900        59.330102384890594        81.455878948570401     
  -54.342089000590455        59.330459897075734        81.456369786578506     
  -54.323169074982495        59.330946061863330        81.457037255173702     
  -54.298540545200488        59.331580590064164        81.457908415853808     
  -54.267489045182337        59.332383302280896        81.459010480854005     
  -54.229317464849530        59.333374209160027        81.460370923330061     
  -54.183347815626206        59.334573602536366        81.462017602502343     
  -54.128923043321905        59.336002156608167        81.463978902586945     
  -54.065408783504395        59.337681036107995        81.466283881368028     
  -53.992195054738993        59.339631987855732        81.468962396032580     
  -53.908697885221997        59.341871146121555        81.472036598681669     
  -53.814360868515237        59.344413885344231        81.475527599342598     
  -53.708656644282300        59.347279693258564        81.479462157523514     
  -53.591088300133642        59.350488452047095        81.483867578513511     
  -53.461190690906456        59.354060565908497        81.488771892012338     
  -53.318531671880152        59.358017096157802        81.494204043464904     
  -53.162713237918076        59.362379842594670        81.500194015280911     
  -52.993372568102025        59.367171396063696        81.506772914002880     
  -52.810182985481134        59.372415302725422        81.513973218912227     
  -52.612854815321924        59.378136162957418        81.521828952461959     
  -52.401136143132234        59.384359696675219        81.530375820883350     
  -52.174813465379607        59.391112709206546        81.539651240744689     
  -51.933712231623403        59.398422949514305        81.549694248295367     
  -51.677697300640311        59.406319105994491        81.560545638732634     
  -51.406673284598085        59.414830657067860        81.572247960585358     
  -51.120584762085869        59.423987375776335        81.584845106759261     
  -50.819416393127518        59.433818815543063        81.598381973496942     
  -50.503192965548614        59.444354060210244        81.612904604525298     
  -50.171979285162365        59.455620844878204        81.628459631146271     
  -49.825879957518524        59.467644482527064        81.645093655399862     
  -49.465039132681405        59.480447232758344        81.662853518476354     
  -49.089640055262961        59.494046593919094        81.681785461706752     
  -48.699904571002733        59.508453944427281        81.701935037190864     
  -48.296092538481034        59.523673496883070        81.723346955564693     
  -47.878501056657647        59.539700957031336        81.746063666955109     
  -47.447463710627694        59.556523688084049        81.770125094329941     
  -47.003349580726599        59.574120177521536        81.795566438119806     
  -46.546562287610122        59.592461079478923        81.822417336575128     
  -46.077538833326855        59.611509514516499        81.850699534815917     
  -45.596748461722335        59.631222423046673        81.880425890256404     
  -45.104691357921816        59.651551088749819        81.911598402426179     
  -44.601897358149607        59.672442434913442        81.944207613597627     
  -44.088924526598888        59.693839433398686        81.978231196772313     
  -43.566357741282772        59.715681991250115        82.013634115765967     
  -43.034807179332809        59.737908977717389        82.050371396096992     
  -42.494906792988679        59.760461705405554        82.088393043453593     
  -41.947312703528624        59.783279956788697        82.127638663160397     
  -41.392701582642822        59.806301601004442        82.168037034897210     
  -40.831768949252499        59.829462932063748        82.209506729697338     
  -40.265227482796561        59.852698907216720        82.251956661753908     
  -39.693805239872368        59.875943659648257        82.295287097169179     
  -39.118243867608655        59.899130855175194        82.339390532196958     
  -38.539296801864637        59.922194206140887        82.384152870795688     
  -37.957727347785138        59.945067937266479        82.429454613606310     
  -37.374306840009574        59.967687287536684        82.475172167750870     
  -36.789812685120623        59.989989024758913        82.521179234290983     
  -36.205026361897318        60.011911863323988        82.567348109343484     
  -35.620731504439398        60.033397068855713        82.613551180863865     
  -35.037711795595314        60.054388968662188        82.659662068742179     
  -34.456748928779689        60.074835542817311        82.705556794882057     
  -33.878620587041830        60.094689080651271        82.751115051046128     
  -33.304098242955035        60.113906465346176        82.796220966216495     
  -32.733945132239114        60.132449692559192        82.840764204154382     
  -32.168914126411003        60.150286207209454        82.884640811904362     
  -31.609745552168100        60.167388952030372        82.927753675196811     
  -31.057165206358459        60.183736749504163        82.970013428924801     
  -30.511882155757647        60.199314087482485        83.011338539577665     
  -29.974586744225459        60.214111187541000        83.051655771784183     
  -29.445948588087887        60.228123944327351        83.090900461146646     
  -28.926614523657999        60.241353441802673        83.129016193457218     
  -28.417206819251625        60.253806061325392        83.165955280501379     
  -27.918321186004516        60.265492679693921        83.201677961870828     
  -27.430525135548670        60.276428694944919        83.236152733489078     
  -26.954356178748618        60.286633197008399        83.269355494677825     
  -26.490320311603991        60.296128771839768        83.301269561711749     
  -26.038890441868432        60.304940752221697        83.331884873946962     
  -25.600505045273856        60.313096926093358        83.361197794312019     
  -25.175566813353672        60.320626800545654        83.389210249739577     
  -24.764441531023966        60.327561406800776        83.415929582916561     
  -24.367456940031452        60.333932472477890        83.441367487265055     
  -23.984901863625261        60.339772482364282        83.465540136889018     
  -23.617025302488429        60.345113735981094        83.488466894377098     
  -23.264035781145530        60.349988497535414        83.510170499106920     
  -22.926100732291911        60.354428370809394        83.530676158175353     
  -22.603346029818784        60.358464053597039        83.550011136925050     
  -22.295855671715074        60.362125407018027        83.568204767827027     
  -22.003671535746154        60.365440904240579        83.585287583616719     
  -21.726793288668073        60.368437647785278        83.601291224711545     
  -21.465178417149659        60.371141427401881        83.616248395063081     
  -21.218742362207962        60.373576417841299        83.630192311561615     
  -20.987358780684751        60.375765185316673        83.643156572152435     
  -20.770859924026663        60.377728841732903        83.655175226739544     
  -20.569037129933633        60.379486992594472        83.666282566928359     
  -20.381641426125604        60.381057715804182        83.676512964302944     
  -20.208384244470050        60.382457643288546        83.685900858467505     
  -20.048938242727250        60.383702074313440        83.694480796744060     
  -19.902938231273659        60.384805089568331        83.702287483102410     
  -19.769982201812716        60.385779553367499        83.709355679722862     
  -19.649632455251261        60.386637198315363        83.715720230105745     
  -19.541416825333918        60.387388724926140        83.721416109403293     
  -19.444829994462665        60.388043898428627        83.726478476111367     
  -19.359334897926889        60.388611642591087        83.730942723480837     
  -19.284364212539089        60.389100163313024        83.734844574779274     
  -19.219321925950940        60.389530740898586        83.738239224451405     
  -19.163584980095589        60.389914494087840        83.741168887455586     
  -19.116504987568167        60.390249279609286        83.743658400654411     
  -19.077410014595010        60.390534692624541        83.745736044036519     
  -19.045606424500633        60.390771837038947        83.747433139982761     
  -19.020380777559865        60.390963100536567        83.748783656936013     
  -19.001001781932612        60.391111938315042        83.749823823121574     
  -18.986722290242625        60.391222669194043        83.750591755628008     
  -18.976781336242727        60.391300287443684        83.751127109747458     
  -18.970406205906176        60.391350293323335        83.751470752999452     
  -18.966814537201287        60.391378544941240        83.751664467740909     
  -18.965216442742275        60.391391133641172        83.751750685702618     
  -12.868816649466563        60.439414419890866        84.080654375327072     
  -11.344816649466562        60.451419454128491        84.162874905473501     
  -9.8208166494665630        60.463424488366115        84.245095435619930     
  -8.2968166494665621        60.475429522603740        84.327315965766360     
