     -15.5666287677849287       84.4753115373354291      115.3147313492289783
     -15.5676714391655668       84.4887587072350357      115.3048948547448305
     -15.5700325206022718       84.5053102583930382      115.2928003629597953
     -15.5745033255509480       84.5253036518430747      115.2782102450343586
     -15.5818187762388156       84.5480231793356722      115.2616577790385435
     -15.5927108746646805       84.5728436749753030      115.2436102851616084
     -15.6079023169724849       84.5991414189216187      115.2245345212680689
     -15.6281018022028224       84.6262394193469163      115.2049369621201151
     -15.6540000006663806       84.6533656531825613      115.1853946322998468
     -15.6862655644465416       84.6796114388617269      115.1665858730259799
     -15.7255406897370822       84.7038797351743256      115.1493285036664815
     -15.7724355893451023       84.7248100454761186      115.1346351158727401
     -15.8275207084483114       84.7406557909021529      115.1238031439043539
     -15.8913141113787866       84.7490610772587871      115.1185785246752999
     -15.9645414038937048       84.7524374488166217      115.1171998686445477
     -16.0480519268283359       84.7562745329401395      115.1156398234388121
     -16.1424021850389892       84.7606108893044450      115.1138794977185000
     -16.2481188644601673       84.7654710393943134      115.1119101764551544
     -16.3656980235216594       84.7708780843831278      115.1097240755245679
     -16.4956037462093086       84.7768536185305095      115.1073144489871112
     -16.6382668784205592       84.7834176423811954      115.1046757058172716
     -16.7940838522711822       84.7905884501474105      115.1018035003547055
     -16.9634156013153827       84.7983824954181244      115.0986948009675501
     -17.1465865652316154       84.8068143246175055      115.0953480569637151
     -17.3438837909416996       84.8158964879324913      115.0917633395818171
     -17.5555561316197988       84.8256394467511399      115.0879424810468805
     -17.7818135474065322       84.8360514576416307      115.0838891823725731
     -18.0228265104835046       84.8471384248814360      115.0796090764876993
     -18.2787255071471400       84.8589038476076496      115.0751099146718843
     -18.5496006504352771       84.8713487417426364      115.0704017110038961
     -18.8355014185393053       84.8844715072062570      115.0654968089339008
     -19.1364364976516583       84.8982678024176352      115.0604099552579811
     -19.4523737208077030       84.9127305065947979      115.0551584800146685
     -19.7832401280494778       84.9278495908794611      115.0497623337494701
     -20.1289221418085376       84.9436119759128019      115.0442440829770305
     -20.4892658437118591       84.9600015255810206      115.0386290619062777
     -20.8640773834588913       84.9769987587542630      115.0329451092009805
     -21.2531234925322821       84.9945807625213376      115.0272225399028514
     -21.6561321055853284       85.0127212610494212      115.0214942851397666
     -22.0727931107857280       85.0313904287043698      115.0157956380687807
     -22.5027591942894070       85.0505549946025781      115.0101643421003530
     -22.9456468142161931       85.0701780706738333      115.0046402486929082
     -23.4010372665600208       85.0902192782414630      114.9992653187710232
     -23.8684778707244263       85.1106346782389664      114.9940832950477159
     -24.3474832465927840       85.1313769191485648      114.9891396024005985
     -24.8375366997597204       85.1523952714843091      114.9844810264851134
     -25.3380916714378799       85.1736358172283730      114.9801555259574855
     -25.8485732182779522       85.1950415013570392      114.9762117407548061
     -26.3683795898638031       85.2165524685772624      114.9726987556858262
     -26.8968839191254219       85.2381062422647204      114.9696655542261254
     -27.4334359726060661       85.2596382084477256      114.9671607968668070
     -27.9773639737867583       85.2810819855704523      114.9652323642664129
     -28.5279764841582057       85.3023698357070828      114.9639268833490604
     -29.0845643370098728       85.3234331416386169      114.9632892789233409
     -29.6464026192432790       85.3442028743193788      114.9633622604229544
     -30.2127526894196841       85.3646101818946050      114.9641859333479914
     -30.7828642326626678       85.3845869055753468      114.9657972872267067
     -31.3559773426148745       85.4040660763407544      114.9682296482364450
     -31.9313246183546333       85.4229825507489835      114.9715123257112595
     -32.5081332712397284       85.4412736822537084      114.9756703296116314
     -33.0856272367927744       85.4588800291625859      114.9807241774987290
     -33.6630293383700945       85.4757459022517878      114.9866895506923470
     -34.2395639434450914       85.4918195134501104      114.9935766550954526
     -34.8144596159820878       85.5070533487681246      115.0013903430842390
     -35.3869512675146396       85.5214043886782775      115.0101302419086977
     -35.9562822146534842       85.5348342350605151      115.0197908421268522
     -36.5217061822888738       85.5473092091697254      115.0303616285168715
     -37.0824892486533741       85.5588004083172109      115.0418272368762729
     -37.6379117372446927       85.5692837332354799      115.0541676537654041
     -38.1872700559512808       85.5787398627034293      115.0673584303479373
     -38.7298784925399033       85.5871542116007333      115.0813709642937397
     -39.2650709839158907       85.5945168354174086      115.0961728095938810
     -39.7922028778593457       85.6008222914057058      115.1117280443595092
     -40.3106521864196310       85.6060194554349323      115.1280347258396972
     -40.8198189041914574       85.6097033115998016      115.1453541248431662
     -41.3191315150753837       85.6113593013259759      115.1640293342421586
     -41.8080487324968075       85.6105429070183988      115.1843518333471792
     -42.2860560189484929       85.6068826856074736      115.2065591255990284
     -42.7526639924074985       85.6000819277944061      115.2308334689381581
     -43.2074072976288761       85.5899194835168942      115.2573013043419223
     -43.6498437343493961       85.5762496828262158      115.2860332977808042
     -44.0795541596839655       85.5590012782386822      115.3170449578381067
     -44.4961437011707801       85.5381756559188915      115.3502983865383129
     -44.8992445525490211       85.5138438621064410      115.3857048940089811
     -45.2885200370592003       85.4861423564825742      115.4231286440850397
     -45.6636690783994155       85.4552677384750154      115.4623916783599924
     -46.0244304148906807       85.4214700809587555      115.5032794926230792
     -46.3705867397475586       85.3850447042936906      115.5455465990497004
     -46.7019658310863903       85.3463235737016106      115.5889228398973501
     -47.0184398083201813       85.3056670878567473      115.6331200479069850
     -47.3199244943027253       85.2634560517494862      115.6778383529759537
     -47.6063788910679691       85.2200838663424918      115.7227720688979957
     -47.8778047025633811       85.1759491323514624      115.7676152989805587
     -48.1342458667408764       85.1314486791768843      115.8120671397865209
     -48.3757880697663580       85.0869711093239829      115.8558364743439455
     -48.6025582296385110       85.0428908520799496      115.8986462274882854
     -48.8147239301674389       84.9995628433826198      115.9402371415224309
     -49.0124927954268514       84.9573178601927737      115.9803710318622620
     -49.1961117995029866       84.9164584911241036      116.0188334427407995
     -49.3658664939827148       84.8772559535654239      116.0554359604106338
     -49.5220801595614901       84.8399475637256870      116.0900179160561976
     -49.6651128774349075       84.8047348655556164      116.1224475073423292
     -49.7953605156112928       84.7717824440776724      116.1526224186482210
     -49.9132536280713026       84.7412174072350268      116.1804699860728789
     -50.0192562682965942       84.7131294727452229      116.2059469083637708
     -50.1138647195625637       84.6875715890015073      116.2290385123192635
     -50.1976061391653019       84.6645611019277595      116.2497577098316555
     -50.2710371211476428       84.6424406475580469      116.2693380943497345
     -50.3347421810028379       84.6193569174871101      116.2891553080458067
     -50.3893321658053068       84.5957045973460566      116.3089491222199996
     -50.4354425939635220       84.5718469884136113      116.3284840798752384
     -50.4737319289842432       84.5481146345997701      116.3475503313457011
     -50.5048797918670545       84.5248115877088395      116.3659589020393952
     -50.5295851170536494       84.5022214368240441      116.3835371315927034
     -50.5485642570265057       84.4806138274345813      116.4001237606084516
     -50.5625490407976983       84.4602524470235352      116.4155629591195549
     -50.5722847916519171       84.4414060942993103      116.4296961267583299
     -50.5785283096092968       84.4243659801837651      116.4423491852496255
     -50.5820458241563955       84.4094761826991942      116.4533103492460242
     -50.5836109228575097       84.3971914432919448      116.4622880972635812
     -50.5840024615059107       84.3872215097719618      116.4695309903926557
     -50.5836109228575097       84.3772332894527608      116.4767486444524422
     -50.5820458241563955       84.3648754553424709      116.4856255086438921
     -50.5785283096092968       84.3498213981606710      116.4963599647388435
     -50.5722847916519100       84.3324897896230112      116.5086107085428608
     -50.5625490407976628       84.3131890602227969      116.5221167547122860
     -50.5485642570262073       84.2921753410595613      116.5366556085129588
     -50.5295851170515746       84.2696830738815947      116.5520212507976794
     -50.5048797918558989       84.2459424756979445      116.5680116563290483
     -50.4737319289348960       84.2211907787630452      116.5844208296164055
     -50.4354425937764717       84.1956803925643555      116.6010330768322376
     -50.3893321651806758       84.1696856033859149      116.6176183415562804
     -50.3347421791272538       84.1435087864538218      116.6339278960936809
     -50.2710371160043579       84.1174868544927250      116.6496898620019209
     -50.1976061261276598       84.0919900361624286      116.6646102543151926
     -50.1138646884899543       84.0651338183841261      116.6800216442237144
     -50.0192561978027186       84.0352297086465967      116.6971146557527135
     -49.9132534750763526       84.0022708468006130      116.7158687786359081
     -49.7953601966537391       83.9662876816087049      116.7362382594243684
     -49.6651122365027575       83.9273493302197835      116.7581513134357891
     -49.5220789145023943       83.8855644779304299      116.7815097566755611
     -49.3658641499026771       83.8410816934617600      116.8061890022078444
     -49.1961075127261296       83.7940891321890575      116.8320384836459453
     -49.0124851653593296       83.7448136101758109      116.8588825628604724
     -48.8147106886004067       83.6935190053798692      116.8865219187279934
     -48.6025357874703516       83.6405039247814130      116.9147353624902621
     -48.3757508696669021       83.5860986209128640      116.9432820582335921
     -48.1341854767501758       83.5306613638517348      116.9719044069895375
     -47.8777085697601663       83.4745741049171528      117.0003313031007224
     -47.6062286557966274       83.4182375221490986      117.0282817906014685
     -47.3196937431359430       83.3620655200379161      117.0554690866895982
     -47.0180911162864632       83.3064791971789163      117.0816048193046868
     -46.7014469076307535       83.2519004428953764      117.1064034936699159
     -46.3698254428417016       83.1987452540715253      117.1295870643441361
     -46.0233283235703112       83.1474169634499845      117.1508895859295905
     -45.6620931973700905       83.0982994076511261      117.1700616355993390
     -45.2862922262910530       83.0517502476961482      117.1868744042911459
     -44.8961321822357107       83.0080949677305711      117.2011240939957730
     -44.4918572811880111       82.9676210723836647      117.2126368881659886
     -44.0737519176637917       82.9305714413112298      117.2212733287413471
     -43.6421434381062809       82.8971372687455528      117.2269325139851901
     -43.1974042376379614       82.8674511463884045      117.2295567298445889
     -42.7399523686471454       82.8415802498249150      117.2291359397810737
     -42.2702503614776148       82.8195199564681559      117.2257118168378867
     -41.7888025295434886       82.8011885640369343      117.2193814592777414
     -41.2961513393095601       82.7864230905179710      117.2103001275959997
     -40.7928733794124057       82.7749764223599982      117.1986829783262749
     -40.2795747170342082       82.7665160015057495      117.1848057761188784
     -39.7568842565581591       82.7606253183603116      117.1690035972586514
     -39.2254522190591999       82.7569866482246823      117.1515417151321543
     -38.6859532622075477       82.7556298278690008      117.1324398617771578
     -38.1390822901325208       82.7566185390538180      117.1116934997319561
     -37.5855520783150183       82.7599992759066367      117.0893096817477215
     -37.0260913189176790       82.7658012307907569      117.0653068635707115
     -36.4614425774421846       82.7740363648254203      117.0397146301881861
     -35.8923602000363715       82.7846996399280783      117.0125732921800079
     -35.3196081956517531       82.7977694548234666      116.9839334148208678
     -34.7439581103947575       82.8132082319391714      116.9538552177208288
     -34.1661869129860136       82.8309631636269756      116.9224078780295457
     -33.5870748986826158       82.8509671139816959      116.8896687596059820
     -33.0074036217593445       82.8731396392095974      116.8557225488102631
     -32.4279539147792448       82.8973880448285172      116.8206602268751340
     -31.8495043972466618       82.9236084937629272      116.7845781070123934
     -31.2728299510686121       82.9516873639556991      116.7475774738787351
     -30.6986997419570038       82.9815022625115546      116.7097637605135247
     -30.1278752220681234       83.0129230128804636      116.6712456054607259
     -29.5611081652035281       83.0458126779620756      116.6321339021379515
     -28.9991387311593130       83.0800287283279175      116.5925410206999970
     -28.4426935669851382       83.1154242609562317      116.5525800951943012
     -27.8924839496266159       83.1518492136067806      116.5123643241848725
     -27.3492039760731629       83.1891514856909708      116.4720061841631775
     -26.8135287994788136       83.2271780831325145      116.4316167433307925
     -26.2861129144453614       83.2657762506692052      116.3913050450958480
     -25.7675884988058428       83.3047945165547503      116.3511774750978276
     -25.2585638088459348       83.3440837139237942      116.3113372184089371
     -24.7596216416363823       83.3834977962595616      116.2718835664177846
     -24.2713178490560999       83.4228948097677403      116.2329115918394251
     -23.7941798993611648       83.4621376373997776      116.1945116544462593
     -23.3287054738267123       83.5010948317364523      116.1567691554212871
     -22.8753612075073960       83.5396412557949049      116.1197641779987748
     -22.4345815191017195       83.5776586632739082      116.0835712360616014
     -22.0067675161699547       83.6150361447694053      116.0482590303390822
     -21.5922859708109094       83.6516705585460727      116.0138903724914741
     -21.1914683807668034       83.6874667515633917      115.9805220002443633
     -20.8046101000498780       83.7223378837129246      115.9482047085684826
     -20.4319695698422201       83.7562054173535842      115.9169831783671327
     -20.0737676181956459       83.7889993035066141      115.8868962264739366
     -19.7301868697899963       83.8206577647286366      115.8579766318813569
     -19.4013712348018821       83.8511272936068792      115.8302513803225793
     -19.0874254918485136       83.8803626456882085      115.8037420046915713
     -18.7884149840617383       83.9083265462953420      115.7784646183498438
     -18.5043654012749457       83.9349895095846676      115.7544301764925478
     -18.2352626705406422       83.9603295655012261      115.7316446680099489
     -17.9810529581423637       83.9843318879467944      115.7101092146047989
     -17.7416427738928917       84.0069885091110820      115.6898203213918492
     -17.5168991880732783       84.0282979974610384      115.6707701039596543
     -17.3066501467317906       84.0482650819279087      115.6529464500095514
     -17.1106848924208066       84.0669002676794719      115.6363331627790814
     -16.9287544850057152       84.0842195505005350      115.6209102256753596
     -16.7605724319937792       84.1002440919349539      115.6066539925338645
     -16.6058154241634632       84.1149998939891077      115.5935373527489531
     -16.4641241739584068       84.1285174796668400      115.5815298771803015
     -16.3351043544404568       84.1408315787424783      115.5705979427363985
     -16.2183276321346312       84.1519809027571313      115.5607049510593072
     -16.1133327965152411       84.1620078941102321      115.5518114844436894
     -16.0196269816853984       84.1709584767475008      115.5438754393152720
     -15.9366869762403454       84.1788818218087584      115.5368521589815458
     -15.8639612358362978       84.1858428753820505      115.5306852855983237
     -15.8011358776192274       84.1973782014809160      115.5213344302137415
     -15.7477212369156501       84.2159344866176554      115.5070055655495480
     -15.7029713282478731       84.2391746696853687      115.4893864406563324
     -15.6661471659401617       84.2653752075919869      115.4697190409611096
     -15.6365076725362311       84.2932023174218870      115.4489627640957536
     -15.6133055294338572       84.3215888385877577      115.4278840318244761
     -15.5957853877994168       84.3496586455003978      115.4071111593424206
     -15.5831832628852620       84.3766744818682497      115.3871721351890045
     -15.5747264598155226       84.4019959000739419      115.3685250548044223
     -15.5696335300631965       84.4250371045021666      115.3515886743271608
     -15.5671136304421687       84.4452118765667024      115.3367824702982887
     -15.5663642389969503       84.4618441659199704      115.3245918799596552
     -15.5666287677849287       84.4753115373354291      115.3147313492289783
