     -18.9648166494665631       60.3913942847017040       83.7517722572056726
     -18.9647857845961347       60.4053157201815125       83.7417337904643517
     -18.9658529074539075       60.4224711787122075       83.7292974233757121
     -18.9688018530802012       60.4432242602352403       83.7141542324216914
     -18.9744447838129595       60.4668486452576701       83.6967798356221664
     -18.9835834531546297       60.4927114772336552       83.6775834053799201
     -18.9970099393673841       60.5201811358708426       83.6569743687496299
     -19.0155063021544422       60.5485705944839765       83.6354035622674985
     -19.0398438535338208       60.5770942015508425       83.6133947786408385
     -19.0707824589134560       60.6048246192222706       83.5915762452044504
     -19.1090702003523667       60.6306393658316694       83.5707196215408743
     -19.1554438334322867       60.6531431912768539       83.5517964196256884
     -19.2106308147643148       60.6705413358454209       83.5360697940044332
     -19.2753546022978703       60.6804088030600823       83.5252611806812268
     -19.3501605238479577       60.6852479218129801       83.5175202747839762
     -19.4354682240090533       60.6907402481556986       83.5086889178749345
     -19.5318434046000355       60.6969305926626745       83.4986930941618084
     -19.6398220001974408       60.7038475572477410       83.4874702445049905
     -19.7599082931305610       60.7115164100085565       83.4749598179556500
     -19.8925735216553186       60.7199588179972594       83.4611033437377898
     -20.0382545781444783       60.7291925693968437       83.4458445086202261
     -20.1973528010241985       60.7392312847463032       83.4291292417411796
     -20.3702328639886225       60.7500841309985944       83.4109058275739557
     -20.5572217658961520       60.7617556137158132       83.3911251510951814
     -20.7586079241686612       60.7742452574493015       83.3697408138075673
     -20.9746403746218100       60.7875472671310817       83.3467092466746777
     -21.2055280802914119       60.8016502195451665       83.3219898843432816
     -21.4514393517731001       60.8165368449036237       83.2955454783874814
     -21.7125013807050777       60.8321838630446479       83.2673424947523557
     -21.9887998846694259       60.8485615976678531       83.2373512091775467
     -22.2803788601670334       60.8656337335596049       83.2055459878290264
     -22.5872404643293372       60.8833573991130876       83.1719059868062089
     -22.9093450039522573       60.9016829320004689       83.1364153845381537
     -23.2466110409405751       60.9205536476691876       83.0990635744062018
     -23.5989156486842511       60.9399062257878512       83.0598461428874231
     -23.9660947397712931       60.9596705422245790       83.0187650180847356
     -24.3479435302494025       60.9797697561176761       82.9758288803195114
     -24.7442171564080020       61.0001209209271096       82.9310541843534850
     -25.1546313145850000       61.0206347885434965       82.8844649672656857
     -25.5788631449851174       61.0412167700451036       82.8360941004069105
     -26.0165520859609600       61.0617669975581592       82.7859831764637022
     -26.4673009648404403       61.0821812301852418       82.7341833895701768
     -26.9306770883035362       61.1023513213643312       82.6807556562074808
     -27.4062135252609842       61.1221661410620101       82.6257711815090090
     -27.8934104046926947       61.1415122780485945       82.5693115507265958
     -28.3917363998548460       61.1602751093102839       82.5114691376564480
     -28.9006301948424316       61.1783395295655552       82.4523468767074661
     -29.4195022456458695       61.1955912548317116       82.3920586599643059
     -29.9477363840529449       61.2119174194684632       82.3307286521062451
     -30.4846917404967428       61.2272080322531167       82.2684916219123181
     -31.0297044512661948       61.2413565422596591       82.2054919402148556
     -31.5820896610569584       61.2542611380347921       82.1418834433848843
     -32.1411434315726439       61.2658255402487981       82.0778285104652099
     -32.7061446861052474       61.2759598209682395       82.0134970902186922
     -33.2763573316229682       61.2845814519181786       81.9490659682763010
     -33.8510321739422011       61.2916157852554448       81.8847172297969621
     -34.4294090565845465       61.2969969251136533       81.8206372243112980
     -35.0107189114536297       61.3006682226665021       81.7570150298912210
     -35.5941857490743843       61.3025826390504065       81.6940407696006048
     -36.1790288215996654       61.3027033001066286       81.6319042370492127
     -36.7644645959867162       61.3010036123509678       81.5707930149642664
     -37.3497087537903809       61.2974674451840826       81.5108907823179152
     -37.9339779285092078       61.2920893131880504       81.4523756587417154
     -38.5164912478703059       61.2848744087427448       81.3954182556881420
     -39.0964722956663948       61.2758387450550401       81.3401799519674711
     -39.6731510667167555       61.2650091002029171       81.2868111118268786
     -40.2457658460829677       61.2524229017472734       81.2354494613626912
     -40.8135651890098643       61.2381280399145496       81.1862186291297547
     -41.3758097941722909       61.2221825465035181       81.1392267851437623
     -41.9317743875753592       61.2046543234649505       81.0945656345561616
     -42.4807495987155832       61.1856206129462024       81.0523093638163488
     -43.0220437361313301       61.1651676564102615       81.0125141318100930
     -43.5549845520605601       61.1433901263448263       80.9752175443301070
     -44.0789212197722975       61.1203406103138320       80.9404761172424827
     -44.5932275051432683       61.0957214142920364       80.9085977828819125
     -45.0973001884213858       61.0691294776900477       80.8799564531563249
     -45.5905605091946384       61.0402362122740172       80.8548567707523205
     -46.0724588332521279       61.0087885335157054       80.8335322158622347
     -46.5424780755797585       60.9746084000395712       80.8161464111773142
     -47.0001366391018394       60.9375903052405832       80.8027944969449123
     -47.4449911530038051       60.8976985107310540       80.7935067197744132
     -47.8766384980502124       60.8549624315035729       80.7882518204904727
     -48.2947169459727945       60.8094722300319717       80.7869424903453819
     -48.6989060136801797       60.7613728542309417       80.7894399845021951
     -49.0889254729964080       60.7108589973173167       80.7955606219096580
     -49.4645337795299227       60.6581687400210470       80.8050807918593108
     -49.8255266180935976       60.6035782306376944       80.8177433999950523
     -50.1717352588216201       60.5473957023501654       80.8332632870616408
     -50.5030266629201989       60.4899555115137346       80.8513326255001061
     -50.8193046666965316       60.4316124107495014       80.8716270738103447
     -51.1205108389067746       60.3727347729733737       80.8938108224255217
     -51.4066251634370559       60.3136984284878181       80.9175424191779769
     -51.6776665136124578       60.2548805723008698       80.9424803608300181
     -51.9336928942528075       60.1966533966502197       80.9682877327150408
     -52.1748015552339197       60.1393784427396980       80.9946370107588223
     -52.4011289588663445       60.0834014573100745       81.0212145570169611
     -52.6128505768868067       60.0290474839363029       81.0477242939819149
     -52.8101805434740896       59.9766164413164375       81.0738907776119930
     -52.9933711962557297       59.9263795084129285       81.0994620159502659
     -53.1627124878397694       59.8785760882108349       81.1242116730536509
     -53.3185312735096844       59.8334113653263842       81.1479406556526186
     -53.4611904858490234       59.7910545177293216       81.1704781703839302
     -53.5910881980947522       59.7516375319165292       81.1916822166273988
     -53.7086565953402300       59.7152547699441527       81.2114397751685999
     -53.8143608459660001       59.6819631064767790       81.2296665270909699
     -53.9086978752831527       59.6517825621604345       81.2463061022077540
     -53.9921950505689736       59.6246974389912268       81.2613289802421832
     -54.0654087818594107       59.5990254099381076       81.2759282109192753
     -54.1289230427220573       59.5728887383821686       81.2914375792491057
     -54.1833478154264441       59.5466459189872310       81.3075502711137688
     -54.2293174647897089       59.5206237909974121       81.3239837526916460
     -54.2674890451665561       59.4951161853672588       81.3404805633151540
     -54.2985405451969214       59.4703901690309138       81.3568035399579372
     -54.3231690749818341       59.4466920545500983       81.3727312273536683
     -54.3420890005903559       59.4242539007392665       81.3880529515964923
     -54.3560300307808859       59.4033014774257282       81.4025628502034237
     -54.3657352609917766       59.3840653054576464       81.4160516880671139
     -54.3719591798494832       59.3667979078927814       81.4282941800089901
     -54.3754656434862156       59.3518041641483975       81.4390268029039106
     -54.3770258230515324       59.3394988910286258       81.4479058122114594
     -54.3774161308846615       59.3295551259595584       81.4551276021973365
     -54.3770258230515324       59.3196313108593714       81.4623767820272207
     -54.3754656434862156       59.3074057933497514       81.4713652899377223
     -54.3719591798494832       59.2925913537271683       81.4823440842406512
     -54.3657352609917766       59.2756424071812802       81.4950237860744835
     -54.3560300307809072       59.2569032923554602       81.5091950469373501
     -54.3420890005905477       59.2366658934122015       81.5246866215605337
     -54.3231690749831628       59.2152000691765679       81.5413432829937364
     -54.2985405452040624       59.1927710110974132       81.5590132917496646
     -54.2674890451981184       59.1696504191945394       81.5775403983928697
     -54.2293174649093501       59.1461246273226422       81.5967580939685035
     -54.1833478158259751       59.1225012860855017       81.6164849338908880
     -54.1289230439217590       59.0991155748341654       81.6365202259247837
     -54.0654087851493728       59.0763366622778889       81.6566395518168093
     -53.9921950589090045       59.0545665367202446       81.6765958118229634
     -53.9086978951608486       59.0319597300826686       81.6977670951555837
     -53.8143608910644744       59.0068646642116690       81.7213886715942124
     -53.7086566932243699       58.9793046165729749       81.7474845398784140
     -53.5910884021725309       58.9493393721776684       81.7760529403996230
     -53.4611908959638882       58.9170666140876804       81.8070656136407734
     -53.3185320702506260       58.8826228269892269       81.8404674312771760
     -53.1627139879963835       58.8461835969785270       81.8761763575082000
     -52.9933739399483130       58.8079632837144501       81.9140838120555088
     -52.8101854274881788       58.7682141641343989       81.9540556602124326
     -52.6128590537570346       58.7272248419785399       81.9959336109420178
     -52.4011433273981311       58.6853179360403558       82.0395370847497389
     -52.1748253755253018       58.6428469756734074       82.0846654707305419
     -51.9337315689939985       58.6001925023783912       82.1311007638757076
     -51.6777280876681715       58.5577576396881057       82.1786109166352219
     -51.4067214057591144       58.5159628856478946       82.2269535019927531
     -51.1206586852649494       58.4752399785793031       82.2758793910929995
     -50.8195281195585125       58.4360252203366386       82.3251368731835385
     -50.5033592681770216       58.3987526089067401       82.3744765835504751
     -50.1722233115031031       58.3638459874062434       82.4236559752309148
     -49.8262332969434638       58.3317107344164327       82.4724439108046568
     -49.4655444858328934       58.3027257254956481       82.5206262450934105
     -49.0903546375295221       58.2772341905208719       82.5680103015038185
     -48.7009031283252796       58.2555350346236125       82.6144300898795194
     -48.2974681309892659       58.2378747637341689       82.6597514207840334
     -47.8803636152650824       58.2244394825591058       82.7038755134197601
     -47.4499362682515837       58.2153488654370435       82.7467434688854837
     -47.0065625223513521       58.2106500498025028       82.7883383792947427
     -46.5506464996404929       58.2103137589182822       82.8286882619729283
     -46.0826188334015896       58.2142304955172776       82.8678668537696126
     -45.6029364142500313       58.2222086338193350       82.9059950097604883
     -45.1120825274222454       58.2339726998095912       82.9432403516960335
     -44.6105672111559528       58.2491634555348554       82.9798174443133263
     -44.0989278334254706       58.2673382564835336       83.0159862763021152
     -43.5777309305049982       58.2879738561554035       83.0520506872018274
     -43.0475706225342805       58.3106502990245161       83.0882286603838764
     -42.5090639872617899       58.3353027978649052       83.1244767230908508
     -41.9628510194818958       58.3619055901124497       83.1607116917646181
     -41.4095933711133526       58.3904206555053733       83.1968472846506586
     -40.8499727094951268       58.4207978242129329       83.2327948302649503
     -40.2846891195101477       58.4529749126861589       83.2684638621451114
     -39.7144594130279671       58.4868782190936045       83.3037630825114945
     -39.1400154395509219       58.5224229652953412       83.3386011124264598
     -38.5621023558589684       58.5595140035390429       83.3728874859032629
     -37.9814767670610749       58.5980465613449013       83.4065335684709055
     -37.3989049262287736       58.6379071298892711       83.4394535531837960
     -36.8151607742545295       58.6789744371668434       83.4715654536176999
     -36.2310239021949769       58.7211204265413613       83.5027919816377704
     -35.6472772598044116       58.7642114986610125       83.5330615921271118
     -35.0647046797369981       58.8081097146578813       83.5623091075931370
     -34.4840888009748312       58.8526741605209693       83.5904763654528153
     -33.9062090001414589       58.8977623760470905       83.6175128722952792
     -33.3318391542871026       58.9432314787741731       83.6433759641567036
     -32.7617455783729739       58.9889395641501437       83.6680313180900725
     -32.1966848212493630       59.0347468741701178       83.6914531133435275
     -31.6374014432792485       59.0805167660259514       83.7136239070087385
     -31.0846259614507261       59.1261169567486675       83.7345349176347611
     -30.5390725710185542       59.1714201427118454       83.7541854572429969
     -30.0014371043979686       59.2163049556135306       83.7725828914621218
     -29.4723949305299016       59.2606566338229968       83.7897422623290140
     -28.9525988524735709       59.3043673540397975       83.8056855102069562
     -28.4426772386484004       59.3473370133404927       83.8204414233463098
     -27.9432319673163327       59.3894730813392400       83.8340443730150611
     -27.4548367458363600       59.4306912488278201       83.8465342854691471
     -26.9780352691936933       59.4709150726524669       83.8579553331481691
     -26.5133396583675385       59.5100763134943023       83.8683557338533063
     -26.0612287977759074       59.5481145068852271       83.8777865714302351
     -25.6221469455625979       59.5849770821416129       83.8863014882171143
     -25.1965023121223481       59.6206188125478178       83.8939555322134680
     -24.7846659056399261       59.6550018926744414       83.9008049814796237
     -24.3869703498135060       59.6880951888381119       83.9069060942106120
     -24.0037089874792358       59.7198744225039846       83.9123152556932865
     -23.6351349562926139       59.7503212461743232       83.9170876458667578
     -23.2814605213504890       59.7794233474016536       83.9212774238076520
     -22.9428564606315675       59.8071738096183267       83.9249369318125389
     -22.6194515953082345       59.8335707080809982       83.9281162870438635
     -22.3113324832631115       59.8586170804764635       83.9308635478250409
     -22.0185431868228818       59.8823202108132975       83.9332239580558763
     -21.7410851966310688       59.9046914325259010       83.9352399546707062
     -21.4789174825262208       59.9257460099001520       83.9369513117386816
     -21.2319566441245122       59.9455026161374178       83.9383947387799623
     -21.0000771867476921       59.9639831035022723       83.9396038976301924
     -20.7831119238846611       59.9812124260164907       83.9406096396715071
     -20.5808524939711148       59.9972183714731244       83.9414399827615085
     -20.3930499882625824       60.0120313006097632       83.9421201010319180
     -20.2194156879159017       60.0256840018307898       83.9426724751938025
     -20.0596219073100173       60.0382115792300368       83.9431170848679074
     -19.9133029408919953       60.0496513611394107       83.9434716224670296
     -19.7800561104948756       60.0600426967264340       83.9437515414900730
     -19.6594429103050885       60.0694268393829844       83.9439702157065000
     -19.5509902460678013       60.0778468571895985       83.9441391246447495
     -19.4541917649162741       60.0853475487015629       83.9442680343477861
     -19.3685092720058201       60.0919753633692011       83.9443651721776973
     -19.2933738227803069       60.0977915235659665       83.9444279688773065
     -19.2280130371375684       60.1085201459517577       83.9404086548984054
     -19.1717261267588945       60.1266857968988262       83.9305413552854986
     -19.1239397747839668       60.1498591933869093       83.9165971797679191
     -19.0840375702765712       60.1762447660268194       83.8998958428685881
     -19.0513689954674454       60.2044494725270596       83.8814715013246825
     -19.0252552529652839       60.2333556065891642       83.8621637516045269
     -19.0049936244978355       60.2620427407592274       83.8426732774935175
     -18.9898611273306166       60.2897338611544242       83.8236001058760962
     -18.9791178886724943       60.3157519296296840       83.8054743838727489
     -18.9720105587321548       60.3394763264114289       83.7887872735771992
     -18.9677761669486706       60.3602859111702728       83.7740315121061059
     -18.9656471008884147       60.3774665471008234       83.7617675809408979
     -18.9648166494665631       60.3913942847017040       83.7517722572056726
