  -62.521566555790280        122.99240442916357        40.260205784234564     
  -60.997566555790279        122.99289042542607        40.260364869747242     
  -59.473566555790285        122.99337642168857        40.260523955259920     
  -57.949566555790284        122.99386241795106        40.260683040772598     
  -51.838019674868136        122.99581136082652        40.261321005712766     
  -51.825102346542081        122.99581548010033        40.261322354111584     
  -51.806547371871538        122.99582201988086        40.261324494836522     
  -51.781365788532796        122.99583207050830        40.261327784798347     
  -51.748586494783233        122.99584718307308        40.261332731728920     
  -51.707258866140052        122.99586951262894        40.261340041059057     
  -51.656455316621170        122.99590197682431        40.261350667840347     
  -51.595273797609032        122.99594842819104        40.261365873128184     
  -51.522840227553871        122.99601383859130        40.261387284321891     
  -51.438310845821583        122.99610450058627        40.261416960990871     
  -51.340874484379086        122.99622818900811        40.261457447560943     
  -51.229754751195784        122.99638035828561        40.261507254733552     
  -51.104212119295234        122.99655488277818        40.261564374363672     
  -50.963545915799486        122.99675484893898        40.261629810542097     
  -50.807096205551517        122.99698427869376        40.261704867416270     
  -50.634245564195027        122.99724841143642        40.261791236423548     
  -50.444420735233251        122.99755400555573        40.261891086479316     
  -50.237094165693961        122.99790962991698        40.262007145559956     
  -50.011785420519999        122.99832605923376        40.262142808296431     
  -49.768062468647024        122.99881667172653        40.262302232586919     
  -49.505542836826052        122.99939780228327        40.262490404819729     
  -49.223894624638739        123.00008884184473        40.262713098374768     
  -48.922837389277099        123.00091265013003        40.262976902032882     
  -48.602142891621384        123.00189592870680        40.263289191000382     
  -48.261635693581006        123.00306905097621        40.263657860595238     
  -47.901193620595159        123.00446622151462        40.264091088727078     
  -47.520748084389446        123.00612566098843        40.264597002818334     
  -47.120284252209593        123.00808891114208        40.265182922805991     
  -46.699841089723108        123.01040113960090        40.265854754242675     
  -46.259511252233011        123.01311037987587        40.266615801583043     
  -45.799440845932757        123.01626739303097        40.267465481585326     
  -45.319829053522291        123.01992522639597        40.268397535156353     
  -44.820927630601652        123.02413893748239        40.269397757698293     
  -44.303040269588934        123.02896490491250        40.270441207755077     
  -43.766521813034863        123.03446040748641        40.271490226967558     
  -43.211777305378355        123.04068244313999        40.272493465768818     
  -42.639260883169925        123.04768669800738        40.273386288193208     
  -42.049474504802866        123.05552537347985        40.274092211397836     
  -41.442966532391758        123.06424532202138        40.274525612305240     
  -40.820330177508659        123.07388591752284        40.274595024857845     
  -40.182201835790750        123.08447688961159        40.274206574770055     
  -39.529259314952874        123.09603676542224        40.273267367072634     
  -38.862219969376007        123.10857145331514        40.271688461660261     
  -38.181838755634530        123.12207316386525        40.269387363490992     
  -37.488906222094272        123.13652011217931        40.266289431052343     
  -36.784246442747353        123.15188184006701        40.262329619790727     
  -36.068714874672111        123.16812650414245        40.257454662085571     
  -35.343196138658328        123.18521253249119        40.251620195409295     
  -34.608601721739859        123.20308778773887        40.244790316682497     
  -33.865867609930554        123.22169031759512        40.236937578905057     
  -33.115951858631163        123.24094926161962        40.228042935064835     
  -32.359832104442042        123.26078595656189        40.218095629931476     
  -31.598503024101767        123.28111525157266        40.207093038684064     
  -30.832973734914262        123.30184676066766        40.195040366349843     
  -30.064265150395098        123.32288633356556        40.181950307433326     
  -29.293407294904512        123.34413761186501        40.167842633291002     
  -28.521436579115356        123.36550354612899        40.152743681356441     
  -27.749393042812706        123.38688786038416        40.136685764441758     
  -26.978317570567125        123.40819648782512        40.119706662757494     
  -26.209249077481878        123.42933880116972        40.101849378174791     
  -25.443221679122143        123.45022864995617        40.083161946399464     
  -24.681261860639395        123.47078531735751        40.063697212450641     
  -23.924385652640112        123.49093433750106        40.043512549135691     
  -23.173595823392752        123.51060812674152        40.022669508283187     
  -22.429879098629829        123.52974646133056        40.001233420194438     
  -21.694203416147463        123.54829681913554        39.979272951719828     
  -20.967515226682799        123.56621452483452        39.956859607168582     
  -20.250736853409908        123.58346271267327        39.934067181539440     
  -19.544763920438324        123.60001221543861        39.910971205465344     
  -18.850462859685901        123.61584144971644        39.887648407720853     
  -18.168668495036375        123.63093573645392        39.864176018616703     
  -17.500181725894361        123.64528673297191        39.840631135796123     
  -16.845767317952969        123.65889244501827        39.817090307285596     
  -16.206151803793997        123.67175828052292        39.793629472275846     
  -15.582021476643522        123.68389881939311        39.770324129878944     
  -14.974020492799630        123.69533513229445        39.747248082479103     
  -14.382749090157800        123.70609093501814        39.724471876451823     
  -13.808761982337343        123.71618957702633        39.702061570505862     
  -13.252566897867377        123.72565402996301        39.680078530226488     
  -12.714623241206626        123.73450724755571        39.658579393147932     
  -12.195340892339408        123.74277234892649        39.637616030126658     
  -11.695079125590624        123.75047257296568        39.617235483555994     
  -11.214145670868575        123.75763152377085        39.597480042857960     
  -10.752795910184433        123.76427310635162        39.578387262208977     
  -10.311232213818871        123.77042117168305        39.559989921045251     
  -9.8896034199724383        123.77609962365236        39.542316164286724     
  -9.4880044574448803        123.78133235660728        39.525389613323696     
  -9.1064761116811752        123.78614318106180        39.509229494854331     
  -8.7450049370090799        123.79055569213320        39.493850767026018     
  -8.4035233131127391        123.79459309889522        39.479264244986425     
  -8.0819096463244637        123.79827819988574        39.465476781853809     
  -7.7799887170821371        123.80163312855179        39.452491387684155     
  -7.4975321674864386        123.80467935044733        39.440307431162033     
  -7.2342591315154570        123.80743763590547        39.428920826243925     
  -6.9898370074649110        123.80992795973080        39.418324186329123     
  -6.7638823663556185        123.81216942532453        39.408506975606869     
  -6.5559619958056157        123.81418021175084        39.399455656313769     
  -6.3655940775123163        123.81597754219595        39.391153831157538     
  -6.1922494943803219        123.81757767544015        39.383582381686345     
  -6.0353532629053497        123.81899591146892        39.376719600557514     
  -5.8942860876879184        123.82024661485303        39.370541320148980     
  -5.7683860342642195        123.82134325614254        39.365021039295506     
  -5.6569503155020380        123.82229846600846        39.360130048505354     
  -5.5592371868617301        123.82312417190214        39.355837578024079     
  -5.4744679451903027        123.82386183309309        39.352120526846711     
  -5.4018290272462774        123.82453118880257        39.348947247432456     
  -5.3404742006895924        123.82512333997386        39.346275451203034     
  -5.2895268421169117        123.82563367610521        39.344062799516031     
  -5.2480822970611589        123.82606128876871        39.342266826788119     
  -5.2152103152844589        123.82640840365066        39.340844872877703     
  -5.1899575549672807        123.82667983947542        39.339754027255537     
  -5.1713501491953169        123.82688250169959        39.338951087223563     
  -5.1583963279598528        123.82702491828567        39.338392532197965     
  -5.1500890887170510        123.82711682418808        39.338034515827658     
  -5.1454089084003414        123.82716880042348        39.337832877466894     
  -5.1433264896478041        123.82719197276074        39.337743174249717     
  0.95319446610485148        123.89503166137177        39.075126665126973     
   2.4771944661048524        123.91199013427682        39.009478148078017     
   4.0011944661048515        123.92894860718187        38.943829631029061     
   5.5251944661048524        123.94590708008691        38.878181113980105     
