     -24.9164502034993163       91.7920241275560755       64.5771974135178795
     -24.9187534063357568       91.7997810556719998       64.5659541993223911
     -24.9224775497826414       91.8092300639478935       64.5521683476401478
     -24.9283117521502362       91.8204957904765422       64.5355954246870880
     -24.9367855690888547       91.8330930851315799       64.5168730029111401
     -24.9484358151374970       91.8465899984382474       64.4965627889193485
     -24.9637917125954587       91.8605563637400166       64.4752252828096033
     -24.9833651236256244       91.8745323019536784       64.4534656647617794
     -25.0076427142980258       91.8880042345611656       64.4319688420072225
     -25.0370781657948491       91.9003809694689551       64.4115343904802984
     -25.0720829344806582       91.9109639423222546       64.3931199271349328
     -25.1130136040075342       91.9189038893739081       64.3779040516741787
     -25.1601522803422881       91.9231299588385582       64.3673890405133022
     -25.2136722192014346       91.9222204902021645       64.3635876851922859
     -25.2744300874070049       91.9175127356975992       64.3645045042557769
     -25.3437151753499172       91.9121255526682717       64.3655550798591918
     -25.4219891188900604       91.9060263761815008       64.3667329637214181
     -25.5096871154853524       91.8991763299379016       64.3680415165483026
     -25.6072185674840220       91.8915375990862628       64.3694831951200825
     -25.7149659126741810       91.8830734599057877       64.3710595162394839
     -25.8332835209169609       91.8737483187890405       64.3727710228159111
     -25.9624966634116170       91.8635277835287951       64.3746172642860444
     -26.1029005536750880       91.8523787414682289       64.3765967700378923
     -26.2547594611080264       91.8402694332476557       64.3787070050274082
     -26.4183059048400253       91.8271695583362799       64.3809443307359004
     -26.5937399284891285       91.8130504019040501       64.3833039626646553
     -26.7812284585505864       91.7978849858194792       64.3857799255524839
     -26.9809047607132868       91.7816483122452098       64.3883650543117767
     -27.1928679787793826       91.7643175967209146       64.3910509691110633
     -27.4171827578918013       91.7458724327828889       64.3938279882221138
     -27.6538790103317673       91.7262950144025524       64.3966850908957014
     -27.9029517830234184       91.7055704462753454       64.3996099595946134
     -28.1643612199880131       91.6836871302703855       64.4025890828247611
     -28.4380325773281335       91.6606368909558853       64.4056076862467961
     -28.7238563715302497       91.6364152185055190       64.4086497635573636
     -29.0216886963972556       91.6110217590809697       64.4116983048995593
     -29.3313515906937923       91.5844605143077786       64.4147353507908775
     -29.6526335025670384       91.5567399350958055       64.4177420076548373
     -29.9852899768497068       91.5278734184853136       64.4206987887696556
     -30.3290443761547657       91.4978794422531365       64.4235857481002370
     -30.6835886967550984       91.4667815595867779       64.4263825679346951
     -31.0485846449644427       91.4346088696888160       64.4290690381866966
     -31.4236646535015574       91.4013958218169051       64.4316251261113706
     -31.8084331241140958       91.3671823252855688       64.4340313230406849
     -32.2024677902517595       91.3320138484174606       64.4362690458679594
     -32.6053210527205266       91.2959410298131644       64.4383207561545248
     -33.0165215596302204       91.2590198604458465       64.4401705203317334
     -33.4355754282323971       91.2213111972076831       64.4418040256028775
     -33.8619678516924836       91.1828808347748492       64.4432089192558948
     -34.2951646711164102       91.1437990996060421       64.4443748032970234
     -34.7346141301350499       91.1041406417703286       64.4452933614767289
     -35.1797486099773593       91.0639840731755754       64.4459583681571786
     -35.6299864280148668       91.0234115583008787       64.4463656523224131
     -36.0847336782358212       90.9825084291915971       64.4465130666259398
     -36.5433860567796032       90.9413626426227353       64.4464003323105743
     -37.0053307491376486       90.9000643300969955       64.4460289378162940
     -37.4699482617371515       90.8587051837988753       64.4454019101157201
     -37.9366143037531742       90.8173779369313223       64.4445236433477504
     -38.4047015972113712       90.7761757143760235       64.4433996278837071
     -38.8735817098525658       90.7351914668011119       64.4420362332340630
     -39.3426268130107175       90.6945173092894237       64.4404404203975787
     -39.8112115746105957       90.6542439287590156       64.4386195308947975
     -40.2787164282298207       90.6144595973557330       64.4365812714020763
     -40.7445308518527014       90.5752489461053898       64.4343343141412817
     -41.2080551112542182       90.5366916743979004       64.4318889522654672
     -41.6687017409999854       90.4988615128588947       64.4292578423556677
     -42.1258968785635304       90.4618251002743534       64.4264565730237422
     -42.5790814879973993       90.4256411826522140       64.4235043322594407
     -43.0277124592028457       90.3903597131145489       64.4204243625634518
     -43.4712636425946641       90.3560212898218396       64.4172445123264765
     -43.9092268229568177       90.3226565363133602       64.4139976091513802
     -44.3411127222975807       90.2902856949339991       64.4107218689459700
     -44.7664520910036856       90.2589183184964554       64.4074612990270623
     -45.1847953805038074       90.2285234030323977       64.4043073759288660
     -45.5957067946547383       90.1988478184353397       64.4016546911826140
     -45.9987799220453297       90.1695594183829598       64.3999978379845572
     -46.3936393227591566       90.1403539087965555       64.3997831264861844
     -46.7799267880734462       90.1109581417384788       64.4014045263983235
     -47.1572936851913553       90.0811343574645917       64.4052002601746381
     -47.5253949074794875       90.0506831172087345       64.4114487164291631
     -47.8838838799330659       90.0194466403280273       64.4203650209372256
     -48.2324100984735153       89.9873117673334662       64.4320980234027161
     -48.5706207277142283       89.9542113448298863       64.4467275514392668
     -48.8981670940713329       89.9201254334518154       64.4642639613975348
     -49.2147149336720275       89.8850798899450467       64.4846492122538564
     -49.5199559416057156       89.8491433179104604       64.5077606304999307
     -49.8136186144123627       89.8124229843270001       64.5334175363176854
     -50.0954787979008813       89.7750584164960088       64.5613895463753238
     -50.3653615036514992       89.7372146911668125       64.5914066311891730
     -50.6231375246114226       89.6990766369022197       64.6231690988299050
     -50.8687206296335646       89.6608430634349958       64.6563563604549216
     -51.1020653646381149       89.6227213104629072       64.6906348312942185
     -51.3231653063558610       89.5849227075175492       64.7256654769523720
     -51.5320516011936007       89.5476581792431574       64.7611104917638869
     -51.7287917138454105       89.5111341318488485       64.7966392189732687
     -51.9134883294851335       89.4755486949409828       64.8319333658885739
     -52.0862783787517216       89.4410885959132145       64.8666917103506648
     -52.2473321305305944       89.4079263467964154       64.9006340639649437
     -52.3968523262593848       89.3762178150836206       64.9335045453478301
     -52.5350733331694357       89.3461002211149236       64.9650742035735931
     -52.6622602939007436       89.3176905225194133       64.9951429816916004
     -52.7787082620804355       89.2910843017703684       65.0235411333737403
     -52.8847413065389205       89.2663550698856767       65.0501300686654389
     -52.9807115705819385       89.2435539064339167       65.0748026197580742
     -53.0669982815612897       89.2227094664165037       65.0974828075045764
     -53.1440067056793524       89.2038283270773604       65.1181251561464194
     -53.2121670449749473       89.1868956418732921       65.1367136067593862
     -53.2719332751307206       89.1709043381619892       65.1545900145566037
     -53.3237819244562488       89.1547304944715364       65.1732536551346158
     -53.3682107947386584       89.1385810092839677       65.1923814294700605
     -53.4057376264496639       89.1226439030482140       65.2116766305215805
     -53.4368987109816018       89.1070875015051627       65.2308699271360695
     -53.4622474529862330       89.0920641438099068       65.2497141599103827
     -53.4823528863072326       89.0777137527010154       65.2679793355599287
     -53.4977981473250495       89.0641676989668269       65.2854472352386495
     -53.5091789097132846       89.0515535412833685       65.3019048495104784
     -53.5171017847252841       89.0400016016787532       65.3171353349540311
     -53.5221826912488652       89.0296552447501313       65.3309039507961273
     -53.5250451999641186       89.0206889670270982       65.3429333856365702
     -53.5263188560206515       89.0133427118924772       65.3528570160561486
     -53.5266374847165807       89.0074144143344910       65.3609099679251955
     -53.5263188560206515       89.0015053012644870       65.3689770075598346
     -53.5250451999641186       88.9942357396896426       65.3789569564433322
     -53.5221826912488652       88.9854418714261755       65.3911129969068838
     -53.5171017847252841       88.9754016840150683       65.4051064425387523
     -53.5091789097131922       88.9643275391762245       65.4206877875244430
     -53.4977981473241471       88.9524004990800421       65.4376499735900552
     -53.4823528863010580       88.9397884533777727       65.4558037443868272
     -53.4622474529531146       88.9266564607230805       65.4749636278751552
     -53.4368987108351163       88.9131734091936039       65.4949389553099337
     -53.4057376258943535       88.8995168614750639       65.5155273735498866
     -53.3682107928841418       88.8858770425588176       65.5365095438061189
     -53.3237819188876259       88.8724605472486644       65.5576442366908765
     -53.2719332598599067       88.8594941959150901       65.5786632360713639
     -53.2121670062637122       88.8472243406920370       65.5992724122583439
     -53.1440066134155487       88.8345568924057289       65.6209929412960662
     -53.0669980722353003       88.8205129905549171       65.6451873815051812
     -52.9807111162543336       88.8051124179755647       65.6718650743001859
     -52.8847403593262584       88.7883966281719381       65.7010060967674718
     -52.7787063585858576       88.7704295991126315       65.7325602981322277
     -52.6622565959846085       88.7512984047223057       65.7664467396863870
     -52.5350663705984289       88.7311134703772382       65.8025535792233001
     -52.3968395923751231       88.7100084818656853       65.8407384322792524
     -52.2473094635299233       88.6881398709287225       65.8808291945359912
     -52.0862390379077809       88.6656859226390139       65.9226253843312406
     -51.9134216471480769       88.6428455705196967       65.9659000615590543
     -51.7286811698721394       88.6198367591282050       66.0104022202957736
     -51.5318721260378965       88.5968944246610306       66.0558596561655236
     -51.3228795716092989       88.5742680797629305       66.1019822361920717
     -51.1016187639685455       88.5522189783729345       66.1484654629635287
     -50.8680345861344705       88.5310172416976542       66.1949944967044246
     -50.6221006774661362       88.5109387530825700       66.2412483370404459
     -50.3638182184306800       88.4922618490439561       66.2869039894140428
     -50.0932142941158318       88.4752637951226149       66.3316403643015917
     -49.8103397807162551       88.4602179462213769       66.3751422803588582
     -49.5152665570163606       88.4473911662431931       66.4171038704664198
     -49.2080840639256323       88.4370413872259746       66.4572308158084866
     -48.8889010609401851       88.4294158698157986       66.4952420174533216
     -48.5578557632147394       88.4247486408373931       66.5308720491384804
     -48.2151256321614738       88.4232558654448866       66.5638745773024851
     -47.8609373971357499       88.4251305197737878       66.5940278686963723
     -47.4955752171819370       88.4305358601651790       66.6211421207140262
     -47.1193844683804386       88.4395971887400663       66.6450675627816622
     -46.7327704456823483       88.4523946846638864       66.6657041028869912
     -46.3361927021262900       88.4689558508369629       66.6830099816110362
     -45.9301568215216065       88.4892494394690061       66.6970096943888535
     -45.5152052036234096       88.5131810077589591       66.7078006089572710
     -45.0919061718590442       88.5405893935467390       66.7155572078092263
     -44.6608374332908227       88.5712477465583987       66.7205324678292726
     -44.2225850468927604       88.6049729010487113       66.7229114414768532
     -43.7777565298362674       88.6417751424932874       66.7226120733446209
     -43.3269721712348144       88.6816696095617232       66.7195350651941936
     -42.8708619542365241       88.7246465083274813       66.7136048515815219
     -42.4100638011625719       88.7706711258475849       66.7047691002182006
     -41.9452217009998662       88.8196849562978628       66.6929986389376808
     -41.4769837807087569       88.8716063669391758       66.6782866035706689
     -41.0060003927800736       88.9263322117904380       66.6606478666054443
     -40.5329222816725476       88.9837390846687128       66.6401177831434808
     -40.0583988145571084       89.0436853613089454       66.6167511498375404
     -39.5830763686197287       89.1060129235715408       66.5906205892664218
     -39.1075967829483346       89.1705495016356053       66.5618151111215184
     -38.6325961507654583       89.2371107118705851       66.5304382443154623
     -38.1587049911344565       89.3055021914638019       66.4966065767939369
     -37.6865484214362425       89.3755210999509018       66.4604485788854618
     -37.2167447643208646       89.4469578528623970       66.4221036873291695
     -36.7499041836802078       89.5195977476115985       66.3817212294926833
     -36.2866272222461888       89.5932226450076854       66.3394593355677245
     -35.8275035315424901       89.6676126291140747       66.2954838042402770
     -35.3731104793124658       89.7425475538157400       66.2499668768227536
     -34.9240119677271252       89.8178086636939526       66.2030860807132342
     -34.4807571011767919       89.8931799383984895       66.1550229041251896
     -34.0438790906001003       89.9684496244953067       66.1059616647466157
     -33.6138939726787243       90.0434113141065211       66.0560881189637712
     -33.1912995967053632       90.1178653482670313       66.0055884017531156
     -32.7765743992553382       90.1916196081413233       65.9546476244768201
     -32.3701764566092507       90.2644907400872967       65.9034489124548202
     -31.9725423437212228       90.3363047034031155       65.8521720797253494
     -31.5840861300363329       90.4068976906359296       65.8009926917123238
     -31.2051982323631449       90.4761166743948877       65.7500809081137874
     -30.8362445131284844       90.5438198683282138       65.6996004119225887
     -30.4775655707574131       90.6098773285810637       65.6497076547150158
     -30.1294758722356590       90.6741708643414910       65.6005508134954027
     -29.7922631135991445       90.7365944803415800       65.5522693422499430
     -29.4661874741204883       90.7970542283916160       65.5049932959950070
     -29.1514809173635712       90.8554680087706998       65.4588428104976714
     -28.8483466415769492       90.9117656813461394       65.4139279840126591
     -28.5569584319883703       90.9658885446997232       65.3703484676506150
     -28.2774601256883749       91.0177889966060860       65.3281933362514451
     -28.0099651905388995       91.0674303809259271       65.2875412251950848
     -27.7545562683925127       91.1147863665693620       65.2484602459802829
     -27.5112848170759854       91.1598404330707837       65.2110080765257720
     -27.2801708656198656       91.2025855253148876       65.1752322526335348
     -27.0612028212696814       91.2430235714030573       65.1411704242073171
     -26.8543373298280024       91.2811648544628156       65.1088505543113172
     -26.6594992716345978       91.3170275292359577       65.0782912623053562
     -26.4765818653406448       91.3506371774598591       65.0495022340840734
     -26.3054468234650436       91.3820263732591229       65.0224846445337334
     -26.1459245737566945       91.4112341478740547       64.9972314940820155
     -25.9978145924232074       91.4383055653531045       64.9737280028539175
     -25.8608858367420460       91.4632913406572641       64.9519520076817685
     -25.7348772735291078       91.4862474862304822       64.9318743480391873
     -25.6194985036759348       91.5072349990822431       64.9134592472022689
     -25.5144304770616372       91.5263195638686966       64.8966646707040979
     -25.4193262934010384       91.5435712576703651       64.8814426531446742
     -25.3338120938828943       91.5590643051093593       64.8677396306551941
     -25.2574880369636574       91.5728768560306747       64.8554967635183601
     -25.1899293547314933       91.5850907791251814       64.8446502495676782
     -25.1306893614487699       91.5957988707172319       64.8351209951130016
     -25.0801032077942452       91.6082727262670460       64.8222624383318760
     -25.0380301535248684       91.6239904252982456       64.8040012003526442
     -25.0036055078398185       91.6416536744561370       64.7822531481284898
     -24.9760357806160442       91.6603223234274651       64.7584219970945156
     -24.9545672534793255       91.6792844128418665       64.7335861756180577
     -24.9384694096830231       91.6979845557055171       64.7086015600500417
     -24.9270254036384671       91.7159798875077712       64.6841644758013246
     -24.9195260121732183       91.7329095975794644       64.6608551499099207
     -24.9152651017179529       91.7484703232508707       64.6391727560651361
     -24.9135351040173560       91.7623914945178996       64.6195705899269797
     -24.9136206063639776       91.7744031985526618       64.6025021105597261
     -24.9147868957529823       91.7841841539306103       64.5884957822707264
     -24.9164502034993163       91.7920241275560755       64.5771974135178795
