     -25.4088408206664340       86.3155570213826877       64.2601066430183039
     -25.4077076119917606       86.3238376274296115       64.2490966921193944
     -25.4071960900037404       86.3340584798724677       64.2354134455218428
     -25.4079049491044806       86.3464476261063396       64.2186872703029650
     -25.4105423580369383       86.3605851909508289       64.1994078879005343
     -25.4158007218711219       86.3761067318915821       64.1779923697847465
     -25.4243646209458589       86.3926484093271227       64.1548581721180255
     -25.4369150558766570       86.4098133167600793       64.1304681716960943
     -25.4541323163703872       86.4271458009857270       64.1053651602805559
     -25.4766988632334126       86.4441058885719826       64.0802062485903861
     -25.5053033295701823       86.4600375494070761       64.0558054936012411
     -25.5406470830689045       86.4741226175152065       64.0331956004169172
     -25.5834559580492957       86.4853055499055330       64.0137283619899762
     -25.6345028888330262       86.4921564315044975       63.9992570853254534
     -25.6940247517189881       86.4961698880550500       63.9877359609387497
     -25.7619038122773674       86.5007264366440012       63.9746015140109918
     -25.8385891632785061       86.5058593872563080       63.9597531893729823
     -25.9245073055576647       86.5115916215541176       63.9431049776237117
     -26.0200596211408808       86.5179431938430668       63.9245752634770241
     -26.1256212956432066       86.5249311357342208       63.9040870820734028
     -26.2415403190785774       86.5325692595377944       63.8815683922412418
     -26.3681365680527371       86.5408679586747951       63.8569523695302976
     -26.5057009722699526       86.5498340048440156       63.8301777220228033
     -26.6544947681145281       86.5594703421178906       63.8011890310691854
     -26.8147488434423913       86.5697758882387376       63.7699371252048692
     -26.9866631832424524       86.5807453889899392       63.7363795202761807
     -27.1704063968070457       86.5923692018033222       63.7004808323299514
     -27.3661153389765524       86.6046330789345973       63.6622132115930981
     -27.5738948298664326       86.6175179762371670       63.6215568115973156
     -27.7938174684245070       86.6309998985117886       63.5785002947185234
     -28.0259235331975809       86.6450498854104012       63.5330414335368374
     -28.2702209440256702       86.6596338295060775       63.4851875565852097
     -28.5266853288656854       86.6747123337565881       63.4349559892131438
     -28.7952602004555303       86.6902407178786802       63.3823745623814858
     -29.0758572490738132       86.7061692183619073       63.3274822079050139
     -29.3683566317738851       86.7224428610224862       63.2703292447736700
     -29.6726073664548444       86.7390015141700701       63.2109777142037785
     -29.9884278780326383       86.7557803297505501       63.1495018989996311
     -30.3156065055677715       86.7727098187096857       63.0859884627876824
     -30.6539020792729673       86.7897160107893910       63.0205365247357392
     -31.0030446822781620       86.8067211519347239       62.9532579854533552
     -31.3627362952408539       86.8236438530223467       62.8842773026495081
     -31.7326515798015087       86.8403995994576547       62.8137313684298917
     -32.1124387689599544       86.8569015390331600       62.7417694186165846
     -32.5017204101044044       86.8730607093198302       62.6685523617614066
     -32.9000943912608079       86.8887870648988638       62.5942525087122661
     -33.3071348356473536       86.9039899208124922       62.5190527037517967
     -33.7223933245812830       86.9185787480542302       62.4431455874177175
     -34.1454000780036750       86.9324639090334728       62.3667327539550058
     -34.5756650489822377       86.9455571849947404       62.2900236542520531
     -35.0126792044019552       86.9577726883003805       62.2132346609585696
     -35.4559156357837111       86.9690272621278950       62.1365876626386253
     -35.9048309427185472       86.9792413887088145       62.0603089315864906
     -36.3588663958994331       86.9883395594898161       61.9846275301290248
     -36.8174493880419575       86.9962510805334261       61.9097739670480820
     -37.2799946647756499       87.0029104258927504       61.8359784872769751
     -37.7459058263839466       87.0082578877696307       61.7634695469579000
     -38.2145766325312408       87.0122399079442062       61.6924720540995324
     -38.6853925487953418       87.0148095519598712       61.6232057227279952
     -39.1577321281187025       87.0159268083759372       61.5558833345374126
     -39.6309685994175993       87.0155588810093263       61.4907090474958977
     -40.1044712220374180       87.0136804560548853       61.4278767573814335
     -40.5776057211871475       87.0102739743675215       61.3675683917873656
     -41.0497345364026032       87.0053302950056491       61.3099519686350263
     -41.5202182422279833       86.9988491823259125       61.2551793521668984
     -41.9884170746980203       86.9908399599616615       61.2033843055075479
     -42.4536926024019934       86.9813218002356479       61.1546805235891711
     -42.9154094201634919       86.9703242355136297       61.1091600956544241
     -43.3729369345004443       86.9578872307111652       61.0668919625554381
     -43.8256511589372266       86.9440615464194764       61.0279209044003110
     -44.2729365210600676       86.9289085740716700       60.9922664958051968
     -44.7141876225224877       86.9125006012265544       60.9599227012024656
     -45.1488108684974350       86.8949203954790903       60.9308573118313532
     -45.5762271078562051       86.8762323926578546       60.9050535322351863
     -45.9958782788506539       86.8563028360058667       60.8827648331820157
     -46.4072182254947165       86.8349435548416011       60.8643125440772508
     -46.8097136899004411       86.8120157427563726       60.8499363654885812
     -47.2028567449588863       86.7874301489772506       60.8397942975742581
     -47.5861729125468784       86.7611440153919915       60.8339653485246217
     -47.9592281446130144       86.7331579687031109       60.8324547370355688
     -48.3216350135681623       86.7035116247680122       60.8352003416821177
     -48.6730569642581798       86.6722783298132242       60.8420801960146491
     -49.0132094765064181       86.6395606327310190       60.8529213211119711
     -49.3418573490623018       86.6054848600268201       60.8675077020722668
     -49.6588089025747621       86.5701973212584761       60.8855882133107400
     -49.9639088196644110       86.5338611902780599       60.9068832949070895
     -50.2570310853442379       86.4966534299411762       60.9310899592755959
     -50.5380717933824997       86.4587633734109744       60.9578862741928447
     -50.8069480487343554       86.4203910725871651       60.9869347474206904
     -51.0636005894342091       86.3817446163450740       61.0178857807002188
     -51.3079959574056232       86.3430376061813405       61.0503821263920941
     -51.5401281428629119       86.3044863151410624       61.0840636333624261
     -51.7600198070178337       86.2663064411346738       61.1185719109335324
     -51.9677231743819803       86.2287097961373803       61.1535549037980175
     -52.1633206739688617       86.1919014695109951       61.1886715578128388
     -52.3469253276138957       86.1560769452175350       61.2235960447213756
     -52.5186809229733527       86.1214193819555760       61.2580215617906205
     -52.6787619948749466       86.0880971118564133       61.2916636431615487
     -52.8273736430138854       86.0562615351608855       61.3242630332494727
     -52.9647512029540195       86.0260454344863774       61.3555880881926825
     -53.0911597752995874       85.9975615544083070       61.3854365670344890
     -53.2068936319562127       85.9709015479347158       61.4136368771242545
     -53.3122755115252573       85.9461352955237601       61.4400487890465072
     -53.4076558139250466       85.9233105872494747       61.4645636425661763
     -53.4934117023105387       85.9024531398931828       61.4871040664021393
     -53.5699461215020634       85.8835669572974751       61.5076232734095356
     -53.6376867390170702       85.8666349986169024       61.5261039719414313
     -53.6970848123803250       85.8506648093198805       61.5438895016370111
     -53.7486139887841716       85.8345490191103693       61.5624809047742048
     -53.7927690420897235       85.8184885317636628       61.5815532041620060
     -53.8300645510867284       85.8026657104537094       61.6008078760490179
     -53.8610335230885298       85.7872435697339171       61.6199738308952334
     -53.8862259669729227       85.7723694144591917       61.6388021938263151
     -53.9062074196001575       85.7581783442518599       61.6570612854099807
     -53.9215574296100897       85.7447970483365651       61.6745312166685267
     -53.9328680026755762       85.7323484617945724       61.6909973091136052
     -53.9407420123696824       85.7209582276113622       61.7062410322831809
     -53.9457915808845030       85.7107648015256416       61.7200259122809669
     -53.9486364339176632       85.7019372374395800       61.7320728105624426
     -53.9499022341139494       85.6947089279603205       61.7420130925351316
     -53.9502188975138992       85.6888786505592606       61.7500810332750660
     -53.9499022341139494       85.6830697874078879       61.7581644057918027
     -53.9486364339176632       85.6759270852066948       61.7681663790415953
     -53.9457915808845030       85.6672919679032532       61.7803519604825269
     -53.9407420123696824       85.6574402908044874       61.7943831154692020
     -53.9328680026756473       85.6465833665496632       61.8100111584223200
     -53.9215574296107434       85.6349017156922940       61.8270299286643379
     -53.9062074196046694       85.6225628909019463       61.8452510971603076
     -53.8862259669971522       85.6097316474966874       61.8644901223915937
     -53.8610335231957009       85.5965764958526307       61.8845572530153518
     -53.8300645514929883       85.5832744701655059       61.9052510289906692
     -53.7927690434464907       85.5700150551168406       61.9263529716391474
     -53.7486139928581679       85.5570038384168754       61.9476226712546278
     -53.6970848235524159       85.5444663107379455       61.9687926838909036
     -53.6376867673381525       85.5326471905874826       61.9895696085867698
     -53.5699461890022590       85.5204728998297128       62.0114788439048752
     -53.4934118554537648       85.5069831007619143       62.0358868839961133
     -53.4076561463126183       85.4921995764397451       62.0628044360455462
     -53.3122762045109724       85.4761654204212391       62.0922129241908038
     -53.2068950245668830       85.4589458486570948       62.1240635216117525
     -53.0911624807311568       85.4406287383734480       62.1582766032506697
     -52.9647562968572458       85.4213248630276496       62.1947416695147552
     -52.8273829593178235       85.4011677573952284       62.2333177581097061
     -52.6787785784676643       85.3803131932772175       62.2738343857727088
     -52.5187097055820615       85.3589382391523941       62.3160930462427629
     -52.3469741140721609       85.3372398750815364       62.3598692782269168
     -52.1634015510769373       85.3154330532819358       62.4049152463061105
     -51.9678544841311592       85.2937483630746556       62.4509629619381599
     -51.7602288606520986       85.2724292977654272       62.4977281433610230
     -51.5404548930939583       85.2517289845643091       62.5449146029962080
     -51.3084978950640647       85.2319063756154947       62.5922191424779939
     -51.0643591915367026       85.2132217614377510       62.6393368295601078
     -50.8080771841241017       85.1959322011290112       62.6859670688519088
     -50.5397286022280596       85.1802864330633867       62.7318201283091099
     -50.2594300119231860       85.1665190376538987       62.7766239496847618
     -49.9673397336870693       85.1548440455192832       62.8201314122099959
     -49.6636602058670960       85.1454485986020160       62.8621285703159742
     -49.3486364577651955       85.1384860562061618       62.9024430051790233
     -49.0225481552766524       85.1340697700479154       62.9409511477545820
     -48.6857015502178641       85.1322690171558065       62.9775846178731555
     -48.3384208588568427       85.1331057240404476       63.0123343195990131
     -47.9810405963939388       85.1365524634186102       63.0452523979866299
     -47.6139007996898584       85.1425326590543534       63.0764530383860347
     -47.2373456958468338       85.1509205479725324       63.1061109832573379
     -46.8517254222188839       85.1615423981462669       63.1344596133850402
     -46.4573995688108994       85.1741780438421614       63.1617884149520563
     -46.0547413708346198       85.1885620178317424       63.1884395212968926
     -45.6441431724349798       85.2043860130906836       63.2148047034090581
     -45.2260261145184472       85.2213000808874597       63.2413208570653751
     -44.8008386945052024       85.2390215263920936       63.2683241754393322
     -44.3690449370337987       85.2574827756375271       63.2958513877742561
     -43.9311283942567030       85.2766452823399845       63.3238905500672047
     -43.4875919991042821       85.2964689752762979       63.3524219294330493
     -43.0389568669565747       85.3169120895144459       63.3814184240657070
     -42.5857611730927914       85.3379310908167668       63.4108460807355101
     -42.1285590106414105       85.3594804633688113       63.4406645671312859
     -41.6679192295576684       85.3815127539963754       63.4708279054031621
     -41.2044241884412443       85.4039783787825399       63.5012851043860920
     -40.7386684370073695       85.4268257102264386       63.5319810729412708
     -40.2712572877642359       85.4500009423711191       63.5628574326798912
     -39.8028052960641219       85.4734481930858578       63.5938535588802765
     -39.3339345229671409       85.4971094501457003       63.6249075405461753
     -38.8652716980274064       85.5209248358250278       63.6559572405029783
     -38.3974453645964573       85.5448330515906292       63.6869408752348747
     -37.9310840719348619       85.5687720427007434       63.7177974147273929
     -37.4668146124400181       85.5926795652394787       63.7484668764495908
     -37.0052602676253528       85.6164938512465454       63.7788906823034765
     -36.5470389928407826       85.6401541479882695       63.8090119171914125
     -36.0927616374249780       85.6636013456698464       63.8387756540484759
     -35.6430301117291961       85.6867784435701338       63.8681291640694013
     -35.1984356042729587       85.7096310943654345       63.8970221953017159
     -34.7595567758268018       85.7321079805874291       63.9254071402695700
     -34.3269579910467897       85.7541612133385627       63.9532392376831567
     -33.9011875933776068       85.7757466422293504       63.9804767281515936
     -33.4827761637784818       85.7968240378710334       64.0070809369193512
     -33.0722349332163787       85.8173573971816666       64.0330164713900274
     -32.6700540833408368       85.8373148195194062       64.0582511218695316
     -32.2767013929034761       85.8566688459761735       64.0827561353367940
     -31.8926207508220934       85.8753960377281231       64.1065059975656624
     -31.5182308700028173       85.8934772174660708       64.1294787793504497
     -31.1539238217578500       85.9108970256617965       64.1516559626415130
     -30.8000637839813365       85.9276438185198117       64.1730224980204866
     -30.4569859144472694       85.9437095954497181       64.1935668598537887
     -30.1249951839731587       85.9590894482647911       64.2132807197997977
     -29.8043655177410329       85.9737816676319824       64.2321590873578998
     -29.4953389052117387       85.9877873320684643       64.2502000413704479
     -29.1981246327780752       86.0011099376428092       64.2674044709718828
     -28.9128987430959867       86.0137554569201939       64.2837761185385546
     -28.6398034843756086       86.0257319134346545       64.2993212443825399
     -28.3789468979410699       86.0370490706339837       64.3140483633134181
     -28.1304025851101365       86.0477184211281241       64.3279681948627768
     -27.8942095312301461       86.0577529549127433       64.3410934403776764
     -27.6703720147038048       86.0671668414296818       64.3534384905010910
     -27.4588596594718020       86.0759753024213978       64.3650192728231474
     -27.2596075901049382       86.0841945829460542       64.3758531714683215
     -27.0725166414288196       86.0918417668115552       64.3859588196739310
     -26.8974536921337553       86.0989346073084363       64.3953558996692834
     -26.7342521128093296       86.1054914496413204       64.4040650224607845
     -26.5827123037906077       86.1115311640191265       64.4121076288683838
     -26.4426023247061792       86.1170731149569093       64.4195059306432967
     -26.3136585973413553       86.1221370714977326       64.4262828197255999
     -26.1955866910144586       86.1267431266369670       64.4324617956759340
     -26.0880621935478381       86.1309116583755667       64.4380669341333743
     -25.9907316593107431       86.1346632970827102       64.4431228680760455
     -25.9032136313789785       86.1380188985916107       64.4476547792464629
     -25.8250997346393092       86.1409995231334875       64.4516883972594457
     -25.7559558364079066       86.1436264202084772       64.4552500036956815
     -25.6953218969386192       86.1459288715513907       64.4583560864908236
     -25.6421250836473611       86.1513042335024437       64.4565823710577348
     -25.5956037966682999       86.1612457555113451       64.4480141611691266
     -25.5554918587660183       86.1742987663472633       64.4346234575911012
     -25.5214382415966021       86.1893849189043522       64.4178872960989821
     -25.4930326541341081       86.2056648875392000       64.3989695381495864
     -25.4698203207268854       86.2224628320672934       64.3788206741777884
     -25.4513116716361907       86.2392200418034065       64.3582388927513307
     -25.4369895458421880       86.2554629452502724       64.3379120834990346
     -25.4263153389621088       86.2707773100128037       64.3184516295800108
     -25.4187351930890735       86.2847823676281251       64.3004263075983289
     -25.4136876086397194       86.2970969830361696       64.2844067501550995
     -25.4106147865733725       86.3072847016579487       64.2710379316898752
     -25.4088408206664340       86.3155570213826877       64.2601066430183039
