     -27.0178035325991850       70.5666543490056029       52.1946339069540244
     -27.0172570020779617       70.5749262646004212       52.1835014156439172
     -27.0174751731813920       70.5851146561455636       52.1696983092362672
     -27.0190768371219043       70.5974319152833232       52.1528738881995366
     -27.0227444812588899       70.6114427157305187       52.1335471666759389
     -27.0291486972908146       70.6267673711482473       52.1121634574104320
     -27.0389522312949708       70.6430270924120265       52.0891682620652432
     -27.0528118320980830       70.6598104109761636       52.0650528262974319
     -27.0713792858555387       70.6766475987612921       52.0403890287896971
     -27.0953024695650200       70.6929852005294777       52.0158641817932548
     -27.1252270867524921       70.7081544088458998       51.9923241565864345
     -27.1617999493847435       70.7213251011237389       51.9708358150266747
     -27.2056753676997403       70.7314307192004748       51.9527886463053648
     -27.2575280769327684       70.7370314005007970       51.9400793774465939
     -27.3177039446195060       70.7396094808187286       51.9306557617133890
     -27.3863279094622527       70.7425316776417645       51.9199153986224644
     -27.4638544243174181       70.7458214471858327       51.9077742686571284
     -27.5507144884916606       70.7494925903470033       51.8941623195388146
     -27.6473136486044879       70.7535568956257208       51.8790131492723887
     -27.7540308945542797       70.7580239963325397       51.8622642282293356
     -27.8712176302679744       70.7629012077254202       51.8438571209727002
     -27.9991967242586703       70.7681933654697986       51.8237377261906218
     -28.1382616425402112       70.7739026610745725       51.8018565335496959
     -28.2886756665469647       70.7800284734981062       51.7781688980176469
     -28.4506711985808494       70.7865671976170745       51.7526353323232371
     -28.6244491595396298       70.7935120934677116       51.7252218341404486
     -28.8101784850360616       70.8008531962143906       51.6959002751225114
     -29.0079957020049441       70.8085771145931204       51.6646487227802069
     -29.2180046018536821       70.8166668562783315       51.6314517923040128
     -29.4402760063463163       70.8251016792012251       51.5963010218976734
     -29.6748476241499368       70.8338570642775096       51.5591953286299187
     -29.9217240068403285       70.8429047200015560       51.5201414636015897
     -30.1808765745385656       70.8522123790117035       51.4791542889528984
     -30.4522437483858113       70.8617437424161523       51.4362571289007775
     -30.7357312115407701       70.8714587125029851       51.3914822856563447
     -31.0312122185379913       70.8813134238029647       51.3448713527990108
     -31.3385279592341242       70.8912601300484368       51.2964753575643968
     -31.6574880816649014       70.9012475869429437       51.2463551842389151
     -31.9878712694194363       70.9112213539774245       51.1945818485761492
     -32.3294258148946412       70.9211237064505440       51.1412363905029537
     -32.6818704031997740       70.9308943158841174       51.0864102120028534
     -33.0448948761586792       70.9404705513562988       51.0302050215300298
     -33.4181610226265775       70.9497876111449131       50.9727325303861107
     -33.8013035923851604       70.9587794223303945       50.9141145692321118
     -34.1939311529503129       70.9673787146274009       50.8544824738099663
     -34.5956271998218341       70.9755179426542355       50.7939769413451927
     -35.0059512384362534       70.9831297992209471       50.7327474561474716
     -35.4244399965079211       70.9901476138740151       50.6709515327727686
     -35.8506087754757132       70.9965062408684986       50.6087542396433179
     -36.2839526102432188       71.0021422143775141       50.5463271058697430
     -36.7239477355551855       71.0069947719875216       50.4838475530025690
     -37.1700527975687365       71.0110059305152959       50.4214975658823263
     -37.6217104080963551       71.0141214379556800       50.3594629128509510
     -38.0783484290581455       71.0162908549577736       50.2979316848461622
     -38.5393815810641271       71.0174683514720329       50.2370932938612640
     -39.0042127975077619       71.0176127875704566       50.1771369297334786
     -39.4722348730508727       71.0166883300634026       50.1182503781634594
     -39.9428318756022875       71.0146645095590969       50.0606184406988177
     -40.4153808266538448       71.0115166522265753       50.0044216342318677
     -40.8892531611728316       71.0072259025060788       49.9498346334435794
     -41.3638164308104948       71.0017794650886174       49.8970249167684869
     -41.8384357434440801       70.9951706077016809       49.8461513070226090
     -42.3124747693774381       70.9873988151929893       49.7973625852912960
     -42.7852965230433497       70.9784700382767113       49.7507959041984691
     -43.2562649445232807       70.9683968667011698       49.7065751033165526
     -43.7247464380730477       70.9571988118043464       49.6648092524791167
     -44.1901115715072450       70.9449022897656931       49.6255911717760299
     -44.6517367006510142       70.9315408811896617       49.5889963547799795
     -45.1090057000508367       70.9171551406525111       49.5550818056912874
     -45.5613116237081925       70.9017927792258718       49.5238853801790313
     -46.0080584032316864       70.8855082430842316       49.4954249542484561
     -46.4486624680754545       70.8683629730067111       49.4696983180013987
     -46.8825542955387178       70.8504248124793321       49.4466827118597649
     -47.3091805265069283       70.8317392791702360       49.4263767705037367
     -47.7280084655169716       70.8121498717076889       49.4090564664681935
     -48.1385211115208378       70.7914414371059166       49.3950717394750214
     -48.5402182404103257       70.7694438860795287       49.3846965313669557
     -48.9326242620747465       70.7460329740168987       49.3781281947901434
     -49.3152934714863207       70.7211285994988117       49.3754891396133075
     -49.6878145714586736       70.6946926868479437       49.3768302394950140
     -50.0498147224714813       70.6667265614395603       49.3821356981131743
     -50.4009623712984336       70.6372668943125461       49.3913284063799622
     -50.7409682396580664       70.6063825862739094       49.4042769213634685
     -51.0695839689915090       70.5741705126823717       49.4208019476748817
     -51.3865989004276500       70.5407519683074469       49.4406829760748039
     -51.6918360646263721       70.5062698522033742       49.4636647291941856
     -51.9851482007547787       70.4708852437943989       49.4894624119148290
     -52.2664136880447714       70.4347750324604931       49.5177668646673084
     -52.5355361170554431       70.3981296403558474       49.5482493295905542
     -52.7924460268729945       70.3611497928867209       49.5805660587217574
     -53.0371023221894404       70.3240433255996464       49.6143634556144306
     -53.2694933525506684       70.2870221302854929       49.6492835427510570
     -53.4896376920283174       70.2502987242356056       49.6849691556352369
     -53.6975846751512123       70.2140826933822098       49.7210688430491814
     -53.8934147483504589       70.1785776240822656       49.7572417446666364
     -54.0772396397053399       70.1439782077799663       49.7931620887920943
     -54.2492023571543669       70.1104674314846648       49.8285231386887091
     -54.4094770372766803       70.0782140454348337       49.8630406372581803
     -54.5582686564159047       70.0473703297702599       49.8964557029311138
     -54.6958126229464625       70.0180703341947037       49.9285372597221553
     -54.8223742513107695       69.9904284320688248       49.9590838683253224
     -54.9382481280850001       69.9645382247841638       49.9879249819687956
     -55.0437573793445338       69.9404718229106948       50.0149216617314067
     -55.1392528462711695       69.9182794946991351       50.0399667762555325
     -55.2251121751062684       69.8979896637212903       50.0629847184072858
     -55.3017388259141924       69.8796092095390122       50.0839306633854235
     -55.3695610084211367       69.8631241148473947       50.1027894668202265
     -55.4290305477174954       69.8475426465781624       50.1209089418778575
     -55.4806216816585618       69.8317577851811535       50.1397948025959295
     -55.5248297961179134       69.8159742518985666       50.1591238871303560
     -55.5621701018767666       69.8003784380386918       50.1785997135534032
     -55.5931762570101853       69.7851375699902690       50.1979534450777223
     -55.6183989387089426       69.7704033326039621       50.2169386448566613
     -55.6384043684221510       69.7563153584958258       50.2353262318101201
     -55.6537727942971472       69.7430050096409531       50.2528990507856292
     -55.6650969349840778       69.7306000243475097       50.2694452669973089
     -55.6729803889611787       69.7192309772872392       50.2847492757700465
     -55.6780360136229859       69.7090413959072919       50.2985775781700113
     -55.6808842784527656       69.7002055847301420       50.3106540152305399
     -55.6821515966731724       69.6929624601635140       50.3206128668366617
     -55.6824686398317112       69.6871148935044999       50.3286920645225919
     -55.6821515966731724       69.6812840118530659       50.3367833122784845
     -55.6808842784527656       69.6741075912807730       50.3467903381388453
     -55.6780360136229859       69.6654217477327364       50.3589750832364800
     -55.6729803889611787       69.6554985342294515       50.3729957590308786
     -55.6650969349841205       69.6445452998689660       50.3886000716597451
     -55.6537727942975451       69.6327385740829072       50.4055783565338942
     -55.6384043684248510       69.6202419721355596       50.4237388712061687
     -55.6183989387234092       69.6072164223948278       50.4428937510660376
     -55.5931762570741625       69.5938267644247475       50.4628500187961464
     -55.5621701021192962       69.5802465584482945       50.4834030961714078
     -55.5248297969278681       69.5666620507951023       50.5043315070288159
     -55.4806216840906501       69.5532758651185077       50.5253919789913226
     -55.4290305543870261       69.5403108422282230       50.5463143547726048
     -55.3695610253282950       69.5280093861288577       50.5668026885480444
     -55.3017388662106200       69.5152902102867074       50.5883812817262921
     -55.2251122665301750       69.5011856711667377       50.6124153512004398
     -55.1392530447011922       69.4857145455029723       50.6389134493628816
     -55.0437577930465096       69.4689172081439210       50.6678549670884308
     -54.9382489594540573       69.4508564690977011       50.6991891792528548
     -54.8223758664190584       69.4316181740513230       50.7328347366280710
     -54.6958156639496593       69.4113114591372238       50.7686795962369999
     -54.5582742181609888       69.3900686482978131       50.8065814449835003
     -54.4094869375562595       69.3680447640526694       50.8463686487422848
     -54.2492195402165649       69.3454166254709179       50.8878417500472224
     -54.0772687650750399       69.3223814847345778       50.9307755086764047
     -53.8934630319539210       69.2991551588007866       50.9749214698199324
     -53.6976630673914315       69.2759698197543941       51.0200111831882097
     -53.4897624981751747       69.2530712941489242       51.0657599530145134
     -53.2696884251926903       69.2307158883736662       51.1118711078557268
     -53.0374019847232034       69.2091666063721931       51.1580406558047116
     -52.7928989231872592       69.1886889150585489       51.2039623935833887
     -52.5362102298454943       69.1695464522000663       51.2493337094089441
     -52.2674028337964600       69.1519961686800286       51.2938616498489779
     -51.9865804066126032       69.1362827699645806       51.3372690982574156
     -51.6938843847647149       69.1226330759103291       51.3793014866579796
     -51.3894952061543222       69.1112503350666572       51.4197340567788785
     -51.0736311675555328       69.1023078814920950       51.4583789080340708
     -50.7465434437105003       69.0959434675660304       51.4950915329774688
     -50.4085110426898382       69.0922551266944254       51.5297767777589399
     -50.0598353920927224       69.0912971191267786       51.5623929259020457
     -49.7008355259347994       69.0930772780843512       51.5929546627006843
     -49.3318449790919757       69.0975558221348081       51.6215350765252197
     -48.9532107132403169       69.1046438366125813       51.6482657120777162
     -48.5652938750050467       69.1142035067225464       51.6733366289625238
     -48.1684715711637921       69.1260481223501131       51.6969952616484676
     -47.7631390265108493       69.1399425761356241       51.7195447252856226
     -47.3497124424435469       69.1556048717818896       51.7413419940954853
     -46.9286343279504266       69.1727071477937443       51.7627943971278413
     -46.5003721415530222       69.1909854781163745       51.7842140320829429
     -46.0654107027955604       69.2103885314883911       51.8056186339092122
     -45.6242540404941508       69.2308904748230134       51.8269824223595137
     -45.1774247456422202       69.2524599874535767       51.8482767373880051
     -44.7254626753201094       69.2750604613835606       51.8694706219082846
     -44.2689236956454977       69.2986497349127291       51.8905310234652433
     -43.8083783805100566       69.3231803146238548       51.9114233455074015
     -43.3444107167442994       69.3485994056434407       51.9321118472108409
     -42.8776167003470974       69.3748491646180980       51.9525602050752013
     -42.4086029299668397       69.4018668474662377       51.9727319899938891
     -41.9379850600274295       69.4295851334838545       51.9925912672645580
     -41.4663862685392886       69.4579324307600245       52.0121031681665755
     -40.9944354913348974       69.4868332557827557       52.0312344934864086
     -40.5227651072528658       69.5162087743442072       52.0499542946921281
     -40.0520084815185200       69.5459774517051414       52.0682341321955491
     -39.5827982783649475       69.5760559139637991       52.0860482780730720
     -39.1157646338620424       69.6063596026160951       52.1033737237923020
     -38.6515335101862263       69.6368037089159202       52.1201903742740100
     -38.1907248207002112       69.6673037228033536       52.1364809388019950
     -37.7339507823425890       69.6977763888486948       52.1522311204219449
     -37.2818140241122222       69.7281401063954434       52.1674293914091791
     -36.8349059572941826       69.7583158552658915       52.1820671719073133
     -36.3938049054663679       69.7882274289701598       52.1961385075547994
     -35.9590745090566486       69.8178022674894407       52.2096402194238038
     -35.5312619244912398       69.8469715496491261       52.2225715296497128
     -35.1108962708680536       69.8756708475750088       52.2349341419284130
     -34.6984869578690152       69.9038401680854378       52.2467319019679763
     -34.2945221701059992       69.9314242880876975       52.2579707191826230
     -33.8994674248882575       69.9583729027036014       52.2686583960835875
     -33.5137641642731552       69.9846405058251122       52.2788043364621515
     -33.1378284965025429       70.0101867674974585       52.2884196942955626
     -32.7720497559602109       70.0349759185089624       52.2975168075265060
     -32.4167893966933178       70.0589770800617657       52.3061093570258961
     -32.0723798017848338       70.0821638489552186       52.3142119877773482
     -31.7391232571067761       70.1045141637362121       52.3218401574040115
     -31.4172910980267304       70.1260104421226345       52.3290102035877709
     -31.1071228019974271       70.1466389363096852       52.3357388432352337
     -30.8088253181453489       70.1663897465413413       52.3420431775454276
     -30.5225724853549565       70.1852567237785507       52.3479406277070893
     -30.2485044774286038       70.2032369364505087       52.3534485579355646
     -29.9867274353974054       70.2203305940039542       52.3585842508159800
     -29.7373132114658034       70.2365410069391345       52.3633649202389080
     -29.5002991522937918       70.2518741432671305       52.3678074328981111
     -29.2756880250208518       70.2663384371252278       52.3719282264298513
     -29.0634480647833939       70.2799447429708835       52.3757433436766462
     -28.8635130957886830       70.2927061727165068       52.3792683850013958
     -28.6757827274356671       70.3046378202623288       52.3825183745618261
     -28.5001226824280636       70.3157566388746318       52.3855077415195041
     -28.3363652229578840       70.3260813373269684       52.3882503229640832
     -28.1843096718881014       70.3356323219331330       52.3907594082391057
     -28.0437230115030331       70.3444315474620936       52.3930477212332804
     -27.9143405697809257       70.3525023855173401       52.3951274202090289
     -27.7958667955969858       70.3598695431267913       52.3970101382370075
     -27.6879761154954025       70.3665589868243160       52.3987070296216828
     -27.5903138694168604       70.3725978716512657       52.4002288205739148
     -27.5024973225877218       70.3780144750847825       52.4015858627684707
     -27.4241167508719208       70.3828381400466725       52.4027881914636566
     -27.3547365954278412       70.3870992171500092       52.4038455794499711
     -27.2938958612146152       70.3908368603074024       52.4047571092493172
     -27.2407576901395068       70.3974615810884359       52.4010282688388642
     -27.1946624428123584       70.4084786242273424       52.3907024929318936
     -27.1552384071803559       70.4224435497473422       52.3757547949583468
     -27.1220553968534723       70.4382892449925322       52.3576589769327754
     -27.0946406579750878       70.4551885165836609       52.3375715974804905
     -27.0724883306457649       70.4724784455039668       52.3164329706183864
     -27.0550658850688457       70.4896139226004408       52.2950289703875697
     -27.0418190851092888       70.5061355525705977       52.2740335467864199
     -27.0321763341553272       70.5216437529117997       52.2540429401637994
     -27.0255530572203995       70.5357727842179827       52.2356100129883743
     -27.0213569426049816       70.5481568333259901       52.2192892815199841
     -27.0189954215153634       70.5583749844692392       52.2057103209303435
     -27.0178035325991850       70.5666543490056029       52.1946339069540244
