  -67.232367379822804       -73.926826431129228        17.210196430847716     
  -65.708367379822803       -73.933417422246038        17.211730816364419     
  -64.184367379822802       -73.940008413362847        17.213265201881121     
  -62.660367379822802       -73.946599404479656        17.214799587397824     
  -56.554777264141819       -73.973004844253467        17.220946784933535     
  -56.546809188626774       -73.973039304565106        17.220954807308644     
  -56.535363516623839       -73.973089311069458        17.220966448843949     
  -56.519830198912672       -73.973158132182448        17.220982470428002     
  -56.499610199870027       -73.973249367877798        17.221003710135523     
  -56.474117110393344       -73.973367059755518        17.221031108849921     
  -56.442778726480434       -73.973515813728326        17.221065738818776     
  -56.405038589189061       -73.973700933889177        17.221108834800599     
  -56.360357481798978       -73.973928566048613        17.221161827433477     
  -56.308214880109347       -73.974205849373902        17.221226378421004     
  -56.248110351928062       -73.974541042484660        17.221304409627095     
  -56.179564901945909       -73.974934393432619        17.221395977052520     
  -56.102122258339200       -73.975385280973569        17.221500932229123     
  -56.015350097455588       -73.975899378380404        17.221620587881933     
  -55.918841202461167       -73.976483105423412        17.221756422589863     
  -55.812214554717521       -73.977143814838868        17.221910117661547     
  -55.695116354162423       -73.977890006614857        17.222083596060497     
  -55.567220965617167       -73.978731538159224        17.222279053524730     
  -55.428231788908363       -73.979679844732004        17.222498981780113     
  -55.277882050707603       -73.980748164744838        17.222746177783563     
  -55.115935516288893       -73.981951762543162        17.223023730716712     
  -54.942187117888572       -73.983308049569871        17.223334954867504     
  -54.756463499925694       -73.984836660286376        17.223683269919384     
  -54.558623485218952       -73.986559708043700        17.224072065948452     
  -54.348558456156958       -73.988501926870825        17.224504465146506     
  -54.126192652527287       -73.990690757199971        17.224982968714457     
  -53.891483382683639       -73.993156124755970        17.225508898447739     
  -53.644421157793253       -73.995930371299465        17.226081698625908     
  -53.385029753839127       -73.999048462107979        17.226698074045430     
  -53.113366195445472       -74.002547931036787        17.227350768989833     
  -52.829520663563535       -74.006468386908992        17.228026853078532     
  -52.533616352029647       -74.010851687850661        17.228705644155465     
  -52.225809273767894       -74.015742290729975        17.229355981511681     
  -51.906287994497283       -74.021186862188429        17.229932828156461     
  -51.575273242666704       -74.027234174744095        17.230374869364663     
  -51.233017362069020       -74.033935102067190        17.230603748804494     
  -50.879803581352064       -74.041341034391152        17.230524648465412     
  -50.515945125434534       -74.049502935208181        17.230028832206731     
  -50.141784175150107       -74.058470024656117        17.228997603826304     
  -49.757690699298387       -74.068287351526834        17.227306880596448     
  -49.364061219562970       -74.078994974326349        17.224832335241096     
  -48.961317516596232       -74.090625782173419        17.221453904772474     
  -48.549905301966803       -74.103204548535572        17.217059999829129     
  -48.130292872963317       -74.116746949375155        17.211550936154719     
  -47.702969792006598       -74.131258749396025        17.204840689744184     
  -47.268445609110493       -74.146739638276856        17.196857787720887     
  -46.827248556170161       -74.163187274355508        17.187545981887329     
  -46.379924167731581       -74.180592124057753        17.176862867527156     
  -45.927033893646673       -74.198936006044889        17.164779327348416     
  -45.469153627901441       -74.218192824053943        17.151279383799643     
  -45.006872265855314       -74.238328389402739        17.136359708611138     
  -44.540790161112263       -74.259301200226233        17.120029204699808     
  -44.071517638779810       -74.281062519363104        17.102308271058980     
  -43.599673402691401       -74.303557395914567        17.083228135270900     
  -43.125883026867065       -74.326725289862480        17.062829950304018     
  -42.650777310238105       -74.350500891923843        17.041163809938030     
  -42.174990737558375       -74.374814795680535        17.018287621546783     
  -41.699159807516381       -74.399594433241703        16.994265959450470     
  -41.223921468051103       -74.424764899972573        16.969169010996790     
  -40.749911395821393       -74.450249755840147        16.943071943355147     
  -40.277762389605122       -74.475971841198628        16.916054427536391     
  -39.808102635378042       -74.501853887986314        16.888200104756677     
  -39.341554099335312       -74.527819322723985        16.859596077387671     
  -38.878730808593893       -74.553792773114935        16.830332327092776     
  -38.420237262629797       -74.579700829357492        16.800501181365007     
  -37.966666744172691       -74.605472398632145        16.770196695052757     
  -37.518599771965739       -74.631039403935162        16.739514110208248     
  -37.076602455183640       -74.656336943033580        16.708549212786721     
  -36.641225013949779       -74.681303946263029        16.677397812237047     
  -36.213000191109671       -74.705883085953644        16.646155081294093     
  -35.792441864258549       -74.730021427385125        16.614915083288121     
  -35.380043536353064       -74.753670081538488        16.583770111227608     
  -34.976277050684750       -74.776784843541122        16.552810279746200     
  -34.581591198344654       -74.799325684676063        16.522122891226388     
  -34.196410527344668       -74.821257201502661        16.491792013313749     
  -33.821134126362047       -74.842548293074827        16.461897900418140     
  -33.456134507198797       -74.863172164665784        16.432516564554884     
  -33.101756597466355       -74.883106528986332        16.403719457620191     
  -32.758316709522646       -74.902332752726707        16.375573001923087     
  -32.426101690730526       -74.920835990596515        16.348138409917059     
  -32.105368095614253       -74.938604849078700        16.321471467615773     
  -31.796341449841584       -74.955631165640582        16.295622411031882     
  -31.499215644500531       -74.971910245033413        16.270635959304183     
  -31.214152355542893       -74.987440240802968        16.246551215560871     
  -30.941280574837034       -75.002221866529467        16.223401689876948     
  -30.680696257612034       -75.016258516005166        16.201215450712287     
  -30.432462029890733       -75.029555837973220        16.180015192408309     
  -30.196606993641009       -75.042121416532893        16.159818355588438     
  -29.973126638612815       -75.053964729429296        16.140637329071989     
  -29.761982846087776       -75.065097086531125        16.122479662438959     
  -29.563103974542148       -75.075531305068679        16.105348235340195     
  -29.376385044902090       -75.085281568987568        16.089241482193799     
  -29.201688019837647       -75.094363344738483        16.074153632684517     
  -29.038842176106833       -75.102793356693624        16.060074956850837     
  -28.887644564802269       -75.110589451499294        16.046991974880395     
  -28.747860561093329       -75.117770473344422        16.034887656613208     
  -28.619224503322130       -75.124356211600087        16.023741622322788     
  -28.501440418046521       -75.130367357565817        16.013530330947841     
  -28.394182828812603       -75.135825467330775        16.004227255446260     
  -28.297097646281859       -75.140752935270598        15.995803047210769     
  -28.209803137000868       -75.145172971524246        15.988225689667008     
  -28.131890967737572       -75.149109560759996        15.981460638455980     
  -28.062927322540091       -75.152587436956694        15.975470958183744     
  -28.002454089145697       -75.155632113900651        15.970217466540959     
  -27.949990117363772       -75.158289948164324        15.965663009702009     
  -27.905032522729609       -75.160593950742012        15.961765542639359     
  -27.867058057697204       -75.162559097595349        15.958477305546747     
  -27.835524545388004       -75.164204169441419        15.955749472716837     
  -27.809872356751825       -75.165551280554936        15.953532200135212     
  -27.789525933929376       -75.166625416996695        15.951774679383373     
  -27.773895355557389       -75.167453990801135        15.950425198946776     
  -27.762377939658268       -75.168066416283153        15.949431213801619     
  -27.754359879666570       -75.168493714163972        15.948739423985236     
  -27.749217909066786       -75.168768148682048        15.948295862717792     
  -27.746320990051526       -75.168922902258728        15.948045994512812     
  -27.745032021557549       -75.168991791639939        15.947934823585426     
  -21.648709561999723       -75.494811921351797        15.422139333127291     
  -20.124709561999722       -75.576262645288224        15.290697413384036     
  -18.600709561999722       -75.657713369224652        15.159255493640782     
  -17.076709561999721       -75.739164093161079        15.027813573897527     
