     -19.3955854073106870     -134.8950419113376427       31.4799210453507428
     -19.3968157830592354     -134.8916297046885120       31.4945715482510060
     -19.3993045021340045     -134.8874390562529868       31.5125802325453037
     -19.4037741750308079     -134.8823910291972368       31.5342976766668315
     -19.4108738924372979     -134.8766743276301270       31.5589263998945739
     -19.4212520367178492     -134.8704549088601539       31.5857676411358064
     -19.4355485993682215     -134.8638987610599429       31.6141241982194323
     -19.4543897653074644     -134.8571859797537797       31.6432407278555949
     -19.4783833702765783     -134.8505215787719465       31.6722581582333156
     -19.5081143987243095     -134.8441462874273213       31.7001682339115831
     -19.5441398606472063     -134.8383499181074683       31.7257570702621479
     -19.5869821823715995     -134.8334906765056189       31.7475232000366852
     -19.6371195401384782     -134.8300265271209071       31.7635438086012734
     -19.6949696758290074     -134.8285720633953133       31.7712313102228912
     -19.7612401391029273     -134.8285166604507026       31.7732023547415672
     -19.8368163151687114     -134.8284576221720101       31.7754343789860840
     -19.9222019879981573     -134.8283915395826114       31.7779559344871103
     -20.0178736520072356     -134.8283183797304332       31.7807807999257612
     -20.1242800455492414     -134.8282382492019451       31.7839217645163572
     -20.2418409245258104     -134.8281514235478369       31.7873905419641360
     -20.3709459105199109     -134.8280583801448245       31.7911976815088870
     -20.5119534171136593     -134.8279598313363863       31.7953524764030817
     -20.6651896563687814     -134.8278567631864178       31.7998628722041481
     -20.8309477281270468     -134.8277504794017148       31.8047353758837055
     -21.0094867951198090     -134.8276426464090889       31.8099749659003876
     -21.2010313457891542     -134.8275353407526893       31.8155850046248290
     -21.4057705473604329     -134.8274310919614152       31.8215671526465904
     -21.6238576923257781     -134.8273329051685607       31.8279212824792168
     -21.8554097354837360     -134.8272443213548115       31.8346454065990194
     -22.1005069306724700     -134.8271694720415894       31.8417356102774392
     -22.3591925839830665     -134.8271131202343440       31.8491859819300167
     -22.6314729043336769     -134.8270806671873743       31.8569885336792922
     -22.9173169411630333     -134.8270782139304060       31.8651331396547732
     -23.2166566260203346     -134.8271126137766487       31.8736074792516781
     -23.5293869248536289     -134.8271914628128911       31.8823969739251893
     -23.8553660925238944     -134.8273231226368409       31.8914847409679290
     -24.1944160304529703     -134.8275167734929596       31.9008515650639204
     -24.5463227612381196     -134.8277823630903356       31.9104758569981470
     -24.9108370037191875     -134.8281306218142106       31.9203336411492593
     -25.2876748549523285     -134.8285730822756534       31.9303985583657450
     -25.6765185882359184     -134.8291220078290849       31.9406418628874178
     -26.0770175436594727     -134.8297904153353102       31.9510324583980001
     -26.4887891354742884     -134.8305919967821751       31.9615369281211805
     -26.9114199527721603     -134.8315410849675118       31.9721195944589311
     -27.3444669626892782     -134.8326525617845846       31.9827425851618941
     -27.7874588099384034     -134.8339417586895763       31.9933659187137529
     -28.2398971726584911     -134.8354244085472544       32.0039476292494172
     -28.7012581178632296     -134.8371165038273602       32.0144439324526857
     -29.1709935618287766     -134.8390341952691074       32.0248094726520733
     -29.6485328461363622     -134.8411936065570558       32.0349975957677557
     -30.1332843716107810     -134.8436107004047813       32.0449606747799720
     -30.6246373004603498     -134.8463010720220723       32.0546504556901439
     -31.1219633054295457     -134.8492798311913248       32.0640184587744699
     -31.6246183713667719     -134.8525614108193622       32.0730163921990652
     -32.1319446361766978     -134.8561593143448363       32.0815965756453210
     -32.6432722645523867     -134.8600859184305989       32.0897123955843568
     -33.1579213526996455     -134.8643521618039074       32.0973187452454525
     -33.6752038450596771     -134.8689674649113783       32.1043725239870170
     -34.1944254710063049     -134.8739396147407774       32.1108331251632180
     -34.7148876803881308     -134.8792745696914324       32.1166628936816778
     -35.2358895859611962     -134.8849761909972074       32.1218275465981051
     -35.7567299537205017     -134.8910461545352177       32.1262966019672263
     -36.2767098378582560     -134.8974838499160285       32.1300436242767375
     -36.7951352268706700     -134.9042863720947025       32.1330461468635917
     -37.3113190127964103     -134.9114486144716238       32.1352854899965905
     -37.8245828367637245     -134.9189632660403504       32.1367465288189393
     -38.3342588602673473     -134.9268209861371872       32.1374174833602382
     -38.8396914754037894     -134.9350104030646662       32.1372896501203016
     -39.3402389438580116     -134.9435183207021964       32.1363571690035386
     -39.8352749854105141     -134.9523297706556093       32.1346167394631550
     -40.3241903191053197     -134.9614282414950424       32.1320673620750483
     -40.8063941873685394     -134.9707958274536850       32.1287100371898617
     -41.2813158935531916     -134.9804134077274114       32.1245474337900419
     -41.7484056708384301     -134.9902738726352993       32.1195289065676732
     -42.2071329835379885     -135.0004623544699314       32.1132132890990363
     -42.6569945034065086     -135.0110928676993467       32.1050360869501290
     -43.0975157157970230     -135.0222615912056483       32.0945058943782229
     -43.5282455616600856     -135.0340460191277430       32.0812081762088681
     -43.9487536568354713     -135.0465044429122941       32.0648078409154209
     -44.3586281842590822     -135.0596755732300380       32.0450509957525256
     -44.7574741659754096     -135.0735783954211797       32.0217658727343348
     -45.1449128120110359     -135.0882122072891889       31.9948628259449066
     -45.5205826815339094     -135.1035570455391337       31.9643332203815049
     -45.8841430049604142     -135.1195741099594159       31.9302467869103523
     -46.2352787208856739     -135.1362076136680344       31.8927474850799015
     -46.5737061132716761     -135.1533866867562210       31.8520474670459635
     -46.8991781261283833     -135.1710275178635072       31.8084193862001676
     -47.2114895697894426     -135.1890358344196841       31.7621872765055961
     -47.5104783516138625     -135.2073093325113575       31.7137165180853273
     -47.7960242719570658     -135.2257402478888935       31.6634040444958522
     -48.0680480101018190     -135.2442177683042530       31.6116689962648678
     -48.3265103085593282     -135.2626300929090064       31.5589437991435986
     -48.5714112740637347     -135.2808664967868424       31.5056657941250116
     -48.8027897431239737     -135.2988192621333496       31.4522694408038070
     -49.0207226768224302     -135.3163853092096360       31.3991791118432282
     -49.2253245595846565     -135.3334676000772276       31.3468025489459130
     -49.4167467845369544     -135.3499764490654798       31.2955250571922434
     -49.5951770090375277     -135.3658305936521913       31.2457044395000381
     -49.7608384685720679     -135.3809580377690054       31.1976666982902984
     -49.9139892392914604     -135.3952967025023213       31.1517025240687353
     -50.0549214416689097     -135.4087948884904620       31.1080645704781027
     -50.1839603812311168     -135.4214115390055326       31.0669654989177566
     -50.3014636189800086     -135.4331163453885267       31.0285767754557860
     -50.4078199694833486     -135.4438896985584222       30.9930281822943527
     -50.5034484253523885     -135.4537224979239340       30.9604079971907744
     -50.5887970077257378     -135.4626158331578836       30.9307637858596074
     -50.6643415434255004     -135.4705805550300681       30.9041037446942930
     -50.7305843703073478     -135.4780433176765655       30.8786147969228324
     -50.7880529732166863     -135.4854785106990107       30.8522710642849880
     -50.8372985533657769     -135.4928036706372438       30.8254903080950839
     -50.8788945345098966     -135.4999453149181363       30.7986553918849246
     -50.9134350097470474     -135.5068391738369655       30.7721128587105213
     -50.9415331329726371     -135.5134285261619027       30.7461798143558021
     -50.9638194593303950     -135.5196625945123117       30.7211505534387470
     -50.9809402391700033     -135.5254948237234203       30.6973037157036401
     -50.9935556701659820     -135.5308808038332700       30.6749110324470955
     -51.0023381123747939     -135.5357754423027643       30.6542494185215659
     -51.0079702711071405     -135.5401286148018585       30.6356198277614311
     -51.0111433525749192     -135.5438775988389466       30.6193803877901480
     -51.0125551973372211     -135.5469328137428420       30.6060092193849762
     -51.0129083966200625     -135.5493874482219780       30.5951753719047090
     -51.0125551973372211     -135.5518243825770810       30.5843375292872572
     -51.0111433525749192     -135.5548088486407607       30.5709503919927066
     -51.0079702711071405     -135.5583988495860410       30.5546750675687662
     -51.0023381123747868     -135.5624699083572295       30.5359818002466064
     -50.9935556701659465     -135.5669248357125412       30.5152209380772774
     -50.9809402391695983     -135.5716796241804047       30.4926857870507959
     -50.9638194593276097     -135.5766560480807925       30.4686457834588786
     -50.9415331329576730     -135.5817774918849636       30.4433653894044198
     -50.9134350096808816     -135.5869663098189903       30.4171162270997115
     -50.8788945342590537     -135.5921419445501499       30.3901858694734841
     -50.8372985525280896     -135.5972194079741655       30.3628850421755487
     -50.7880529707014148     -135.6021078840581140       30.3355542965749976
     -50.7305843634098608     -135.6067092752035705       30.3085709406894956
     -50.6643415259409622     -135.6109186037641905       30.2823476551105450
     -50.5887969660545593     -135.6151776712864603       30.2548512084092778
     -50.5034483308128799     -135.6198799788841143       30.2242610459571424
     -50.4078197642993544     -135.6250122041402904       30.1905799187875132
     -50.3014631912161292     -135.6305529257798241       30.1538503331584238
     -50.1839595216464929     -135.6364724322082793       30.1141559557514569
     -50.0549197718382786     -135.6427326647660720       30.0716224798997303
     -49.9139860954452743     -135.6492873072087662       30.0264178923883946
     -49.7608327191172464     -135.6560820299734473       29.9787520889570622
     -49.5951667753616121     -135.6630548975193165       29.9288757977069402
     -49.4167290242195634     -135.6701369495843039       29.8770787831366675
     -49.2252944583155312     -135.6772529234980027       29.8236873085747014
     -49.0206727799451443     -135.6843221313173160       29.7690608613524041
     -48.8027087395586037     -135.6912594836736332       29.7135881578663685
     -48.5712823240655851     -135.6979766146114059       29.6576824563586250
     -48.3263087817277679     -135.7043830778270603       29.6017762288740656
     -48.0677384700755894     -135.7103877365876201       29.5463152980039681
     -47.7955565070806330     -135.7159001816139892       29.4917525030706820
     -47.5097822023997054     -135.7208320653258227       29.4385409961046065
     -47.2104682367322965     -135.7250984765472026       29.3871273447579746
     -46.8976995417919937     -135.7286194438149778       29.3379446399669099
     -46.5715918057560998     -135.7313211508330255       29.2914057320286361
     -46.2322896214080714     -135.7331370068244496       29.2478968804586970
     -45.8799668949149435     -135.7340089175037576       29.2077719055170526
     -45.5148309934088928     -135.7338885362320866       29.1713459732597009
     -45.1371267510833789     -135.7327386384554586       29.1388887296864176
     -44.7471405537186087     -135.7305344431524361       29.1106168183996097
     -44.3452035726523306     -135.7272646204988860       29.0866857911322221
     -43.9316930195726627     -135.7229332721409492       29.0671820292287073
     -43.5070310425021702     -135.7175613575869306       29.0521149045342639
     -43.0716816419027637     -135.7111879955396887       29.0414098570869328
     -42.6261463671787553     -135.7038713830094991       29.0349027935380555
     -42.1709595074791253     -135.6956894464522634       29.0323361129519490
     -41.7066825038038331     -135.6867400112051314       29.0333565181474995
     -41.2338957170176243     -135.6771403086469832       29.0375162920682328
     -40.7531971114413025     -135.6669847172725838       29.0444707400061972
     -40.2652072001890673     -135.6562871974365123       29.0542470565189994
     -39.7705642009328031     -135.6450535324257487       29.0669055992499636
     -39.2699216559479680     -135.6332929909626159       29.0824848852991771
     -38.7639466327544397     -135.6210181647791444       29.1010016510068432
     -38.2533178264760068     -135.6082448958522093       29.1224511481786159
     -37.7387236176185041     -135.5949919860318573       29.1468076196064239
     -37.2208601048452508     -135.5812811232242723       29.1740250460544139
     -36.7004291494950223     -135.5671365639084911       29.2040380575551666
     -36.1781364360457971     -135.5525849899463253       29.2367630846649398
     -35.6546895725316233     -135.5376551932199902       29.2720996564609983
     -35.1307962325002521     -135.5223778252764077       29.3099318739733796
     -34.6071624090693177     -135.5067851276629654       29.3501300087565582
     -34.0844913336674651     -135.4909106454437051       29.3925520591223055
     -33.5634823592215099     -135.4747890936928059       29.4370451078792605
     -33.0448292163980781     -135.4584560909326569       29.4834466162889335
     -32.5292182255426425     -135.4419481082295533       29.5315858123908725
     -32.0173265495883541     -135.4253022734583283       29.5812850821498152
     -31.5098204798220856     -135.4085560521994864       29.6323613520692390
     -31.0073537600350129     -135.3917470359762660       29.6846274981577736
     -30.5105659514272496     -135.3749128077666342       29.7378937601155968
     -30.0200808356020943     -135.3580907996803262       29.7919691281131556
     -29.5365048690181489     -135.3413181247645696       29.8466626849008279
     -29.0604256750312899     -135.3246314070852350       29.9017848962367516
     -28.5924105957140497     -135.3080665237285416       29.9571488193549875
     -28.1330052812535598     -135.2916584983408939       30.0125712724325204
     -27.6827323452958574     -135.2754412882957240       30.0678738995719605
     -27.2420900603240597     -135.2594476904230021       30.1228841739088438
     -26.8115510896020695     -135.2437091436304684       30.1774362915130148
     -26.3915612288515611     -135.2282556392073332       30.2313720239291541
     -25.9825383138726913     -135.2131155199032264       30.2845414553978785
     -25.5848712019871023     -135.1983154291159508       30.3368036336266087
     -25.1989188231584542     -135.1838801994059622       30.3880270857690569
     -24.8250092872370232     -135.1698327813104470       30.4380902248927256
     -24.4634390552183802     -135.1561941869520354       30.4868816456204570
     -24.1144721846672816     -135.1429834024206400       30.5343003043454679
     -23.7783396336549266     -135.1302174067690487       30.5802556221500375
     -23.4552386502028050     -135.1179110983568421       30.6246674735547479
     -23.1453322316012944     -135.1060773069835079       30.6674661102141215
     -22.8487486613845689     -135.0947268395253786       30.7085920172901439
     -22.5655811376595317     -135.0838684487924866       30.7479956872300093
     -22.2958874797475985     -135.0735088841145455       30.7856373567996400
     -22.0396899230142154     -135.0636529501201721       30.8214867005816551
     -21.7969750093685839     -135.0543035194330912       30.8555224781077690
     -21.5676935684176598     -135.0454615730770911       30.8877321604834343
     -21.3517607986774252     -135.0371262832511547       30.9181115461112235
     -21.1490564532077414     -135.0292950667592038       30.9466643518076978
     -20.9594251057349084     -135.0219636274117931       30.9734017965273338
     -20.7826765099264072     -135.0151260109913949       30.9983421935948087
     -20.6185860542210939     -135.0087746870075307       31.0215105595052201
     -20.4668953154218514     -135.0029006072643938       31.0429382313434878
     -20.3273127080455644     -134.9974932624974144       31.0626625002181171
     -20.1995142275937098     -134.9925407389386010       31.0807262627007788
     -20.0831442859470286     -134.9880297730402674       31.0971776905022708
     -19.9778166354020676     -134.9839458109252064       31.1120699196325141
     -19.8831153797177116     -134.9802730669055109       31.1254607566460741
     -19.7985960695881857     -134.9769945800579762       31.1374123999061467
     -19.7237868791760604     -134.9740922713586144       31.1479911740338906
     -19.6581906915000140     -134.9715438026426853       31.1572811551770279
     -19.6016421034829094     -134.9679530231052524       31.1713242341859100
     -19.5537508187076519     -134.9626965834741270       31.1927998629248080
     -19.5137926309582284     -134.9563510176568855       31.2191800103175794
     -19.4810627404614571     -134.9493396069553341       31.2486046582007617
     -19.4548627550959097     -134.9419887263184989       31.2796380647757140
     -19.4344943116663735     -134.9345587078727249       31.3111346863873656
     -19.4192558477482216     -134.9272626794960672       31.3421569121717738
     -19.4084409438808727     -134.9202794989122367       31.3719183103603747
     -19.4013373617898637     -134.9137641627487483       31.3997378710176562
     -19.3972261075913934     -134.9078582812687443       31.4249941245648792
     -19.3953796776680427     -134.9027038762733355       31.4470651576798588
     -19.3950580836379949     -134.8984659427049166       31.4652311802900719
     -19.3955854073106870     -134.8950419113376427       31.4799210453507428
