     -26.2637742993531518      -95.6202681721391343       21.5149437365225573
     -26.2638125188323386      -95.6172283877303784       21.5284377255905852
     -26.2647493593104429      -95.6134166730718675       21.5450793038193176
     -26.2672175184121990      -95.6087069784639283       21.5652300129696606
     -26.2718675593820450      -95.6032098105467014       21.5881951760016513
     -26.2793420839037921      -95.5970160968137179       21.6133704646227471
     -26.2902759015924872      -95.5902174378514360       21.6401524326491703
     -26.3052954929400968      -95.5829186830037685       21.6678835121584505
     -26.3250182217901667      -95.5752476277163652       21.6958100020748788
     -26.3500515722401722      -95.5673647040526646       21.7230401957345975
     -26.3809926295261512      -95.5594749478039915       21.7484924243363267
     -26.4184280899213597      -95.5518452231872146       21.7708196752113814
     -26.4629353122551834      -95.5448321091044903       21.7882866128182862
     -26.5150855328699713      -95.5389323364399559       21.7985458394159863
     -26.5753289216602475      -95.5335582148740201       21.8040336676914173
     -26.6440288717104750      -95.5274205536066177       21.8102740534579560
     -26.7216407151714819      -95.5204707663933164       21.8173196511226344
     -26.8085956977220370      -95.5126643611506267       21.8252077489488521
     -26.9052995179797314      -95.5039580950339229       21.8339728282131134
     -27.0121312054006850      -95.4943100260397557       21.8436463680816537
     -27.1294420721236342      -95.4836795748144738       21.8542566437314250
     -27.2575547416842561      -95.4720275962503422       21.8658285165591977
     -27.3967622575543963      -95.4593164623729962       21.8783832161277019
     -27.5473272742599598      -95.4455101577805607       21.8919381139032581
     -27.7094813354394596      -95.4305744027103913       21.9065064925321131
     -27.8834242488620987      -95.4144768640366294       21.9220973253932847
     -28.0693235378556878      -95.3971872805684171       21.9387150280798942
     -28.2673139837508032      -95.3786776021211296       21.9563592066758702
     -28.4774972642635014      -95.3589221692167399       21.9750244117641493
     -28.6999416911839518      -95.3378979524746910       21.9946999061418964
     -28.9346820603358168      -95.3155849619088684       22.0153694776296582
     -29.1817195547699555      -95.2919663830363532       22.0370112013368065
     -29.4410217514621841      -95.2670287622929521       22.0595972291862878
     -29.7125227522454587      -95.2407623794386495       22.0830936438737560
     -29.9961234362681282      -95.2131617856197607       22.1074603788942419
     -30.2916917175777165      -95.1842258379024031       22.1326510559155096
     -30.5990629393037459      -95.1539579805276219       22.1586129196635930
     -30.9180404405064593      -95.1223669472781097       22.1852869181838166
     -31.2483960783666284      -95.0894667753598952       22.2126076768706859
     -31.5898708818103096      -95.0552770162806127       22.2405035779448674
     -31.9421759050776686      -95.0198234732288398       22.2688970288761361
     -32.3049929595555625      -94.9831379834213578       22.2977045786092489
     -32.6779755802018101      -94.9452588373109307       22.3268372578004382
     -33.0607500586899192      -94.9062311387804982       22.3562009844741603
     -33.4529163944913677      -94.8661064630703521       22.3856968857341485
     -33.8540495742284691      -94.8249434703607932       22.4152219268397168
     -34.2637006350124480      -94.7828074062560972       22.4446693596323037
     -34.6813980650592200      -94.7397703967460387       22.4739294286041087
     -35.1066490883495561      -94.6959111411452454       22.5028899969001337
     -35.5389410442792908      -94.6513146485048225       22.5314372486758572
     -35.9777428516801123      -94.6060720695180208       22.5594564775698601
     -36.4225063999912777      -94.5602800598947937       22.5868328208716420
     -36.8726681461654735      -94.5140405766329224       22.6134521466396237
     -37.3276505357463932      -94.4674599996759810       22.6392018214423025
     -37.7868636780736722      -94.4206487740411973       22.6639716346609070
     -38.2497068076679128      -94.3737203997115159       22.6876545889458008
     -38.7155699979002108      -94.3267908791028873       22.7101478117248625
     -39.1838356625404245      -94.2799776455554905       22.7313533423419756
     -39.6538802800056729      -94.2333988283701274       22.7511789885615165
     -40.1250759295589816      -94.1871721759398781       22.7695390774584610
     -40.5967920066901939      -94.1414141865494116       22.7863552211113536
     -41.0683967649350237      -94.0962390753152533       22.8015569970606151
     -41.5392587792996650      -94.0517578529496490       22.8150826341790705
     -42.0087482793392724      -94.0080773646615313       22.8268797184795034
     -42.4762387739950498      -93.9652993419765323       22.8369058593144771
     -42.9411086212399908      -93.9235195344806044       22.8451292782051638
     -43.4027426593221151      -93.8828268594950686       22.8515292913259849
     -43.8605337818411840      -93.8433027118050944       22.8560967097007648
     -44.3138845440417697      -93.8050202677543012       22.8588341082694697
     -44.7622087194289477      -93.7680440420624706       22.8597560204452428
     -45.2049328553572991      -93.7324293493955452       22.8588889698202848
     -45.6414977757677036      -93.6982221798586323       22.8562714626824395
     -46.0713600345487251      -93.6654587515420047       22.8519537652067513
     -46.4939935427908608      -93.6341777995818489       22.8459486772338387
     -46.9088919152710062      -93.6044937995799842       22.8379287394838855
     -47.3155677495860303      -93.5765390663676015       22.8274671277411230
     -47.7135537752226710      -93.5504199513295589       22.8142138585949859
     -48.1024062511888246      -93.5262172096551296       22.7978976485196974
     -48.4817073820419324      -93.5039855541335498       22.7783250678037739
     -48.8510675275664212      -93.4837548225078763       22.7553787281046169
     -49.2101271757691237      -93.4655310357751006       22.7290141864682624
     -49.5585584604660099      -93.4492974159778385       22.6992557222912410
     -49.8960660929903952      -93.4350169089614440       22.6661915670330849
     -50.2223874032198268      -93.4226334534541536       22.6299681679025610
     -50.5372917918249840      -93.4120744490237911       22.5907843325642474
     -50.8405798730575000      -93.4032532766560450       22.5488851643962427
     -51.1320825341640699      -93.3960708591831690       22.5045556491485712
     -51.4116599786614259      -93.3904182961920668       22.4581144944753248
     -51.6792018864233214      -93.3861791297923816       22.4099078572780748
     -51.9346281911237000      -93.3832309310764259       22.3603027092634896
     -52.1778897258476988      -93.3814474865521191       22.3096802338712301
     -52.4089686989927941      -93.3807010167808755       22.2584292738656337
     -52.6278789950153083      -93.3808639121159700       22.2069398456475078
     -52.8346663298649375      -93.3818101799907367       22.1555968894145252
     -53.0294083106735599      -93.3834172680889054       22.1047745181082362
     -53.2122143670592251      -93.3855675357038706       22.0548306801524596
     -53.3832255634729478      -93.3881494179176741       22.0061023200144845
     -53.5426143032261450      -93.3910583672990242       21.9589011137548198
     -53.6905839315374465      -93.3941976182522211       21.9135098311616261
     -53.8273682490918475      -93.3974789068775806       21.8701793808539300
     -53.9532309271118891      -93.4008229076166714       21.8291264924294666
     -54.0684648325580284      -93.4041594813860172       21.7905320542046717
     -54.1733912682042913      -93.4074277639208503       21.7545400961292010
     -54.2683591312173093      -93.4105761070764657       21.7212573915809344
     -54.3537439933787070      -93.4135618796357790       21.6907536395404854
     -54.4299471060457734      -93.4163511360802801       21.6630621798084526
     -54.4973943372069485      -93.4189182522739969       21.6381812071525488
     -54.5565350388942392      -93.4216140571072771       21.6144822256410656
     -54.6078408493630363      -93.4248317163903295       21.5901468235904375
     -54.6518044344400238      -93.4284588323960179       21.5655391702374466
     -54.6889381714719249      -93.4323907161741261       21.5409921500647670
     -54.7197727794609250      -93.4365305734819884       21.5168061096089076
     -54.7448558990965708      -93.4407879774192907       21.4932550184255575
     -54.7647506264665793      -93.4450774034629461       21.4705923972626813
     -54.7800340043452252      -93.4493166682448759       21.4490577177714528
     -54.7912954750656596      -93.4534250576785581       21.4288842213981106
     -54.7991352990832397      -93.4573207879750072       21.4103097261028985
     -54.8041629434307680      -93.4609171036570672       21.3935934742100642
     -54.8069954443510170      -93.4641154801353764       21.3790457347992415
     -54.8082557484663226      -93.4667927881421150       21.3670839202000060
     -54.8085710369116654      -93.4689909060625581       21.3574027984480921
     -54.8082557484663226      -93.4712156180832494       21.3477277533736469
     -54.8069954443510170      -93.4739992415516383       21.3357902315598160
     -54.8041629434307751      -93.4774366219195230       21.3212971038686945
     -54.7991352990832397      -93.4814573792623520       21.3046778357073130
     -54.7912954750656738      -93.4860155050239001       21.2862546959218939
     -54.7800340043453531      -93.4910765513582760       21.2662988789838359
     -54.7647506264674462      -93.4966108971158292       21.2450601218704627
     -54.7448558991012959      -93.5025899452657541       21.2227835746291156
     -54.7197727794817936      -93.5089837163548765       21.1997206373583431
     -54.6889381715509870      -93.5157591387281713       21.1761368161348464
     -54.6518044347041041      -93.5228786753035735       21.1523181656742025
     -54.6078408501559451      -93.5302990684401436       21.1285772654300352
     -54.5565350410686492      -93.5379700399108032       21.1052594324563572
     -54.4973943427190548      -93.5458346677172159       21.0827415117205952
     -54.4299471191833177      -93.5543285734081564       21.0592147918130834
     -54.3537440231849942      -93.5638430301197843       21.0330600165619046
     -54.2683591959101435      -93.5744019033779608       21.0042866855693084
     -54.1733914030810411      -93.5860212904803035       20.9729395664849783
     -54.0684651036047228      -93.5987093216319153       20.9390999441747105
     -53.9532314536777378      -93.6124661481878491       20.9028864042643079
     -53.8273692405371023      -93.6272840438106755       20.8644550763545240
     -53.6905857448129211      -93.6431476316609377       20.8239992891613745
     -53.5426175309846855      -93.6600342486916446       20.7817485980660663
     -53.3832311656265830      -93.6779144473278933       20.7379671531325727
     -53.2122238627542004      -93.6967526136531887       20.6929513820882676
     -53.0294240525248597      -93.7165076093725560       20.6470269590349602
     -52.8346918880473098      -93.7371336733448288       20.6005451149299610
     -52.6279196855615226      -93.7585814396295234       20.5538782748333730
     -52.4090322985966779      -93.7807990103994058       20.5074150384045808
     -52.1779874249962035      -93.8037329759070815       20.4615545230984921
     -51.9347758491722686      -93.8273293070286769       20.4167001092668947
     -51.6794216676201117      -93.8515348158926059       20.3732528045871994
     -51.4119824694982270      -93.8762984763351795       20.3316041472990463
     -51.1325494740905953      -93.9015723616409730       20.2921286776992247
     -50.8412476801766076      -93.9273126613953195       20.2551761626168840
     -50.5382360574501917      -93.9534812962027104       20.2210637667928523
     -50.2237068732188376      -93.9800468927555386       20.1900680697532060
     -49.8978836977078473      -94.0069854472271942       20.1624174335252917
     -49.5610194009604967      -94.0342819476564671       20.1382852702170041
     -49.2133939375117890      -94.0619308766696776       20.1177839130081964
     -48.8553122759309275      -94.0899364949263060       20.1009594336444053
     -48.4871029055149663      -94.1183139811748362       20.0877876918249321
     -48.1091168806744491      -94.1470888765641121       20.0781710521303189
     -47.7217274754194207      -94.1762975074779263       20.0719363021346417
     -47.3253301134271709      -94.2059869071185432       20.0688334410380484
     -46.9203423378239677      -94.2362140199912943       20.0685353148563621
     -46.5072040391908672      -94.2670459998713000       20.0706385107941436
     -46.0863783559543023      -94.2985585690007611       20.0746655956333520
     -45.6583504318361193      -94.3307989256470449       20.0802428603671075
     -45.2236240442207773      -94.3637337153376592       20.0873424430612992
     -44.7827213227512217      -94.3973143424965997       20.0959776616867778
     -44.3361816011130898      -94.4314873053657209       20.1061532544195067
     -43.8845600421988777      -94.4661946149779226       20.1178652272543239
     -43.4284262540900627      -94.5013739892008715       20.1311007329977159
     -42.9683628609126842      -94.5369592552525546       20.1458380698983035
     -42.5049640657270231      -94.5728807588335627       20.1620467540959787
     -42.0388341489292401      -94.6090658368974147       20.1796876756843275
     -41.5705859640269182      -94.6454393760964479       20.1987133408671298
     -41.1008393570449471      -94.6819243756692828       20.2190681805450829
     -40.6302195969273043      -94.7184425965486270       20.2406889401601937
     -40.1593556952224944      -94.7549151835657568       20.2635051249077662
     -39.6888785680221687      -94.7912633736707448       20.2874395562095344
     -39.2194191083281254      -94.8274091023422869       20.3124090579707328
     -38.7516065535259244      -94.8632756908090897       20.3383252477126177
     -38.2860667431889112      -94.8987883501095695       20.3650953273986168
     -37.8234205074310097      -94.9338748676499478       20.3926229412286837
     -37.3642818976766122      -94.9684659809551022       20.4208089847909910
     -36.9092565891198348      -95.0024960371485037       20.4495524845966301
     -36.4589401098813966      -95.0359032056523745       20.4787513814535735
     -36.0139162678797433      -95.0686300692147910       20.5083033861512725
     -35.5747554137509852      -95.1006236829675373       20.5381067031622067
     -35.1420128966002920      -95.1318360355775781       20.5680608157065699
     -34.7162274078678408      -95.1622240146610210       20.5980671315324706
     -34.2979194610527713      -95.1917496360988764       20.6280296470037001
     -33.8875898749383637      -95.2203800424984195       20.6578555173365999
     -33.4857182690908033      -95.2480873874266223       20.6874555535889968
     -33.0927617522676414      -95.2748490259697860       20.7167447326944760
     -32.7091534646161151      -95.3006469203705393       20.7456424731059137
     -32.3353014412033133      -95.3254680059616248       20.7740730577766435
     -31.9715872448578473      -95.3493034430203465       20.8019657636269670
     -31.6183649137688825      -95.3721487637828318       20.8292551361080989
     -31.2759598849625533      -95.3940035270827593       20.8558811079210145
     -30.9446679484097302      -95.4148707370857494       20.8817890187552635
     -30.6247544753467800      -95.4347570477511482       20.9069297616139664
     -30.3164535383114071      -95.4536720405407948       20.9312596840036456
     -30.0199672178624297      -95.4716279378387185       20.9547405446361772
     -29.7354650760959949      -95.4886396574153764       20.9773395088314700
     -29.4630835865524787      -95.5047241522859878       20.9990289545244764
     -29.2029257356353256      -95.5199001389920710       21.0197863343531886
     -28.9550607768039541      -95.5341881353425890       21.0395940807576736
     -28.7195240001859204      -95.5476100292506914       21.0584393866814885
     -28.4963166177626093      -95.5601887598077298       21.0763139931738053
     -28.2854057794918603      -95.5719482087494043       21.0932140092596221
     -28.0867246940073194      -95.5829131759352464       21.1091397402400460
     -27.9001727990845652      -95.5931090753846888       21.1240954489954511
     -27.7256160528207154      -95.6025617804986325       21.1380891462116267
     -27.5628873280531081      -95.6112975430495027       21.1511323936527837
     -27.4117869007568302      -95.6193429459761433       21.1632401138261734
     -27.2720830299922099      -95.6267248842449078       21.1744304067527658
     -27.1435126112358560      -95.6334704477160926       21.1847243475466662
     -27.0257819239799026      -95.6396068829551922       21.1941458052264409
     -26.9185674650161104      -95.6451615846544314       21.2027212728372412
     -26.8215168623266180      -95.6501620959415533       21.2104797049840919
     -26.7342498668087210      -95.6546361163135686       21.2174523629315850
     -26.6563594188303732      -95.6586115158313675       21.2236726671944282
     -26.5874127865348058      -95.6621163553785863       21.2291760576089708
     -26.5269525044574941      -95.6651760974652632       21.2340126252814407
     -26.4743828774503740      -95.6666084685498959       21.2437100781029855
     -26.4291513485348055      -95.6659121087951689       21.2607029788031063
     -26.3907855587814417      -95.6636421798160796       21.2826351145055241
     -26.3587812830081383      -95.6602199712213093       21.3077629260650276
     -26.3326086226673084      -95.6559826213087092       21.3347316732785117
     -26.3117161262336872      -95.6512102971038729       21.3624523644152404
     -26.2955339500765106      -95.6461427314518176       21.3900262887553687
     -26.2834765633945402      -95.6409905289281994       21.4166929816190539
     -26.2749452730537385      -95.6359442288232486       21.4417882822391803
     -26.2693307785576238      -95.6311834152605229       21.4647022626536916
     -26.2660160226222956      -95.6268887518864119       21.4848241752716653
     -26.2643797839360644      -95.6232617445656246       21.5014529496938778
     -26.2637742993531518      -95.6202681721391343       21.5149437365225573
