  -66.791329877800024        47.230328363408667       -65.474665781814039     
  -65.267329877800023        47.249134113330072       -65.500735898909454     
  -63.743329877800022        47.267939863251478       -65.526806016004869     
  -62.219329877800021        47.286745613172883       -65.552876133100284     
  -56.113800407849205        47.362086203953503       -65.657319616178441     
  -56.105882710751075        47.362183906205196       -65.657455059282427     
  -56.094509388666168        47.362324579983969       -65.657650073142548     
  -56.079074229895753        47.362516116339819       -65.657915596997853     
  -56.058981954979764        47.362766517964673       -65.658262724854367     
  -56.033649815843134        47.363083955020358       -65.658702782876219     
  -56.002509160463859        47.363476828980119       -65.659247417880977     
  -55.965006958872976        47.363953843382568       -65.659908695403345     
  -55.920607286400283        47.364524080315960       -65.660699205665978     
  -55.868792760191845        47.365197081381666       -65.661632175676175     
  -55.809065925151273        47.364919395368588       -65.661247221578179     
  -55.740950585592934        47.365630162142800       -65.662232540503354     
  -55.663993079044282        47.366423480679181       -65.663332291310951     
  -55.577763488796023        47.367301647227116       -65.664549647420017     
  -55.481856791973499        47.368267081696004       -65.665887943946927     
  -55.375893940090961        47.369322616818586       -65.667351070553494     
  -55.259522869254269        47.370471838148177       -65.668943929336564     
  -55.132419437354642        47.371719467809363       -65.670672944980069     
  -54.994288282962280        47.373071722939649       -65.672546527200780     
  -54.844863605775529        47.374536677881800       -65.674575519885479     
  -54.683909873463193        47.376124754077054       -65.676773800713192     
  -54.511222445054514        47.377849152238532       -65.679158763450147     
  -54.326628111744405        47.379726255405650       -65.681751708352976     
  -54.129985554470018        47.381775995220863       -65.684578111536993     
  -53.921185716740020        47.384022155822130       -65.687667713885531     
  -53.700152094582144        47.386492641696833       -65.691054435311742     
  -53.466840943759216        47.389219709279722       -65.694776074727898     
  -53.221241403420649        47.392240147526238       -65.698873724740508     
  -52.963375529024859        47.395595264244093       -65.703390637162471     
  -52.693298250182075        47.399330981142214       -65.708370873956667     
  -52.411097266178871        47.403498288228874       -65.713857976745558     
  -52.116892857114955        47.408153640374614       -65.719892919844881     
  -51.810837616230963        47.413359420251354       -65.726511307721935     
  -51.493116137904337        47.419185120699964       -65.733740946012290     
  -51.163944585413915        47.425707741389097       -65.741599443575438     
  -50.823570111552712        47.433010845761437       -65.750091933966573     
  -50.472270188951853        47.441183375685064       -65.759210557825611     
  -50.110351791253834        47.450317057006870       -65.768934215343705     
  -49.738150448161015        47.460502852213942       -65.779228857138719     
  -49.356029237621968        47.471827736637763       -65.790049309343644     
  -48.964377664388522        47.484370658972033       -65.801340221459384     
  -48.563610508430116        47.498199547900086       -65.813038104330658     
  -48.154166617621613        47.513368549599257       -65.825072961500638     
  -47.736507653215753        47.529915762773598       -65.837369705054869     
  -47.311116842878064        47.547862638025357       -65.849849769444887     
  -46.878497716594921        47.567222449696068       -65.862442862148470     
  -46.439172809986999        47.588012786057597       -65.875103859430538     
  -45.993682318890144        47.610240507755520       -65.887791799673295     
  -45.542582697085308        47.633899802314268       -65.900466950497560     
  -45.086445242169596        47.658972171235142       -65.913090415342850     
  -44.625854610171558        47.685427054159980       -65.925624475103106     
  -44.161407350657271        47.713222220232090       -65.938032408173854     
  -43.693710349814104        47.742304570345460       -65.950278702764265     
  -43.223379315879846        47.772610803568320       -65.962328881316665     
  -42.751037171417828        47.804068481589830       -65.974149713106812     
  -42.277312512828964        47.836597061474293       -65.985709210102087     
  -41.802837955117333        47.870109096364487       -65.996976728227054     
  -41.328248565611233        47.904511462701485       -66.007922994917465     
  -40.854180168832251        47.939706523750104       -66.018520193381022     
  -40.381267744887708        47.975593083671988       -66.028742272575727     
  -39.910143697285591        48.012067191788375       -66.038565250567032     
  -39.441436241793014        48.049023045089314       -66.047967626604262     
  -38.975767669172306        48.086353742671939       -66.056930576652832     
  -38.513752742967320        48.123952187318771       -66.065438326543315     
  -38.055996974699781        48.161711758286778       -66.073478215607537     
  -37.603095048842810        48.199527175092072       -66.081041008755761     
  -37.155629127686048        48.237295051744965       -66.088120804775201     
  -36.714167324631617        48.274914697055365       -66.094715281624445     
  -36.279262057413234        48.312288521878223       -66.100825435208563     
  -35.851448590907111        48.349322761871449       -66.106455767955268     
  -35.431243461834185        48.385927723703411       -66.111613860235991     
  -35.019143105127469        48.422018403694260       -66.116310493722068     
  -34.615622385411449        48.457514611112629       -66.120559126433733     
  -34.221133305624420        48.492341421800511       -66.124375879467422     
  -33.836103697738835        48.526429321237018       -66.127779062682976     
  -33.460935997127010        48.559714356336343       -66.130788772787866     
  -33.096006133790674        48.592138398564259       -66.133426698807156     
  -32.741662400841548        48.623649037457810       -66.135715538723630     
  -32.398224525408821        48.654199911024890       -66.137679094718578     
  -32.065982706711878        48.683750437603884       -66.139341632735295     
  -31.745196773516348        48.712265669246463       -66.140727515664665     
  -31.436095472687356        48.739716332458045       -66.141861151930044     
  -31.138875766891079        48.766078455533460       -66.142766463031450     
  -30.853702277383384        48.791333250345950       -66.143466769281048     
  -30.580706827913534        48.815467019844959       -66.143984758268644     
  -30.319988031278275        48.838470757418719       -66.144342092462637     
  -30.071611000668096        48.860339920394900       -66.144559298935761     
  -29.835607173695891        48.881074317451883       -66.144655844592876     
  -29.611974201935976        48.900677784707753       -66.144649950639788     
  -29.400675938287865        48.919157881309282       -66.144558458207413     
  -29.201642532554608        48.936525688025100       -66.144396847740538     
  -29.014770625029794        48.952795641915735       -66.144179325772157     
  -28.839923622429129        48.967985276164157       -66.143918787371760     
  -28.676932067187675        48.982114976341194       -66.143626793710425     
  -28.525594104000191        48.995207802180822       -66.143313623692862     
  -28.385676036843449        49.007289327120660       -66.142988333832037     
  -28.256912975267110        49.018387502949118       -66.142658835162464     
  -28.139009565894302        49.028532523926707       -66.142331951263174     
  -28.031640806540494        49.037756684572635       -66.142013451233538     
  -27.934452943614136        49.046094269232384       -66.141708109538428     
  -27.847064448916022        49.053581457523791       -66.141419773024296     
  -27.769067072397569        49.060256237589961       -66.141151426986355     
  -27.700026967715107        49.066158325007493       -66.140905260501015     
  -27.639486363902972        49.072422162424452       -66.142136014033412     
  -27.586962908725049        49.076881864468291       -66.141907674870296     
  -27.541953893264857        49.080718120919066       -66.141731233765810     
  -27.503935672645756        49.083969027291566       -66.141596025344043     
  -27.472365602532502        49.086675864306571       -66.141493373483357     
  -27.446683524910991        49.088882752269839       -66.141416308530935     
  -27.426313299828145        49.090636308161294       -66.141359293194952     
  -27.410664378767351        49.091985309587997       -66.141317962347799     
  -27.399133415208500        49.092980369077182       -66.141288880883636     
  -27.391105907830347        49.093673621856134       -66.141269323248324     
  -27.385957871752620        49.094118430228889       -66.141257078176963     
  -27.383057533158251        49.094369107348861       -66.141250281750942     
  -27.381767042592379        49.094480662829682       -66.141247281416454     
  -21.285444202207003        49.621472679419249       -66.127073595727609     
  -19.761444202207002        49.753213706643415       -66.123530361952859     
  -18.237444202207001        49.884954733867581       -66.119987128178110     
  -16.713444202207000        50.016695761091746       -66.116443894403361     
