  -67.670323787867702       -21.618337107513323        67.820092453391240     
  -66.146323787867701       -21.609569250420428        67.792586319329843     
  -64.622323787867700       -21.600801393327533        67.765080185268445     
  -63.098323787867699       -21.592033536234638        67.737574051207048     
  -56.994474591841069       -21.556916949969974        67.627407847613568     
  -56.987952996486314       -21.556879430011911        67.627290141658108     
  -56.978585130187120       -21.556825628642372        67.627121358377480     
  -56.965871716026669       -21.556752790045191        67.626892852346629     
  -56.949322507769331       -21.556658280518032        67.626596361228792     
  -56.928457615017514       -21.556539617726269        67.626224097543869     
  -56.902808800765840       -21.556394502084640        67.625768847097262     
  -56.871920747775789       -21.556220849973172        67.625224073124429     
  -56.835352290268744       -21.556016828489931        67.624584025154249     
  -56.792677607522222       -21.555780891449029        67.623843851548386     
  -56.743487376051348       -21.555511809213908        67.622999692205411     
  -56.687389877169423       -21.555206632855860        67.622042289935408     
  -56.624012056844776       -21.554862289181241        67.620961990575637     
  -56.553000534911433       -21.554477183382307        67.619753763689644     
  -56.474022560846677       -21.554049980963558        67.618413368493108     
  -56.386766913504161       -21.553579657647738        67.616937488184902     
  -56.290944742386841       -21.553065558122551        67.615323876950526     
  -56.186290348265238       -21.552507465280318        67.613571516594149     
  -56.072561901193559       -21.551905682287018        67.611680778394685     
  -55.949542094511749       -21.551261113864758        67.609653531126114     
  -55.817038733776165       -21.550575331956988        67.607493126411853     
  -55.674885257998731       -21.549850739686413        67.605204588886266     
  -55.522941193929690       -21.549090754727121        67.602794724276961     
  -55.361092543121977       -21.548300032638693        67.600272158489503     
  -55.189252102018422       -21.547484756311871        67.597647323417362     
  -55.007359715578694       -21.546653013133838        67.594932372185397     
  -54.815382463823966       -21.545815284079911        67.592140990877056     
  -54.613314790547911       -21.544985100571978        67.589288142249003     
  -54.401178574099276       -21.544179911485912        67.586389693930158     
  -54.179023143795391       -21.543422224599002        67.583461896604604     
  -53.946925250186588       -21.542741049942574        67.580520483011270     
  -53.704988998465559       -21.542173809993784        67.577579473252882     
  -53.453345756969334       -21.541769102501203        67.574650314537010     
  -53.192154029229798       -21.541589857567626        67.571740576451603     
  -52.921599191585635       -21.541715442328147        67.568852524210655     
  -52.641893048539316       -21.542242234262940        67.565982386631731     
  -52.353273199907392       -21.543282667962451        67.563120658311746     
  -52.056002218500460       -21.544962322187924        67.560252413647405     
  -51.750366661755017       -21.547415435374692        67.557357786157226     
  -51.436675953472616       -21.550779910195327        67.554413792293076     
  -51.115261198897727       -21.555191948259605        67.551395627345030     
  -50.786473970601385       -21.560780858500010        67.548277416183126     
  -50.450685067129697       -21.567664846124728        67.545034016001495     
  -50.108283286038038       -21.575947317388977        67.541641808185645     
  -49.759674270661158       -21.585714837559117        67.538078823954123     
  -49.405279426275783       -21.597038080766897        67.534327680345470     
  -49.045534837151294       -21.609972929177953        67.530378092038774     
  -48.680890120597141       -21.624559379838363        67.526222763687258     
  -48.311807242684111       -21.640821650928800        67.521856898277690     
  -47.938759334259032       -21.658768315113782        67.517277470798192     
  -47.562229441677303       -21.678392938448077        67.512483632891133     
  -47.182709301226538       -21.699674602648781        67.507476234177190     
  -46.800698076675602       -21.722578692692601        67.502257673953096     
  -46.416701078254206       -21.747057925923016        67.496831974579123     
  -46.031228511629415       -21.773053323624723        67.491204220104109     
  -45.644794158589669       -21.800495561712466        67.485380748343729     
  -45.257914120970021       -21.829306223953679        67.479368677685230     
  -44.871105506599463       -21.859399261475382        67.473175829543450     
  -44.484885126278805       -21.890682335701456        67.466810684716265     
  -44.099768174594509       -21.923057678783731        67.460282287636034     
  -43.716266845428699       -21.956422846811240        67.453600343001270     
  -43.334889034699465       -21.990671385779621        67.446775011316234     
  -42.956136967489712       -22.025693650278178        67.439817135735041     
  -42.580505905923360       -22.061377597212186        67.432738359730664     
  -42.208482845568675       -22.097609541514991        67.425551125970543     
  -41.840545204346171       -22.134274921774495        67.418268718138648     
  -41.477159607639038       -22.171259062209916        67.410905317762555     
  -41.118780603308650       -22.208447856808007        67.403475870275273     
  -40.765849485277428       -22.245728480595819        67.395996097980174     
  -40.418793120088480       -22.282990047399345        67.388482421116635     
  -40.078022775308177       -22.320124212098349        67.380951806834901     
  -39.743933066676064       -22.357025807943167        67.373421824162733     
  -39.416900865663422       -22.393593347088540        67.365910398269989     
  -39.097284285401763       -22.429729528056857        67.358435690161699     
  -38.785421752706576       -22.465341786599971        67.351016084182262     
  -38.481631060234555       -22.500342709364805        67.343669831704261     
  -38.186208518228284       -22.534650453267847        67.336414941347698     
  -37.899428175249611       -22.568189112504864        67.329269149514843     
  -37.621541039651738       -22.600888900796516        67.322249580522453     
  -37.352774394223509       -22.632686329720329        67.315372629563029     
  -37.093331192726374       -22.663524364890858        67.308653995837602     
  -36.843389477263010       -22.693352417313026        67.302108430394497     
  -36.603101872132399       -22.722126302789999        67.295749581850487     
  -36.372595165380645       -22.749808204072650        67.289590020109557     
  -36.151969951609225       -22.776366567068688        67.283641212494430     
  -35.941300325304226       -22.801775900461312        67.277913346691335     
  -35.740633659631690       -22.826016585282506        67.272415292724617     
  -35.549990462590564       -22.849074676235553        67.267154628664017     
  -35.369364306740806       -22.870941686888145        67.262137685545397     
  -35.198721819818999       -22.891614317413538        67.257369472315560     
  -35.038002754712416       -22.911094192775202        67.252853671522772     
  -34.887120135130793       -22.929387597830537        67.248592673715919     
  -34.745960474745637       -22.946505211826317        67.244587620987531     
  -34.614384071163961       -22.962461859315187        67.240838471725496     
  -34.492225369516902       -22.977276260410413        67.237344026212668     
  -34.379293397175161       -22.990970792658736        67.234101944593235     
  -34.275372271174874       -23.003571278012341        67.231108792744678     
  -34.180221774906627       -23.015106786173241        67.228360089473398     
  -34.093578002257232       -23.025609453214081        67.225850352886681     
  -34.015154067323614       -23.035114314415509        67.223573145976118     
  -33.944640877599191       -23.043659149625352        67.221521121613492     
  -33.881707968340130       -23.051284338940640        67.219686067475536     
  -33.826004395655602       -23.058032726216606        67.218058951830301     
  -33.777159685463111       -23.063949498171336        67.216630001198126     
  -33.734784838199388       -23.069086776828918        67.215402381710405     
  -33.698473376845534       -23.073495456256204        67.214369044947361     
  -33.667802446114038       -23.077223969715249        67.213509611972583     
  -33.642333959207022       -23.080323296469537        67.212805272742827     
  -33.621615782611514       -23.082846720147355        67.212238538422298     
  -33.605182958583519       -23.084849585877290        67.211793003959485     
  -33.592558961970838       -23.086389057892621        67.211453125150967     
  -33.583256987944331       -23.087523879355214        67.211204014107778     
  -33.576781267131139       -23.088314136116573        67.211031256707528     
  -33.572628404574871       -23.088821026042400        67.210920755252630     
  -33.570288738886653       -23.089106635401308        67.210858599159209     
  -33.569247717900865       -23.089233723669498        67.210830966072706     
  -27.472987287108172       -23.833467693168817        67.049010508914407     
  -25.948987287108171       -24.019518237169194        67.008557122857667     
  -24.424987287108173       -24.205568781169571        66.968103736800927     
  -22.900987287108173       -24.391619325169948        66.927650350744187     
