     -30.4073334271145583      -34.5340384986694318      106.4353704681256971
     -30.4076467924905565      -34.5234352723676921      106.4387881402068956
     -30.4087500746983075      -34.5103502532720015      106.4429536817831092
     -30.4111605997591283      -34.4944933213635849      106.4479236657112864
     -30.4153879722022573      -34.4764041318095238      106.4534860579234419
     -30.4219372786037674      -34.4565514824370709      106.4594522764034252
     -30.4313073536108050      -34.4354036550935234      106.4656345745499948
     -30.4439891990785547      -34.4134716964700544      106.4718322116036973
     -30.4604644741381350      -34.3913425040767322      106.4778209421877904
     -30.4812040084804465      -34.3697118141971600      106.4833425505499775
     -30.5066663016266411      -34.3494251226972480      106.4880918244137860
     -30.5372959584120949      -34.3315370195842178      106.4916975690042449
     -30.5735219674725514      -34.3174079281260944      106.4936915033464118
     -30.6157556133663782      -34.3088800170796802      106.4934514979407822
     -30.6644109450921931      -34.3040322588905013      106.4915669699063301
     -30.7198968751099031      -34.2985139132624184      106.4894089968931610
     -30.7825818254150896      -34.2922778770315944      106.4869643775541022
     -30.8528145762845085      -34.2852890228889677      106.4842170177579987
     -30.9309233591858401      -34.2775143049579256      106.4811511617297128
     -31.0172149543320188      -34.2689228982074141      106.4777513971534972
     -31.1119738466053590      -34.2594863443935580      106.4740026619519995
     -31.2154614423406365      -34.2491787050488483      106.4698902533338583
     -31.3279153493247051      -34.2379767218656852      106.4653998398217851
     -31.4495487248723542      -34.2258599877042826      106.4605174867124049
     -31.5805496917761737      -34.2128111254380372      106.4552296876247652
     -31.7210808180056922      -34.1988159671517948      106.4495233811443029
     -31.8712786693448074      -34.1838637416544202      106.4433859807040790
     -32.0312534342861426      -34.1679472665434076      106.4368054105403729
     -32.2010886220278962      -34.1510631426758451      106.4297701467711903
     -32.3808408383848771      -34.1332119526331041      106.4222692753566548
     -32.5705396496472659      -34.1143984696086164      106.4142925939409849
     -32.7701874994100848      -34.0946318386997902      106.4058306472057893
     -32.9797597039396777      -34.0739257534345796      106.3968747778928901
     -33.1992045275006475      -34.0522986245660064      106.3874171955130379
     -33.4284433503447715      -34.0297737484866900      106.3774510974070466
     -33.6673709119201590      -34.0063794555276218      106.3669707927610801
     -33.9158555917902262      -33.9821492002101380      106.3559717233180635
     -34.1737397834716532      -33.9571216403244165      106.3444505396058162
     -34.4408403744922467      -33.9313407093953145      106.3324052594637834
     -34.7169492755761482      -33.9048556350066193      106.3198353719731557
     -35.0018339808656194      -33.8777208864255144      106.3067418456035398
     -35.2952382432503455      -33.8499961112814916      106.2931272377011567
     -35.5968828406390188      -33.8217460405140926      106.2789958491047742
     -35.9064663210249293      -33.7930402896312643      106.2643537048657549
     -36.2236658590548259      -33.7639531356865774      106.2492086152695094
     -36.5481382134704660      -33.7345632611347526      106.2335702928220229
     -36.8795206391576613      -33.7049533984832337      106.2174503188651613
     -37.2174319084614638      -33.6752099396902409      106.2008621655112819
     -37.5614734076566137      -33.6454224975338718      106.1838212315823995
     -37.9112301886370773      -33.6156833930381964      106.1663447988878346
     -38.2662721533553380      -33.5860870979400659      106.1484519892666043
     -38.6261552394388517      -33.5567296378627589      106.1301637279082115
     -38.9904226059481331      -33.5277079517882228      106.1115026839771360
     -39.3586059294552655      -33.4991191892088338      106.0924931118731820
     -39.7302266427353530      -33.4710600297460488      106.0731608414625384
     -40.1047972473574390      -33.4436259250528636      106.0535330782734036
     -40.4818226421843264      -33.4169103489718964      106.0336382617932429
     -40.8608014337269196      -33.3910040795416450      106.0135060317767710
     -41.2412273088369616      -33.3659943785923687      105.9931668501108959
     -41.6225903724281849      -33.3419643340228973      105.9726520923616135
     -42.0043785150589173      -33.3189920772219352      105.9519936690410020
     -42.3860787835812545      -33.2971501215174186      105.9312239289230035
     -42.7671787819312215      -33.2765047591757650      105.9103755961470910
     -43.1471680782229896      -33.2571153950514571      105.8894812912139543
     -43.5255395676191128      -33.2390341731318699      105.8685737855867330
     -43.9017908032959738      -33.2223054013122976      105.8476854189534464
     -44.2754253331810759      -33.2069652698660178      105.8268482391557512
     -44.6459540038971525      -33.1930415469595985      105.8060938412015730
     -45.0128962376115069      -33.1805532788591435      105.7854529795476282
     -45.3757813165080890      -33.1695108150397360      105.7649559637290366
     -45.7341495919152550      -33.1599155862025086      105.7446320058607938
     -46.0875537155277897      -33.1517602715027238      105.7245095426830943
     -46.4355598199815915      -33.1450289250838424      105.7046161581366164
     -46.7777486086992340      -33.1397361605533760      105.6849659055500013
     -47.1137163090383595      -33.1361685135651385      105.6654843309537597
     -47.4430761167483581      -33.1346927510737714      105.6460680898605631
     -47.7654592442201036      -33.1356153824017738      105.6266291379198066
     -48.0805155196015050      -33.1391810393972506      105.6070957808514805
     -48.3879140423248089      -33.1455721115481765      105.5874123317151145
     -48.6873438790307276      -33.1549095236616154      105.5675393491434875
     -48.9785147298411445      -33.1672543421123081      105.5474535939132039
     -49.2611575682000336      -33.1826099539117862      105.5271470595632053
     -49.5350253766675195      -33.2009252068091030      105.5066264907255515
     -49.7998939598439563      -33.2220982380978285      105.4859127085955350
     -50.0555627774363927      -33.2459807564441618      105.4650392163657102
     -50.3018557699843925      -33.2723829378309190      105.4440508823958140
     -50.5386221259640038      -33.3010788708650054      105.4230028477457637
     -50.7657369637712108      -33.3318122202821598      105.4019589680417113
     -50.9831017010814875      -33.3643020298263906      105.3809899819585354
     -51.1906442313664201      -33.3982486880259231      105.3601720141650873
     -51.3883190484471797      -33.4333398411935292      105.3395850871699082
     -51.5761073094674316      -33.4692561067400476      105.3193114714828909
     -51.7540168373733565      -33.5056765446132303      105.2994340188298850
     -51.9220820633102278      -33.5422838373234100      105.2800345773378297
     -52.0803639134654404      -33.5787691571110969      105.2611926480123401
     -52.2289496259082213      -33.6148365766455868      105.2429840270929731
     -52.3679525014146350      -33.6502070086285343      105.2254795512990171
     -52.4975115887037944      -33.6846216439509618      105.2087439772871420
     -52.6177913026869248      -33.7178448536898259      105.1928349763242494
     -52.7289809788877477      -33.7496665616885636      105.1778023180049644
     -52.8312943657536991      -33.7799040926923055      105.1636872747814664
     -52.9249690502947274      -33.8084034636596016      105.1505221282181139
     -53.0102658206989901      -33.8350401526257514      105.1383298338470382
     -53.0874679675137386      -33.8597193714752365      105.1271238463135376
     -53.1568805249621690      -33.8823758747798749      105.1169080977835506
     -53.2188294541871372      -33.9029733434285845      105.1076771198356710
     -53.2736607704212588      -33.9215033872257337      105.0994162966449750
     -53.3217396162735966      -33.9392490140203265      105.0916937781444460
     -53.3634492835110947      -33.9576434652517278      105.0840280386840817
     -53.3991901858532216      -33.9763870385442530      105.0764966586424833
     -53.4293787854657367      -33.9952049739561986      105.0691692571089959
     -53.4544464760350024      -34.0138484227974303      105.0621071357214333
     -53.4748384253091231      -34.0320895297689745      105.0553648241461389
     -53.4910123801703392      -34.0497167015798325      105.0489915694942198
     -53.5034374374377606      -34.0665295047364083      105.0430329528151958
     -53.5125927836688930      -34.0823324419546481      105.0375328778220876
     -53.5189664073147711      -34.0969263641363014      105.0325363369976230
     -53.5230537866617695      -34.1100950975277257      105.0280937428355656
     -53.5253565570622172      -34.1215819633750712      105.0242685553095328
     -53.5263811610160190      -34.1310452801886797      105.0211517527718428
     -53.5266374847165807      -34.1387163317672133      105.0186479620616353
     -53.5263811610160190      -34.1463933456061497      105.0161625126540486
     -53.5253565570622172      -34.1558804972103687      105.0131190314876193
     -53.5230537866617695      -34.1674209417400547      105.0094586644754600
     -53.5189664073147711      -34.1806848126023439      105.0053087353472563
     -53.5125927836688859      -34.1954271790799496      105.0007688437742530
     -53.5034374374377393      -34.2114435451307131      104.9959253256126601
     -53.4910123801701687      -34.2285463721920493      104.9908588900586750
     -53.4748384253082278      -34.2465517156926538      104.9856489796631536
     -53.4544464760309879      -34.2652706520985575      104.9803765827943351
     -53.4293787854505382      -34.2845030755487556      104.9751262845781667
     -53.3991901858024676      -34.3040326203969812      104.9699879595393668
     -53.3634492833586975      -34.3236219584184283      104.9650583489810742
     -53.3217396158556767      -34.3430079122136860      104.9604427026688285
     -53.2736607693618325      -34.3619024482484576      104.9562544972492759
     -53.2188294516621241      -34.3817479911903092      104.9520404572739807
     -53.1568805192334679      -34.4038362387917189      104.9473954658361095
     -53.0874679550800508      -34.4281689982664716      104.9423362787873941
     -53.0102657947765437      -34.4547201070696829      104.9368886757891630
     -52.9249689982019262      -34.4834344767910537      104.9310878422132021
     -52.8312942645536694      -34.5142275221199810      104.9249786333280099
     -52.7289807883459360      -34.5469850176077102      104.9186157047296462
     -52.6177909542065620      -34.5815634190438317      104.9120634942623269
     -52.4975109683952113      -34.6177906792336429      104.9053960423511427
     -52.3679514248174272      -34.6554675780164132      104.8986966340833220
     -52.2289478011065214      -34.6943695602344704      104.8920571970871691
     -52.0803608884014722      -34.7342491246265155      104.8855775709241271
     -51.9220771519968594      -34.7748387478643153      104.8793646198292890
     -51.7540090184103150      -34.8158543043218103      104.8735311257020300
     -51.5760950887419014      -34.8569989628068910      104.8681944978701779
     -51.3883002760737568      -34.8979675148956048      104.8634752930857985
     -51.1906158606587454      -34.9384510511667159      104.8594954609153405
     -50.9830594743996812      -34.9781420154098655      104.8563766071706311
     -50.7656750059928825      -35.0167395205774667      104.8542381611418932
     -50.5385324202680977      -35.0539548213349903      104.8531953985409757
     -50.3017274810955826      -35.0895168144573759      104.8533572315792384
     -50.0553813890323696      -35.1231775357027445      104.8548239954616434
     -49.7996405109616944      -35.1547176796348708      104.8576856013455512
     -49.5346762653961719      -35.1839519087626442      104.8620195034174287
     -49.2606849209863569      -35.2107338336280549      104.8678883733035150
     -48.9778873611612440      -35.2349608091827733      104.8753382323059498
     -48.6865287536180560      -35.2565784175358203      104.8843969611480134
     -48.3868780158047613      -35.2755842768916636      104.8950724616996126
     -48.0792270833763453      -35.2920312515437047      104.9073510612983284
     -47.7638900442384298      -35.3060301895312136      104.9211968821599186
     -47.4412021063650826      -35.3177516300830305      104.9365508111001049
     -47.1115184825986333      -35.3274266353104380      104.9533297578164621
     -46.7752132272979821      -35.3353469826122719      104.9714270786417671
     -46.4326778116276842      -35.3418633977733094      104.9907126714156504
     -46.0843200935647701      -35.3472459384912483      105.0110798489389765
     -45.7305636588254742      -35.3514938493721687      105.0325097798958467
     -45.3718464703184239      -35.3545748701913212      105.0549902388767833
     -45.0086196875049254      -35.3564643749593515      105.0785028454452714
     -44.6413464692775150      -35.3571454914991179      105.1030230487135100
     -44.2705007208680854      -35.3566090185160959      105.1285197966080318
     -43.8965658601805018      -35.3548535844934122      105.1549562115041425
     -43.5200335098746081      -35.3518853769860826      105.1822892723612739
     -43.1414022017345573      -35.3477180662923303      105.2104703496619180
     -42.7611760577632012      -35.3423725696384849      105.2394455287374768
     -42.3798634456987457      -35.3358766586255086      105.2691557127503330
     -41.9979756465342291      -35.3282647380420656      105.2995374627790710
     -41.6160255046946048      -35.3195772907134895      105.3305230471132177
     -41.2345261156306506      -35.3098605285284393      105.3620412611334984
     -40.8539895173589542      -35.2991658735502725      105.3940178360812894
     -40.4749253338640926      -35.2875494349770449      105.4263759395971078
     -40.0978394171318371      -35.2750715447727856      105.4590369512875014
     -39.7232325200890912      -35.2617961211935054      105.4919207977930569
     -39.3515989367454537      -35.2477901756456333      105.5249467622428199
     -38.9834252073201810      -35.2331231963303892      105.5580339447511591
     -38.6191888039324027      -35.2178665744279513      105.5911018428153909
     -38.2593568365445762      -35.2020930537886159      105.6240709697974296
     -37.9043848306288211      -35.1858761350361817      105.6568632803744379
     -37.5547154487701746      -35.1692895498666260      105.6894027277591874
     -37.2107773245777622      -35.1524067281001393      105.7216157004476003
     -36.8729838924495468      -35.1353002895126707      105.7534314164489189
     -36.5417322222387284      -35.1180415731553239      105.7847822977555694
     -36.2174019844279940      -35.1007002059722737      105.8156043177189503
     -35.9003543633379039      -35.0833436863375496      105.8458372387818542
     -35.5909310441225841      -35.0660370154853283      105.8754248371009794
     -35.2894533158725849      -35.0488423901310995      105.9043151466681536
     -34.9962211306635709      -35.0318188921121205      105.9324605212352566
     -34.7115122641554521      -35.0150222448863389      105.9598177246383699
     -34.4355815832014187      -34.9985046412735272      105.9863480663859718
     -34.1686602893200870      -34.9823145580583486      106.0120173327513413
     -33.9109552532399547      -34.9664966296461728      106.0367957390448765
     -33.6626484616465689      -34.9510915946364875      106.0606579548321236
     -33.4238964908317868      -34.9361362462963996      106.0835830038976724
     -33.1948300299704329      -34.9216634008706208      106.1055540929494327
     -32.9755535084238076      -34.9077019229497125      106.1265585010893062
     -32.7661448141761653      -34.8942767954862703      106.1465875062193618
     -32.5666550476348533      -34.8814091778870647      106.1656361902031591
     -32.3771083510867399      -34.8691164858080995      106.1837032385415256
     -32.1975018293237198      -34.8574125032002371      106.2007907801926621
     -32.0278055497468372      -34.8463075124793917      106.2169042375800245
     -31.8679626210648657      -34.8358084381321831      106.2320521842978849
     -31.7178893256610870      -34.8259189751445817      106.2462461334036874
     -31.5774753379916397      -34.8166397354859285      106.2595003684983368
     -31.4465840203264051      -34.8079684004667769      106.2718317903726302
     -31.3250527918269164      -34.7998998733353062      106.2832597695506394
     -31.2126935702183665      -34.7924264308390647      106.2938060069128454
     -31.1092932867287786      -34.7855378747617152      106.3034944102321049
     -31.0146144649604096      -34.7792216731253774      106.3123509585561948
     -30.9283958683004840      -34.7734630979074595      106.3204035775351741
     -30.8503532156737137      -34.7682453609203606      106.3276820317866651
     -30.7801799608833804      -34.7635497445732966      106.3342178242723008
     -30.7175481332007223      -34.7593557275504139      106.3400441018771829
     -30.6621092367245396      -34.7556411056693548      106.3451955663390294
     -30.6134952569398493      -34.7523720938452954      106.3497116584028390
     -30.5713415293853714      -34.7452172853908721      106.3550352696095871
     -30.5352535058993482      -34.7322713958491747      106.3618170958770861
     -30.5048010680429833      -34.7153874218283036      106.3694816230259050
     -30.4795412978364162      -34.6959378214708565      106.3776113954500602
     -30.4590187731947566      -34.6749902868226485      106.3858897837878317
     -30.4427663040249392      -34.6534043457760177      106.3940694184700959
     -30.4303058925999501      -34.6318905636092538      106.4019527528399465
     -30.4211498178263611      -34.6110513363192993      106.4093786023230308
     -30.4148017863259454      -34.5914137579423908      106.4162112643313662
     -30.4107581056869911      -34.5734625939322484      106.4223296176181606
     -30.4085088246695747      -34.5576834585019697      106.4276129301274807
     -30.4075387506193771      -34.5446330625665396      106.4319179104424222
     -30.4073334271145583      -34.5340384986694318      106.4353704681256971
