  -62.521566555790287       -122.93283370937148       -40.418053706270719     
  -60.997566555790286       -122.93432367543727       -40.418543579695786     
  -59.473566555790285       -122.93581364150306       -40.419033453120853     
  -57.949566555790284       -122.93730360756885       -40.419523326545921     
  -51.843559067796626       -122.94327325583303       -40.421486037045668     
  -51.835244216827142       -122.94328138499694       -40.421488709765171     
  -51.823300428483051       -122.94329331939441       -40.421492633575468     
  -51.807091111600208       -122.94331000153863       -40.421498118357341     
  -51.785991172668624       -122.94333255516224       -40.421505533572706     
  -51.759388700488600       -122.94336234274455       -40.421515327176159     
  -51.726686615210653       -122.94340102919337       -40.421528046545205     
  -51.687304277307589       -122.94345065086139       -40.421544361150019     
  -51.640679052133358       -122.94351368902547       -40.421565086653203     
  -51.586267825842924       -122.94359314691987       -40.421591210094078     
  -51.523548468575413       -122.94369260977638       -40.421623909305509     
  -51.452021240892812       -122.94381054417082       -40.421662677961486     
  -51.371210139773360       -122.94394472703428       -40.421706780393592     
  -51.280664180554005       -122.94409669213438       -40.421756710938482     
  -51.179958611340254       -122.94426830329526       -40.421813062615357     
  -51.068696056697533       -122.94446186044115       -40.421876553890385     
  -50.946507587648021       -122.94468022076541       -40.421948054923817     
  -50.813053715254000       -122.94492693394069       -40.422028609946494     
  -50.668025305352536       -122.94520638975069       -40.422119450953112     
  -50.511144412120110       -122.94552397039224       -40.422221994206843     
  -50.342165027805834       -122.94588617996577       -40.422337802384639     
  -50.160873749778013       -122.94630082054091       -40.422468524279694     
  -49.967090362552810       -122.94677717381070       -40.422615784199927     
  -49.760668333934269       -122.94732617578600       -40.422780998192252     
  -49.541495225273344       -122.94796057090781       -40.422965088413420     
  -49.309493014435802       -122.94869493538040       -40.423168028364181     
  -49.064618339537262       -122.94954591890250       -40.423388294042113     
  -48.806862662068468       -122.95053251733789       -40.423622108380783     
  -48.536252350583162       -122.95167626052032       -40.423862375008930     
  -48.252848689012090       -122.95300127816540       -40.424097202913025     
  -47.956747826435056       -122.95453487528688       -40.424308114500199     
  -47.648080668929360       -122.95630812057099       -40.424467615998729     
  -47.327012722749821       -122.95835623737615       -40.424535848479408     
  -46.993743889147765       -122.96071966999631       -40.424456845502995     
  -46.648508102813302       -122.96344473551142       -40.424155811219379     
  -46.291572760257225       -122.96658309431572       -40.423538014670051     
  -45.923237949375782       -122.97019138596663       -40.422489862967737     
  -45.543835461108465       -122.97432974257812       -40.420881854116807     
  -45.153727611143076       -122.97905967748426       -40.418573186206878     
  -44.753305925573102       -122.98444220710849       -40.415417521786296     
  -44.342989728353835       -122.99053499057335       -40.411268665454095     
  -43.923224686076722       -122.99739075847712       -40.405986269548137     
  -43.494481320187646       -123.00505517844486       -40.399440617373045     
  -43.057253507240517       -123.01356559036637       -40.391516738946230     
  -42.612057038451439       -123.02295009908136       -40.382116503493471     
  -42.159428254290852       -123.03322962780021       -40.371159288569515     
  -41.699922642633680       -123.04442082409687       -40.358582600758361     
  -41.234113376858275       -123.05653237522252       -40.344340623589908     
  -40.762589809826601       -123.06956455346027       -40.328403775907525     
  -40.285955927213976       -123.08350926150479       -40.310758314410357     
  -39.804828771618709       -123.09835029994052       -40.291405839856623     
  -39.319836836702144       -123.11406365811459       -40.270362628240960     
  -38.831618444600920       -123.13061792479139       -40.247658805407724     
  -38.340820097440201       -123.14797484499717       -40.223337385435933     
  -37.848094825529067       -123.16608984513466       -40.197453120787571     
  -37.354100508997057       -123.18491281766248       -40.170071284362493     
  -36.859498211045249       -123.20438876038079       -40.141266269606035     
  -36.364950481054507       -123.22445870136866       -40.111120189308721     
  -35.871119669851730       -123.24506035763108       -40.079721537472174     
  -35.378666181790408       -123.26612887316301       -40.047164405770843     
  -34.888246749041002       -123.28759730740889       -40.013547814630044     
  -34.400512682424178       -123.30939729488628       -39.978975085921959     
  -33.916108163166541       -123.33145957022253       -39.943553156563233     
  -33.435668525665008       -123.35371457813824       -39.907391910752224     
  -32.959818581789413       -123.37609299554553       -39.870603482089848     
  -32.489170954690238       -123.39852630167495       -39.833301576035140     
  -32.024324452665702       -123.42094725900397       -39.795600774446541     
  -31.565862469120912       -123.44329036974237       -39.757615850223729     
  -31.114351425284134       -123.46549228280990       -39.719461088894811     
  -30.670339252145286       -123.48749219951674       -39.681249639528033     
  -30.234353923158420       -123.50923220256612       -39.643092874375242     
  -29.806902029243918       -123.53065754682508       -39.605099776608057     
  -29.388467423249960       -123.55171692232480       -39.567376361633301     
  -28.979509899497490       -123.57236259990378       -39.530025099250189     
  -28.580463973681539       -123.59255067488131       -39.493144360500978     
  -28.191737685593413       -123.61224109525806       -39.456827821821314     
  -27.813711521261144       -123.63139787363778       -39.421164013138132     
  -27.446737354841542       -123.64998899479150       -39.386235861394674     
  -27.091137503666349       -123.66798649235417       -39.352120379972320     
  -26.747203843633937       -123.68536638185024       -39.318888399503983     
  -26.415196992969573       -123.70210849852666       -39.286604353424416     
  -26.095345611617891       -123.71819650346208       -39.255326195123438     
  -25.787845749407282       -123.73361763521957       -39.225105306488025     
  -25.492860297470621       -123.74836255126655       -39.195986500877062     
  -25.210518540830538       -123.76242523607682       -39.168008104461421     
  -24.940915775955879       -123.77580271283695       -39.141202025363192     
  -24.684113032730171       -123.78849484222566       -39.115593892544162     
  -24.440136899410327       -123.80050419717448       -39.091203252390045     
  -24.208979426257368       -123.81183581579211       -39.068043752758427     
  -23.990598125104853       -123.82249697245527       -39.046123351756897     
  -23.784916069677031       -123.83249700891645       -39.025444560432348     
  -23.591822091320090       -123.84184718718353       -39.006004710726209     
  -23.411171060911325       -123.85056048298539       -38.987796208825209     
  -23.242784266491952       -123.85865141191699       -38.970806788459932     
  -23.086449885889550       -123.86613589127496       -38.955019761076997     
  -22.941923550847207       -123.87303111820543       -38.940414254722405     
  -22.808929001552372       -123.87935546909470       -38.926965441920778     
  -22.687158827056432       -123.88512839197898       -38.914644747243813     
  -22.576275291687192       -123.89037031463116       -38.903420042164861     
  -22.475911245863095       -123.89510257575920       -38.893255830689213     
  -22.385671117646442       -123.89934736744111       -38.884113424039924     
  -22.305131982087637       -123.90312768678240       -38.875951106465997     
  -22.233844705226733       -123.90646729507405       -38.868724294825313     
  -22.171335159415509       -123.90939071230423       -38.862385703963497     
  -22.117105508966116       -123.91193556106110       -38.856889340836815     
  -22.070635553049723       -123.91413148127147       -38.852184128593265     
  -22.031384132660822       -123.91599722610475       -38.848213176271543     
  -21.998790597282714       -123.91755410753433       -38.844918122558660     
  -21.972276321070556       -123.91882569340173       -38.842239218741334     
  -21.951246267242084       -123.91983751057086       -38.840115418639336     
  -21.935090596381396       -123.92061675734303       -38.838484476315969     
  -21.923186314280461       -123.92119202847708       -38.837283052222588     
  -21.914898954843558       -123.92159305596280       -38.836446828274148     
  -21.909584293489942       -123.92185046843673       -38.835910632219843     
  -21.906590086409619       -123.92199557182465       -38.835608571557998     
  -21.905257830960867       -123.92206015345985       -38.835474177130187     
  -15.808924542443723       -124.21758243701942       -38.220492099316161     
  -14.284924542443722       -124.29145896883455       -38.066754985180040     
  -12.760924542443723       -124.36533550064968       -37.913017871043920     
  -11.236924542443722       -124.43921203246481       -37.759280756907799     
