     -21.9049245424437231     -123.9220763115603887      -38.8354405564143690
     -21.9068379250059095     -123.9263067812734249      -38.8218508029306193
     -21.9101183292457549     -123.9314780333416053      -38.8051885097546361
     -21.9154707122880552     -123.9376708454042983      -38.7851587096778232
     -21.9234718603770524     -123.9446339391462999      -38.7625324585681668
     -21.9347028857768791     -123.9521450275426275      -38.7379889927591918
     -21.9497369867347913     -123.9599828454757073      -38.7122059393222742
     -21.9691312630772302     -123.9679100388914037      -38.6859147486100809
     -21.9934200775602982     -123.9756601496380739      -38.6599430284719219
     -22.0231084620286097     -123.9829246435201924      -38.6352567593251663
     -22.0586643751690090     -123.9893367543154739      -38.6130127140976214
     -22.1005082530026726     -123.9944479303431280      -38.5946345568576419
     -22.1489970240231386     -123.9976892514046369      -38.5819370336260903
     -22.2043963643544942     -123.9983010370184644      -38.5773519500002351
     -22.2675116711411043     -123.9970201911806384      -38.5784712915645756
     -22.3394879807301976     -123.9955497671108304      -38.5797609915119466
     -22.4208054042646481     -123.9938818624989665      -38.5812162764745210
     -22.5119172616230223     -123.9920046640037015      -38.5828447987035119
     -22.6132503212817753     -123.9899064260590222      -38.5846537473332418
     -22.7252036114702669     -123.9875754647847970      -38.5866498529510835
     -22.8481473001023048     -123.9850001568816680      -38.5888393928291364
     -22.9824216467654523     -123.9821689449453999      -38.5912281947101334
     -23.1283360298783798     -123.9790703515107140      -38.5938216375160437
     -23.2861680531488098     -123.9756930182335850      -38.5966246520718030
     -23.4561627311764269     -123.9720257444436129      -38.5996417121894098
     -23.6385317561941619     -123.9680575234938402      -38.6028768143622827
     -23.8334528501935132     -123.9637775993915483      -38.6063334521763863
     -24.0410692038421878     -123.9591755358171241      -38.6100145824469152
     -24.2614890081109067     -123.9542413309165738      -38.6139225933106971
     -24.4947850836491519     -123.9489655384179372      -38.6180592639034614
     -24.7409946293268383     -123.9433393341394236      -38.6224257109865974
     -25.0001190614883946     -123.9373546187278095      -38.6270223567674833
     -25.2721239460035996     -123.9310041971732090      -38.6318489223383352
     -25.5569390296419243     -123.9242819281490569      -38.6369044145764065
     -25.8544583663528336     -123.9171827809809514      -38.6421870898112232
     -26.1645405672923133     -123.9097030095424259      -38.6476944622798655
     -26.4870091684811548     -123.9018403758518900      -38.6534233392879898
     -26.8216530826619852     -123.8935941635587739      -38.6593698048437204
     -27.1682271904699562     -123.8849653583057062      -38.6655292720259212
     -27.5264530488563963     -123.8759568387863368      -38.6718965579081271
     -27.8960196811398937     -123.8665733426743429      -38.6784659096100185
     -28.2765845280725614     -123.8568216979110019      -38.6852311363603647
     -28.6677744747238101     -123.8467108249863031      -38.6921856945962048
     -29.0691869986699594     -123.8362517630749124      -38.6993228057646448
     -29.4803914458069478     -123.8254577882198788      -38.7066356283011004
     -29.9009303625754619     -123.8143442645973522      -38.7141173710201798
     -30.3303209353779906     -123.8029287577206219      -38.7217614993367647
     -30.7680562864502392     -123.7912308552990055      -38.7295617892027266
     -31.2136069828483151     -123.7792722394110996      -38.7375123932887320
     -31.6664226177748489     -123.7670765125025696      -38.7456078081724726
     -32.1259335139451210     -123.7546691592561388      -38.7538428652766314
     -32.5915524340622227     -123.7420773658196680      -38.7622126583473943
     -33.0626763873840090     -123.7293298856447024      -38.7707124673834898
     -33.5386884334651683     -123.7164568484877378      -38.7793376480247218
     -34.0189595641141338     -123.7034895926399116      -38.7880835135311415
     -34.5028505629905879     -123.6904604380977588      -38.7969451862502197
     -34.9897139285256742     -123.6774024140430726      -38.8059174259673298
     -35.4788957543408117     -123.6643490459628651      -38.8149944718888946
     -35.9697376581409642     -123.6513340407571349      -38.8241698516396667
     -36.4615786499013481     -123.6383910868703566      -38.8334362297251943
     -36.9537570288086883     -123.6255534955045619      -38.8427852139768319
     -37.4456123254117088     -123.6128540164450982      -38.8522072459053334
     -37.9364884152604986     -123.6003243689154232      -38.8616917188188538
     -38.4257366065894530     -123.5879948008466584      -38.8712276673455079
     -38.9127175371858840     -123.5758935174616795      -38.8808045360609853
     -39.3968028316610486     -123.5640462371180632      -38.8904129529070275
     -39.8773766588155283     -123.5524757719660158      -38.9000454599132723
     -40.3538371780226086     -123.5412016097161398      -38.9096971817887365
     -40.8255978930678083     -123.5302396851893434      -38.9193664839013564
     -41.2920889315477453     -123.5196019840782071      -38.9290555043499182
     -41.7527582769628864     -123.5092965059646275      -38.9387707301281196
     -42.2070730014819446     -123.4993269151393918      -38.9485234188579952
     -42.6545205621636114     -123.4896926424126349      -38.9583301324415316
     -43.0946089426194021     -123.4803725960163092      -38.9682638434354516
     -43.5268622441057786     -123.4712266835137768      -38.9787670782076958
     -43.9508336472095564     -123.4620737449346137      -38.9904039189180764
     -44.3661070189391111     -123.4527493148666935      -39.0036776875754754
     -44.7722861798354046     -123.4431073776328844      -39.0190264937499904
     -45.1689889244619778     -123.4330217490358450      -39.0368190973593414
     -45.5558423434808972     -123.4223877155870923      -39.0573512985663740
     -45.9324789160188871     -123.4111227742777146      -39.0808425736482903
     -46.2985346175662542     -123.3991682438511646      -39.1074337276934685
     -46.6536503181185864     -123.3864895537087278      -39.1371853519828008
     -46.9974770769405694     -123.3730765499750817      -39.1700782001235197
     -47.3296845365391832     -123.3589429485237048      -39.2060158543484860
     -47.6499703836105510     -123.3441245646035611      -39.2448298411428524
     -47.9580692442241556     -123.3286776053471527      -39.2862873837926401
     -48.2537613941877694     -123.3126757036441177      -39.3301011485365279
     -48.5368744176175255     -123.2962065348368839      -39.3759402775384544
     -48.8072806237522130     -123.2793690786669174      -39.4234411531814288
     -49.0648949073815359     -123.2622706647095612      -39.4722172384096339
     -49.3096730654292159     -123.2450240590355577      -39.5218681445026121
     -49.5416104281580090     -123.2277451297645570      -39.5719881271846461
     -49.7607406986687550     -123.2105504963033269      -39.6221738206991674
     -49.9671349362206598     -123.1935552323413106      -39.6720312168457596
     -50.1609006386903644     -123.1768707658430486      -39.7211819141647027
     -50.3421808922098464     -123.1606031860711568      -39.7692686849465531
     -50.5111535530512725     -123.1448516254589407      -39.8159602376041093
     -50.6680304407287423     -123.1297068393562171      -39.8609552053482901
     -50.8130565232387639     -123.1152500049412879      -39.9039853685103409
     -50.9465090790500810     -123.1015517547993738      -39.9448181260257087
     -51.0686968244138484     -123.0886714845988337      -39.9832582498442974
     -51.1799589933786478     -123.0766568595627746      -40.0191489292164917
     -51.2806643638014776     -123.0655435375940669      -40.0523721518964848
     -51.3712102242040629     -123.0553551037070292      -40.0828484710188349
     -51.4520212781076367     -123.0461032013063090      -40.1105362116421063
     -51.5235484841899236     -123.0377878428441676      -40.1354301769229096
     -51.5862678320026191     -123.0298612556560300      -40.1592039327376753
     -51.6406790543795609     -123.0217106254294208      -40.1837265442481737
     -51.6873042780556560     -123.0134579989119032      -40.2086147198779713
     -51.7266866154346516     -123.0052153678258122      -40.2335177116771092
     -51.7593887005476816     -122.9970841865685713      -40.2581185802324342
     -51.7859911726819959     -122.9891573876709998      -40.2821278051075282
     -51.8070911116027020     -122.9815213223429566      -40.3052771350217043
     -51.8233004284834138     -122.9742578653240770      -40.3273129532940047
     -51.8352442168271779     -122.9674470057244235      -40.3479881830954525
     -51.8435590677966331     -122.9611704559681158      -40.3670511168473709
     -51.8488913544844934     -122.9555173140224582      -40.3842280237777658
     -51.8518954897462834     -122.9505940543250375      -40.3991926171935418
     -51.8532321622917891     -122.9465435104442292      -40.4115082006948114
     -51.8535665557902874     -122.9432636667630021      -40.4214828843359442
     -51.8532321622917891     -122.9399844570306897      -40.4314577764076830
     -51.8518954897462834     -122.9359364519839772      -40.4437741946308833
     -51.8488913544844934     -122.9310189259656880      -40.4587406731748587
     -51.8435590677966260     -122.9253760556979387      -40.4759209572439573
     -51.8352442168271068     -122.9191157642694350      -40.4949892364348969
     -51.8233004284826890     -122.9123287734647789      -40.5156723138569390
     -51.8070911115977211     -122.9050986807342980      -40.5377191016929785
     -51.7859911726552653     -122.8975077226535149      -40.5608832620378834
     -51.7593887004295041     -122.8896404989205280      -40.5849120741198846
     -51.7266866149866473     -122.8815866905609369      -40.6095383814133086
     -51.6873042765595301     -122.8734433028108839      -40.6344740024220670
     -51.6406790498871402     -122.8653167526215242      -40.6594036290582181
     -51.5862678196832434     -122.8573250381836885      -40.6839784874504886
     -51.5235484529609025     -122.8495973767085871      -40.7078176416881163
     -51.4520212036779725     -122.8415178870353230      -40.7327891442808507
     -51.3712100553426652     -122.8325343503615414      -40.7605650897683560
     -51.2806639973065330     -122.8226498466747074      -40.7911412699804785
     -51.1799582293018673     -122.8118797470277599      -40.8244771960142359
     -51.0686952889812105     -122.8002522362834696      -40.8604948579364731
     -50.9465060962459688     -122.7878086867314522      -40.8990779838219254
     -50.8130509072692220     -122.7746038629400829      -40.9400718513826547
     -50.6680201699763302     -122.7607059401451721      -40.9832836965579403
     -50.5111352711889481     -122.7461963153255624      -41.0284837508095634
     -50.3421491634018139     -122.7311691738603798      -41.0754069198227256
     -50.1608468608656537     -122.7157308752387763      -41.1237551343946848
     -49.9670457888849739     -122.6999991152800789      -41.1732003515541010
     -49.7605959691997910     -122.6841018552686933      -41.2233881756853506
     -49.5413800223886867     -122.6681760120510774      -41.2739420496421943
     -49.3093129634423875     -122.6523658117252324      -41.3244679122257565
     -49.0643417716929946     -122.6368211730954272      -41.3745593496745840
     -48.8064447003847235     -122.6216959560088640      -41.4238030635801380
     -48.5356302835488052     -122.6071459862037329      -41.4717844724794205
     -48.2519359838364110     -122.5933268526866868      -41.5180932572895145
     -47.9554264086459483     -122.5803921452265968      -41.5623288452077446
     -47.6461909542481763     -122.5684916765384003      -41.6041053908546061
     -47.3243409089604512     -122.5577695262286113      -41.6430558426103232
     -46.9900107013549615     -122.5483627900175350      -41.6788354908824701
     -46.6433658875080255     -122.5403999173141045      -41.7111262704559707
     -46.2846109029481951     -122.5339979447802818      -41.7396423016466400
     -45.9139969827326695     -122.5292599976555579      -41.7641371522871907
     -45.5318285787360324     -122.5262717695691492      -41.7844124096672402
     -45.1384662978241735     -122.5250976059326717      -41.8003272750544070
     -44.7343256713107991     -122.5257770365840599      -41.8118085498225938
     -44.3198724377685451     -122.5283206662800097      -41.8188596433327149
     -43.8956157249438945     -122.5327077720196343      -41.8215686201781978
     -43.4621003962695198     -122.5388836733759348      -41.8201141565383949
     -43.0198980718616397     -122.5467585847164287      -41.8147696344569937
     -42.5695935147392603     -122.5562075557500918      -41.8059028745454171
     -42.1117835070997657     -122.5671323404610291      -41.7937951582810427
     -41.6470870083044815     -122.5795451422291222      -41.7783944713885944
     -41.1761378221688048     -122.5934627663668124      -41.7596257428298827
     -40.6995817265854001     -122.6088894217311775      -41.7374410679136858
     -40.2180746764053509     -122.6258169132934484      -41.7118194470319779
     -39.7322808844218827     -122.6442248279150249      -41.6827662197999729
     -39.2428708417432333     -122.6640810791110994      -41.6503123035748928
     -38.7505193520159494     -122.6853423321211238      -41.6145130747544627
     -38.2559035882909555     -122.7079548891476719      -41.5754471035263578
     -37.7597012357976425     -122.7318553213539047      -41.5332145227562819
     -37.2625886925823977     -122.7569716188798594      -41.4879353228196521
     -36.7652393932818100     -122.7832240252570131      -41.4397473252352242
     -36.2683223122076654     -122.8105263158669800      -41.3888041488922482
     -35.7725016815625025     -122.8387866745050019      -41.3352732233046822
     -35.2784366092399964     -122.8679087003631452      -41.2793343396527987
     -34.7867795695563302     -122.8977922007747168      -41.2211782032927729
     -34.2981748018577690     -122.9283341516748038      -41.1610049855937064
     -33.8132567622189413     -122.9594295478051862      -41.0990227995953248
     -33.3326486178648409     -122.9909723077887094      -41.0354461734797269
     -32.8569607761948248     -123.0228561054463654      -40.9704944967961993
     -32.3867894753182526     -123.0549752375302290      -40.9043904937228859
     -31.9227153913862871     -123.0872253587517804      -40.8373586836164435
     -31.4653023204669751     -123.1195042269821727      -40.7696238922749856
     -31.0150958677199569     -123.1517123262086955      -40.7014097845008891
     -30.5726222178403333     -123.1837535437344684      -40.6329374898533260
     -30.1383869109388414     -123.2155356474116417      -40.5644242494137117
     -29.7128736959123678     -123.2469708290528416      -40.4960821821959271
     -29.2965434006929719     -123.2779760564297504      -40.4281170949655007
     -28.8898328003250207     -123.3084734367326689      -40.3607273927357326
     -28.4931534726392677     -123.3383905247763010      -40.2941030264057503
     -28.1068908431142681     -123.3676604926051112      -40.2284245072822628
     -27.7314033613823909     -123.3962224046012324      -40.1638621166662446
     -27.3670216608266905     -123.4240211507966336      -40.1005751648812137
     -27.0140478168627354     -123.4510076264026566      -40.0387114879187180
     -26.6727546046058954     -123.4771386001417000      -39.9784069941642599
     -26.3433848174579879     -123.5023766212014351      -39.9197853675608343
     -26.0261506559434643     -123.5266899973817374      -39.8629579279670168
     -25.7212331324617303     -123.5500524894581673      -39.8080235231648345
     -25.4287815652993210     -123.5724431743840626      -39.7550685871777247
     -25.1489131356574838     -123.5938462749804359      -39.7041672865845072
     -24.8817124904233609     -123.6142508069460746      -39.6553816939588941
     -24.6272314361334992     -123.6336503503118962      -39.6087620741017261
     -24.3854887151714976     -123.6520428559310147      -39.5643472408766286
     -24.1564698444038335     -123.6694303006676421      -39.5221649122061436
     -23.9401270463675147     -123.6858184090934145      -39.4822321210668790
     -23.7363792891605456     -123.7012164184413194      -39.4445556686883165
     -23.5451124264460141     -123.7156368508732243      -39.4091326070901360
     -23.3661793906462307     -123.7290952215271602      -39.3759507054610012
     -23.1994004798350915     -123.7416098056004188      -39.3449889248480531
     -23.0445637419007205     -123.7532014310392157      -39.3162178846379433
     -22.9014254549289618     -123.7638932914654788      -39.2896003147346775
     -22.7697107030024348     -123.7737107813077273      -39.2650914910124342
     -22.6491140426425908     -123.7826813191731503      -39.2426396415365275
     -22.5393002620926133     -123.7908342032033033      -39.2221863369964652
     -22.4399052301031681     -123.7982004875146913      -39.2036668626749147
     -22.3505368310282435     -123.8048128723832377      -39.1870105716053274
     -22.2707759834450805     -123.8107056064539648      -39.1721412214200626
     -22.2001777393123589     -123.8159143989674646      -39.1589772980860502
     -22.1382739544765244     -123.8204803875900097      -39.1474194579267589
     -22.0852139939090968     -123.8261818707175479      -39.1318416480475477
     -22.0407628530967727     -123.8338150321998086      -39.1097337003288743
     -22.0041038901526314     -123.8426576978940403      -39.0834136384454638
     -21.9744727325368139     -123.8521835715484656      -39.0545794857921535
     -21.9511325645808100     -123.8619912371653840      -39.0245354090107313
     -21.9333612714069339     -123.8717649822503120      -38.9943160886685902
     -21.9204442060280051     -123.8812506692103312      -38.9647630133096570
     -21.9116697427840386     -123.8902390294115321      -38.9365771116859776
     -21.9063260493100671     -123.8985521727793042      -38.9103611979801229
     -21.9036978746918258     -123.9060300914691481      -38.8866625547618625
     -21.9030618435734858     -123.9125131103076995      -38.8660286333613527
     -21.9036777369158280     -123.9178135256462667      -38.8490975513297414
     -21.9049245424437231     -123.9220763115603887      -38.8354405564143690
