  -61.680908396620062        112.43084469888120        82.138981512426355     
  -60.156908396620061        112.39858315926152        82.115412090591548     
  -58.632908396620067        112.36632161964184        82.091842668756740     
  -57.108908396620066        112.33406008002216        82.068273246921933     
  -50.997595476320647        112.20468976249822        81.973758737615483     
  -50.984872569551285        112.20442043142157        81.973561971502221     
  -50.966596921250037        112.20403392459151        81.973279599903435     
  -50.941794518042371        112.20351008382195        81.972896895784970     
  -50.909508976653171        112.20282940141867        81.972399607344201     
  -50.868804132933811        112.20197316060812        81.971774060601334     
  -50.818766577454348        112.20092358398423        81.971007267843987     
  -50.758508130640045        112.19966398877625        81.970087041040898     
  -50.687168250575112        112.19817894769552        81.969002109296511     
  -50.603916366743682        112.19645445415000        81.967742239415969     
  -50.507954133033429        112.19447805393294        81.966298331804992     
  -50.398517593927856        112.19222825650510        81.964654683983966     
  -50.274879257747848        112.18968278251315        81.962795014708163     
  -50.136350071001857        112.18682684641014        81.960708512574996     
  -49.982281288324913        112.18364679646554        81.958385185142632     
  -49.812066232740314        112.18013032230058        81.955816002826566     
  -49.625141941144030        112.17626669105580        81.952993058482264     
  -49.420990688626901        112.17204702539708        81.949909749463586     
  -49.199141390751052        112.16746459195883        81.946560955141010     
  -48.959170879630221        112.16251509896622        81.942943203282923     
  -48.700705048322817        112.15719701298322        81.939054824822136     
  -48.423419860547853        112.15151181287050        81.934896026783946     
  -48.127042224662887        112.14546428081543        81.930468942641497     
  -47.811350730652094        112.13906287880940        81.925777677601161     
  -47.476176246874900        112.13231995568435        81.920828139581076     
  -47.121402376455087        112.12525193371090        81.915627735210961     
  -46.746965773372615        112.11787975396834        81.910185097043268     
  -46.352856318887902        112.11022899419471        81.904509365173638     
  -45.939117159023134        112.10233027247421        81.898609408769119     
  -45.505844601258637        112.09421985935022        81.892492848996611     
  -45.053187878386119        112.08594029523782        81.886164625604664     
  -44.581348800876164        112.07754086140150        81.879624846341187     
  -44.090581287379614        112.06907811025914        81.872865867790679     
  -43.581190748252652        112.06061775945467        81.865869790479763     
  -43.053533311361186        112.05223546946497        81.858606245113421     
  -42.508014865440877        112.04401675232423        81.851031454615324     
  -41.945089919581534        112.03605582370938        81.843088547492272     
  -41.365260284523259        112.02845323039193        81.834709115744914     
  -40.769073577120373        112.02131298643218        81.825816181532019     
  -40.157121580510541        112.01473910222433        81.816327741458466     
  -39.530038480567804        112.00883219770878        81.806160590370681     
  -38.888498999338978        112.00368637688337        81.795233953530314     
  -38.233216441529883        111.99938646400082        81.783472677513586     
  -37.564940662078961        111.99600577617944        81.770809899830383     
  -36.884455988206462        111.99360500568604        81.757188490700841     
  -36.192579109978880        111.99223605144573        81.742563833622043     
  -35.490156893728312        111.99194737979428        81.726907417720881     
  -34.778064112744268        111.99277730506968        81.710201680175345     
  -34.057201105864877        111.99475290561573        81.692438923137473     
  -33.328491372021425        111.99789011246700        81.673620970339840     
  -32.592879107761831        112.00219392865775        81.653758762296675     
  -31.851326689808399        112.00765901786191        81.632872043974132     
  -31.104812122055947        112.01426987063407        81.610988561628247     
  -30.354326443566773        112.02200128199283        81.588143312518000     
  -29.600871101453553        112.03081926721900        81.564377948286975     
  -28.845455299797290        112.04068201849486        81.539740060919002     
  -28.089093333534809        112.05154064495959        81.514282187569449     
  -27.332801908580702        112.06334011520343        81.488060874096888     
  -26.577597450560088        112.07602017992571        81.461135869401460     
  -25.824493400871845        112.08951600318643        81.433569610200237     
  -25.074497514890915        112.10375871289742        81.405426835027185     
  -24.328609172179117        112.11867615084738        81.376774330518728     
  -23.587816708410344        112.13419347033468        81.347680553094875     
  -22.853094776260754        112.15023364330534        81.318215178262491     
  -22.125401740719084        112.16671805111424        81.288448710739544     
  -21.405677115823412        112.18356714302872        81.258452148761464     
  -20.694839050861418        112.20070101961281        81.228296605323465     
  -19.993781870646153        112.21803996102085        81.198052906984699     
  -19.303373672097610        112.23550538146327        81.167791525004887     
  -18.624453991985696        112.25302040973452        81.137582259414657     
  -17.957831557110584        112.27050983103047        81.107493498217067     
  -17.304282110056150        112.28790056121332        81.077591898309777     
  -16.664546312340867        112.30512261265454        81.047942463921643     
  -16.039327741320246        112.32211017121851        81.018608738305844     
  -15.429290980525225        112.33880316999576        80.989653344859533     
  -14.835059792655613        112.35514885134224        80.961138544097224     
  -14.257215422739845        112.37110216359186        80.933126021794465     
  -13.696295019442712        112.38662514185384        80.905676041855713     
  -13.152790193353487        112.40168473524950        80.878845563837800     
  -12.627145704459979        112.41625170412048        80.852687226700283     
  -12.119758259706950        112.43030108886870        80.827249538043134     
  -11.630975441197030        112.44381225368849        80.802576831341412     
  -11.161094768513346        112.45676917516494        80.778709466764894     
  -10.710362896106966        112.46915980257295        80.755683424899189     
  -10.278974965356902        112.48097509381611        80.733529725248488     
  -9.8670740673745385        112.49220928241371        80.712274775837159     
  -9.4747508662195958        112.50285982677991        80.691940531410268     
  -9.1020433483532432        112.51292723393499        80.672544594004250     
  -8.7489367237477627        112.52241475813209        80.654100247437626     
  -8.4153634704246212        112.53132812817090        80.636616530397774     
  -8.1012035071334481        112.53967542499545        80.620098430309582     
  -7.8062845298716388        112.54746661947111        80.604546850920812     
  -7.5303824693580861        112.55471349160216        80.589958857260342     
  -7.2732220889901757        112.56142954446312        80.576327905619195     
  -7.0344777315837446        112.56762984790933        80.563644009628817     
  -6.8137741969657846        112.57333076381533        80.551893805387408     
  -6.6106877502640442        112.57854963643634        80.541060575149785     
  -6.4247472638057532        112.58330463577097        80.531124363067605     
  -6.2554354867979747        112.58761463313505        80.522062096958877     
  -6.1021904374327427        112.59149909963624        80.513847710638061     
  -5.9644069130656625        112.59497802520434        80.506452267048374     
  -5.8414381178953318        112.59807185799934        80.499844084634958     
  -5.7325974021598780        112.60080146028550        80.493988867202049     
  -5.6371601080170741        112.60318813284536        80.488849877813109     
  -5.5543655160267260        112.60527663257608        80.484404591085450     
  -5.4834188917324438        112.60709595312117        80.480616734883824     
  -5.4234936216637237        112.60865396366034        80.477432609252133     
  -5.3737334329467510        112.60996250525157        80.474799236212831     
  -5.3332546946104129        112.61103687720124        80.472664156266518     
  -5.3011487928491992        112.61189533347110        80.470975237209601     
  -5.2764845738101824        112.61255860248053        80.469680504599467     
  -5.2583108474814946        112.61304943586305        80.468727997478240     
  -5.2456589460799075        112.61339219136659        80.468065652611656     
  -5.2375453301688504        112.61361245469671        80.467641220177754     
  -5.2329742355887552        112.61373670463387        80.467402213486992     
  -5.2309403541509223        112.61379202521789        80.467295894924561     
  0.86556845906567492        112.77961409418708        80.148608659371675     
   2.3895684590656758        112.82106615156150        80.068943499874209     
   3.9135684590656750        112.86251820893591        79.989278340376742     
   5.4375684590656759        112.90397026631032        79.909613180879276     
