      -2.1395089861888392      120.0482277235381474       85.6113469064757169
      -2.1415555571932279      120.0614742536638744       85.5928154124106868
      -2.1455506889050495      120.0777614868370193       85.5700553271178137
      -2.1525937375876980      120.0974096299835026       85.5426369526336430
      -2.1636583819394604      120.1197012116879534       85.5115834669884549
      -2.1797184590457146      120.1440084158820838       85.4777934149762046
      -2.2017351170312902      120.1697054537421110       85.4421638357744797
      -2.2306478688249793      120.1961148415694538       85.4056660305248414
      -2.2673671447082313      120.2224664699024714       85.3694035080578857
      -2.3127669080242277      120.2478568160636740       85.3346697916571060
      -2.3676761931622985      120.2711982327333970       85.3030201514821300
      -2.4328680743244728      120.2911451707116441       85.2763756188180508
      -2.5090433569283594      120.3059735277530535       85.2571925441268803
      -2.5968030278718177      120.3133607721448755       85.2487708578478163
      -2.6972520160150673      120.3156705454442772       85.2478059311107188
      -2.8118066000721198      120.3182917680145039       85.2467266540232345
      -2.9412308460300984      120.3212550335144897       85.2455091088975365
      -3.0862473390589531      120.3245775785723026       85.2441476426259186
      -3.2475366488982331      120.3282758089016511       85.2426374370219406
      -3.4257354715673469      120.3323652906980215       85.2409746468266718
      -3.6214348831014065      120.3368607414190450       85.2391565427640501
      -3.8351787102637678      120.3417760137548953       85.2371816528557247
      -4.0674620290280314      120.3471238302316095       85.2350497278184065
      -4.3187297832007783      120.3529157069686875       85.2327618389253558
      -4.5893755266533551      120.3591620692807993       85.2303206080420779
      -4.8797402952599267      120.3658726932774954       85.2277306626958335
      -5.1901115867500636      120.3730593447591559       85.2250006388936328
      -5.5207225170540966      120.3807352680399845       85.2221429429651351
      -5.8717511518763628      120.3889127383559412       85.2191721309031749
      -6.2433201146309525      120.3975936737773935       85.2160983639855658
      -6.6354961410337214      120.4067733261524324       85.2129301248736510
      -7.0482897835341767      120.4164418850244402       85.2096754610762304
      -7.4816553060632991      120.4265836639214342       85.2063415105267126
      -7.9354906743973173      120.4371809237764381       85.2029372982668605
      -8.4096376375868029      120.4482195203868429       85.1994778104164538
      -8.9038822038903405      120.4596844384597887       85.1959809000635744
      -9.4179551601914895      120.4715605902668472       85.1924679053859393
      -9.9515327850731623      120.4838326532560444       85.1889635735184356
     -10.5042377021505011      120.4964860631312291       85.1854967859322869
     -11.0756399331758555      120.5095065948314073       85.1821002683860371
     -11.6652581144042706      120.5228794120984190       85.1788099076150615
     -12.2725609221968917      120.5365860523034058       85.1756625903312141
     -12.8969684494160894      120.5506129352334170       85.1727021655303247
     -13.5378538346049346      120.5649554720495615       85.1699822710969414
     -14.1945451962539124      120.5796157407179550       85.1675645901050871
     -14.8663276627046805      120.5946014103135155       85.1655179655926986
     -15.5524454849561238      120.6099251270547370       85.1639178040095715
     -16.2521041491486677      120.6256023690775265       85.1628442853089638
     -16.9644727847813890      120.6416424153082261       85.1623755852499045
     -17.6886865476763226      120.6580481342563900       85.1625872521033216
     -18.4238490594037927      120.6748179090706117       85.1635530243349308
     -19.1690349678641816      120.6919462062171391       85.1653446272276398
     -19.9232927054691800      120.7094190076948195       85.1680278877558266
     -20.6856471998868159      120.7272140695727103       85.1716622060951636
     -21.4551025507634812      120.7453049459948033       85.1763026410146864
     -22.2306448203165381      120.7636627158075413       85.1820003408722783
     -23.0112449435486077      120.7822547163889624       85.1888008421859126
     -23.7958616250476780      120.8010447904017326       85.1967434267745745
     -24.5834442568347775      120.8199933623747171       85.2058603627479414
     -25.3729358439318737      120.8390574904763355       85.2161761452985331
     -26.1632758963692638      120.8581918527205943       85.2277074273986273
     -26.9534034171282251      120.8773497702475339       85.2404630363749618
     -27.7422610239881386      120.8964832819744402       85.2544436834672155
     -28.5287991017572224      120.9155427241252312       85.2696420142783609
     -29.3119787556431142      120.9344772653527684       85.2860435694307597
     -30.0907745578871584      120.9532352429181827       85.3036276376196270
     -30.8641771871764554      120.9717644742659957       85.3223681083887442
     -31.6311959427549994      120.9900130217876750       85.3422346524201743
     -32.3908611998162925      121.0079289478055955       85.3631931916839619
     -33.1422268117970305      121.0254592841715464       85.3852058161096750
     -33.8843724099300374      121.0425499992770568       85.4082314093293178
     -34.6164055805091024      121.0591483112505671       85.4322279500435684
     -35.3374642000227439      121.0752023723770066       85.4571530071460614
     -36.0467176262874816      121.0906117218850255       85.4830340538515401
     -36.7433634563159259      121.1049232856916404       85.5103992332391698
     -37.4266410226971757      121.1175724217885801       85.5399367706778406
     -38.0958338980811178      121.1280602262872179       85.5722443121362772
     -38.7502603947135853      121.1359568865411234       85.6078236293762842
     -39.3892685428470770      121.1409041536188198       85.6470767800413029
     -40.0122322450789838      121.1426172074507832       85.6903032630719395
     -40.6185480981369764      121.1408860440913884       85.7376983437909246
     -41.2076341028727313      121.1355759598259851       85.7893524486163841
     -41.7789315182808778      121.1266271927921139       85.8452521684740759
     -42.3319104654058052      121.1140533166950632       85.9052833006081613
     -42.8660785347483184      121.0979380608140872       85.9692363446436758
     -43.3809904341806671      121.0784305756209562       86.0368146746839528
     -43.8762570916296895      121.0557389076301291       86.1076448504502565
     -44.3515545472061135      121.0301226845676297       86.1812894039585302
     -44.8066260670761878      121.0018831537841919       86.2572595649042029
     -45.2412800112570537      120.9713543017254977       86.3350283138117618
     -45.6553881035634603      120.9388933180567989       86.4140419901041952
     -46.0488840460120628      120.9048719372176777       86.4937315269347380
     -46.4217622116141371      120.8696705997384555       86.5735246462584769
     -46.7740765177913644      120.8336723010140616       86.6528566963200433
     -47.1059394713600454      120.7972551245004098       86.7311793124386412
     -47.4175212028937452      120.7607860062673382       86.8079686299608539
     -47.7090484746339811      120.7246154323581919       86.8827327592494072
     -47.9808036759752667      120.6890723467388398       86.9550179418109508
     -48.2331237457565436      120.6544601184741907       87.0244139550343050
     -48.4663990213160645      120.6210532316296877       87.0905585049916624
     -48.6810720089573508      120.5890944976000441       87.1531404662104734
     -48.8776360545626716      120.5587930724098698       87.2119021988732612
     -49.0566339072045423      120.5303232196843766       87.2666409507649519
     -49.2186561732311816      120.5038237343197665       87.3172093537458807
     -49.3643396731134487      120.4793977098869107       87.3635148754668904
     -49.4943656752830918      120.4571130583239977       87.4055186295816213
     -49.6094580157606018      120.4370035809924104       87.4432335216650785
     -49.7103811083297416      120.4174308705675429       87.4789788096994840
     -49.7979378489400375      120.3965604844170798       87.5153428184966913
     -49.8729674184904042      120.3748052076340542       87.5518228007052954
     -49.9363429895028474      120.3525481749492343       87.5879623279964932
     -49.9889693424218109      120.3301413491307272       87.6233529275167058
     -50.0317803982892642      120.3079116215865980       87.6576251912915012
     -50.0657366743783783      120.2861666749182916       87.6904402039906614
     -50.0918226698335189      120.2652013376894047       87.7214802994982676
     -50.1110441886199922      120.2453054127426952       87.7504378120472524
     -50.1244256072599654      120.2267746017969898       87.7769996095848768
     -50.1330070949680362      120.2099276825531859       87.8008230985610396
     -50.1378417939049754      120.1951368753044989       87.8214942167699633
     -50.1399929673452220      120.1828856147042757       87.8384479735179866
     -50.1405311236049656      120.1729111762268474       87.8521408555211138
     -50.1399929673452220      120.1628901893922574       87.8657997084507230
     -50.1378417939049754      120.1504528718422762       87.8826174486772658
     -50.1330070949680291      120.1352439708316240       87.9029829203664548
     -50.1244256072599654      120.1176551613154544       87.9262640521002936
     -50.1110441886199283      120.0979680488382968       87.9519805379614610
     -50.0918226698328155      120.0764123547017874       87.9797246799161172
     -50.0657366743735466      120.0531967291637869       88.0091197071332516
     -50.0317803982633507      120.0285264036919699       88.0397961281274917
     -49.9889693423072146      120.0026146137951457       88.0713766283525956
     -49.9363429890683790      119.9756909423775824       88.1034651978367549
     -49.8729674170395398      119.9480081993053346       88.1356382713547788
     -49.7979378445835934      119.9198488107938800       88.1674365412005301
     -49.7103810963835357      119.8915314399959158       88.1983564463982361
     -49.6094579854784712      119.8634098896554860       88.2278521185673412
     -49.4943656031126693      119.8335744513448873       88.2584568546830326
     -49.3643395093839743      119.8003123215479064       88.2924355146767965
     -49.2186558178898892      119.7636009560884389       88.3297597901487279
     -49.0566331664168302      119.7234568205604290       88.3703531398690103
     -48.8776345660094549      119.6799368397038421       88.4140891937726252
     -48.6810691173930721      119.6331393864383870       88.4607908752605567
     -48.4663935774803534      119.5832048962451921       88.5102304217065239
     -48.2331137905051079      119.5303156030198579       88.5621300296376006
     -47.9807859570411921      119.4746946313998563       88.6161633752364253
     -47.7090177253142969      119.4166044704520573       88.6719580817227211
     -47.4174690897914530      119.3563448511351481       88.7290991758487166
     -47.1058530917421336      119.2942497373352637       88.7871333125189324
     -46.7739362957459264      119.2306836456943131       88.8455738875567249
     -46.4215390054204633      119.1660376705623321       88.9039072441611609
     -46.0485352359412659      119.1007244487070835       88.9615992900420025
     -45.6548523774987913      119.0351728811539687       89.0181029796000871
     -45.2404705015503055      118.9698230318849852       89.0728667803255121
     -44.8054214085797469      118.9051188518670159       89.1253421217289628
     -44.3497873102374385      118.8414999070195250       89.1749904069754393
     -43.8736988710229241      118.7793954011626880       89.2212917043108007
     -43.3773326055830708      118.7192187868069055       89.2637534257519292
     -42.8609077336769744      118.6613617242928029       89.3019175567322350
     -42.3246869135140642      118.6061896677959169       89.3353681544521550
     -41.7689835387341120      118.5540357600096826       89.3637383955813220
     -41.1941687582395275      118.5051945857136104       89.3867190432852539
     -40.6006786341620582      118.4599150497139846       89.4040676676781203
     -39.9890198238451831      118.4183926750901037       89.4156187431464531
     -39.3597718699929402      118.3807614523876737       89.4212940311522004
     -38.7135854221173261      118.3470857642891190       89.4211124962099291
     -38.0511770481618115      118.3173530877626831       89.4151990720171597
     -37.3733219664240579      118.2914678107776041       89.4037915836006789
     -36.6808459191280107      118.2692468525158773       89.3872457696529921
     -35.9746157190935989      118.2504170975449114       89.3660379967407295
     -35.2555252621039372      118.2346161305632393       89.3407634019991264
     -34.5244935261003931      118.2215772713278454       89.3118908056219283
     -33.7824734047708830      118.2113816148904277       89.2794293692855092
     -33.0304436417096383      118.2041398945418251       89.2433483798859015
     -32.2694050268634030      118.1999409606041382       89.2036453811225130
     -31.5003776274498186      118.1988515408245064       89.1603456942666242
     -30.7243979741792792      118.2009139915710421       89.1134999950209448
     -29.9425160581249550      118.2061469715061151       89.0631836522907889
     -29.1557922789667678      118.2145470712118538       89.0094963439588014
     -28.3652944658970334      118.2260894436094247       88.9525604934712533
     -27.5720949724568065      118.2407280864653671       88.8925190507108738
     -26.7772678269080053      118.2583967019316447       88.8295333535051697
     -25.9818859711450187      118.2790096402974314       88.7637807446342748
     -25.1870187033222344      118.3024629169243269       88.6954520036477874
     -24.3937302208763676      118.3286364268851258       88.6247497948093326
     -23.6030781367156450      118.3573952567155203       88.5518869499924222
     -22.8161109234550956      118.3885902394319061       88.4770842733124567
     -22.0338652828651611      118.4220590209002495       88.4005686470331824
     -21.2573635482009458      118.4576278512327150       88.3225716209448137
     -20.4876111484505401      118.4951132651517440       88.2433278876353171
     -19.7255941318603085      118.5343237686793998       88.1630737601053056
     -18.9722767080967856      118.5750630714118614       88.0820468224763147
     -18.2285989903477663      118.6171283695246217       88.0004819509867673
     -17.4954747939789783      118.6603090727078609       87.9186077584263757
     -16.7737894023619063      118.7043894633578844       87.8366460630794137
     -16.0643973329329590      118.7491541936536663       87.7548135668534570
     -15.3681203104337190      118.7943879365569870       87.6733193316837713
     -14.6857453211862818      118.8398747143946963       87.5923621802120920
     -14.0180226310865379      118.8854021558684764       87.5121319005059348
     -13.3656637293207421      118.9307701077540145       87.4328137935872860
     -12.7293394041797416      118.9757928895229639       87.3545886254104431
     -12.1096780694252715      119.0203005923992663       87.2776320412241091
     -11.5072642265623575      119.0641405778464872       87.2021143549813615
     -10.9226369561360865      119.1071809518066544       87.1282020144960541
     -10.3562887297976598      119.1493027766360058       87.0560510529210205
      -9.8086642710868936      119.1903955053189605       86.9858031566222678
      -9.2801593623785887      119.2303605948300600       86.9175879290821456
      -8.7711198122119605      119.2691115922097822       86.8515227642063650
      -8.2818405208076111      119.3065747918620758       86.7877133149988254
      -7.8125646950709076      119.3426876576159117       86.7262524976654845
      -7.3634831505299960      119.3773990483255432       86.6672209561348836
      -6.9347337465764500      119.4106689052098460       86.6106872597970181
      -6.5264008656254227      119.4424716054367224       86.5567108646283145
      -6.1385152769504021      119.4727880942035085       86.5053370230992016
      -5.7710539807609464      119.5016036334879317       86.4565958544183246
      -5.4239401879504561      119.5289084152708767       86.4105035412028144
      -5.0970435273197578      119.5546931476933992       86.3670599284570244
      -4.7901803088448514      119.5789491570212704       86.3262494273496941
      -4.5031137623000275      119.6016764259366454       86.2880476480735723
      -4.2355545449610359      119.6228848163791412       86.2524230814004227
      -3.9871614306458598      119.6425928697150738       86.2193370099653720
      -3.7575421635054140      119.6608251577936244       86.1887423511598172
      -3.5462544313506998      119.6776117347833548       86.1605839855361069
      -3.3528069838101717      119.6929875871313556       86.1347990488395396
      -3.1766608791144377      119.7069925114468134       86.1113174957310008
      -3.0172308694593988      119.7196709119245810       86.0900625694706747
      -2.8738869225285937      119.7310714608161675       86.0709511395428706
      -2.7459558706347944      119.7412467850249840       86.0538940284354510
      -2.6327231843522410      119.7502531223477291       86.0387962917937159
      -2.5334362946486664      119.7581626645063153       86.0255400287006040
      -2.4479193858088966      119.7704558877978656       86.0064897308679690
      -2.3756141118292349      119.7895572037784149       85.9782485012030264
      -2.3153914725644156      119.8131628185238782       85.9439884659506959
      -2.2661602179250333      119.8395766771844109       85.9060397823820807
      -2.2268441131547605      119.8674893539289457       85.8661984071499944
      -2.1963706001119920      119.8958562153552947       85.8258952088922626
      -2.1736648776317491      119.9238225176555943       85.7862995917685964
      -2.1576466792797748      119.9506716407556013       85.7483908990502925
      -2.1472282431014049      119.9757833284254929       85.7130159595175058
      -2.1413123182425600      119.9985918771021005       85.6809468472968945
      -2.1387887582866396      120.0185316349092801       85.6529565433948221
      -2.1385272841861478      120.0349487043607439       85.6299420417234103
      -2.1395089861888392      120.0482277235381474       85.6113469064757169
