  -63.483548426225987        36.327144822154565        108.97631550870567     
  -61.959548426225986        36.342489548101213        109.02234752427313     
  -60.435548426225992        36.357834274047860        109.06837953984059     
  -58.911548426225991        36.373178999994508        109.11441155540805     
  -52.806012085466818        36.434653922505163        109.29882766031984     
  -52.798088680398195        36.434733701034915        109.29906698466726     
  -52.786707160323125        36.434848438371034        109.29941118050765     
  -52.771260878018751        36.435004416823553        109.29987909388578     
  -52.751154127343128        36.435207913159942        109.30048955421925     
  -52.725803743893231        36.435465214568595        109.30126142218579     
  -52.694640671248642        36.435782638217823        109.30221364839441     
  -52.657111488628523        36.436166553970779        109.30336534151755     
  -52.612679895895631        36.436623409781980        109.30473584445213     
  -52.560828151958198        36.437159759273811        109.30634481698372     
  -52.501058462747125        36.437782284166495        109.30821230293492     
  -52.432894315080283        36.438495850268602        109.31035289811817     
  -52.355881752745852        36.439305019032766        109.31278028420692     
  -52.269590591521428        36.440215565694523        109.31551178183479     
  -52.173615570110293        36.441233311731366        109.31856484613995     
  -52.067577433695398        36.442364161194540        109.32195717228323     
  -51.951123947322600        36.443614141189407        109.32570681105773     
  -51.823930836454025        36.444989446033766        109.32983229189314     
  -51.685702652227626        36.446496484436622        109.33435274944745     
  -51.536173559166137        36.448141928976185        109.33928804906651     
  -51.375108041804523        36.449932754563676        109.34465886768457     
  -51.202301526348315        36.451876247843103        109.35048667134203     
  -51.017580926076505        36.453980074578240        109.35679384428849     
  -50.820805100839642        36.456252335114513        109.36360375189642     
  -50.611865230099347        36.458701613777201        109.37094074457541     
  -50.390685096518858        36.461337008077635        109.37883004696376     
  -50.157221276145123        36.464168114865572        109.38729744673178     
  -49.911463255489622        36.467205142844286        109.39636926929964     
  -49.653433457444450        36.470459016999015        109.40607220680191     
  -49.383187169679879        36.473941437241272        109.41643285110803     
  -49.100812379793112        36.477664936579309        109.42747701731246     
  -48.806429550852691        36.481643210465677        109.43922960471899     
  -48.500191295857171        36.485891426187770        109.45171403042592     
  -48.182281944346720        36.490426433394951        109.46495110014899     
  -47.852917064404146        36.495267115763951        109.47895879595282     
  -47.512342883177197        36.500434366157656        109.49375179314876     
  -47.160835593438968        36.505950574744652        109.50934042699930     
  -46.798700634944730        36.511839228797513        109.52573096003282     
  -46.426271852787821        36.518123976954406        109.54292504311975     
  -46.043910584685477        36.524827598861307        109.56091935915173     
  -45.652004713254463        36.531971216304285        109.57970609520532     
  -45.250967586844155        36.539573135471002        109.59927214161343     
  -44.841236944180629        36.547648289429993        109.61959977879779     
  -44.423273724225012        36.556207435555748        109.64066622111606     
  -43.997560850443278        36.565256897601671        109.66244388054540     
  -43.564601953626173        36.574799256157235        109.68490243957038     
  -43.124920034016540        36.584834309411676        109.70801159326670     
  -42.679056097146677        36.595357961099268        109.73173761931753     
  -42.227567717634663        36.606361948938115        109.75604244955120     
  -41.771027589848238        36.617834065390959        109.78088416288223     
  -41.310022017198406        36.629758155659793        109.80621674138978     
  -40.845149385619052        36.642114426718862        109.83199067732438     
  -40.377018596269899        36.654879552234185        109.85815288709389     
  -39.906247474332737        36.668027053851986        109.88464737118464     
  -39.433461158982432        36.681527518680767        109.91141530882499     
  -38.959290462232694        36.695349031579966        109.93839572714613     
  -38.484370226632883        36.709457489507699        109.96552576030471     
  -38.009337651369719        36.723817062110832        109.99274130281836     
  -37.534830625977598        36.738390543700675        110.01997740198587     
  -37.061486041195096        36.753139717466546        110.04716891222313     
  -36.589938106632232        36.768025636629268        110.07425098483493     
  -36.120816665774349        36.783008952160976        110.10115968963616     
  -35.654745510108071        36.798050197471781        110.12783249997372     
  -35.192340715423690        36.813110102068968        110.15420885958883     
  -34.734208969090304        36.828149857590553        110.18023060462492     
  -34.280945941209183        36.843131406836811        110.20584245592948     
  -33.833134648419339        36.858017676460740        110.23099234576966     
  -33.391343869494250        36.872772828144171        110.25563180737792     
  -32.956126576320322        36.887362455365725        110.27971620976105     
  -32.528018397636274        36.901753772193729        110.30320498179002     
  -32.107536154310807        36.915915786872318        110.32606180349694     
  -31.695176373370277        36.929819405015991        110.34825460490865     
  -31.291413964165919        36.943437603718593        110.36975579380656     
  -30.896700792417988        36.956745424652240        110.39054195963017     
  -30.511464509961680        36.969720163361693        110.41059416022840     
  -30.136107240739193        36.982341294115358        110.42989742965230     
  -29.771004519203359        36.994590599790385        110.44844093598529     
  -29.416504187796871        37.006452122108186        110.46621764165241     
  -29.072925382745819        37.017912111736159        110.48322400445406     
  -28.740557693601197        37.028959086915890        110.49946003984087     
  -28.419660256417348        37.039583652364634        110.51492870475160     
  -28.110461053856877        37.049778492648613        110.52963583700536     
  -27.813156280913667        37.059538313200925        110.54358996923315     
  -27.527909729699800        37.068859653021818        110.55680178940936     
  -27.254852353517897        37.077740843266255        110.56928406209305     
  -26.994081906611452        37.086181927803629        110.58105145769537     
  -26.745662624273283        37.094184479705689        110.59212009039794     
  -26.509625044069693        37.101751506736861        110.60250733663436     
  -26.285965941295196        37.108887399345086        110.61223179180065     
  -26.074648315023961        37.115597785644546        110.62131295806006     
  -25.875601478645919        37.121889411607469        110.62977101442550     
  -25.688721257741669        37.127770053888028        110.63762669233925     
  -25.513870287749938        37.133248454995439        110.64490121993300     
  -25.350878391519725        37.138334235248969        110.65161619271770     
  -25.199543041632879        37.143037797430338        110.65779341669399     
  -25.059629921824779        37.147370264266058        110.66345484235589     
  -24.930873575893980        37.151343423881187        110.66862251495520     
  -24.812978141762187        37.154969682142379        110.67331853760420     
  -24.705618169858070        37.158262025603499        110.67756505843015     
  -24.608439519898813        37.161233984073597        110.68138424954265     
  -24.521060334069166        37.163899593970072        110.68479828219061     
  -24.443072087841045        37.166273373795264        110.68782933298266     
  -24.374040712945774        37.168370303496921        110.69049959799624     
  -24.313507789132036        37.170205816698775        110.69283134283246     
  -24.260991801537443        37.171800116646878        110.69485976364363     
  -24.215989459303437        37.173170788552966        110.69661116864526     
  -24.177977072622234        37.174331776768909        110.69810002161606     
  -24.146411984299608        37.175298085535736        110.69934294645384     
  -24.120734051282909        37.176085665608802        110.70035846852977     
  -24.100367172246450        37.176711301966208        110.70116676134980     
  -24.084720856963838        37.177192503663314        110.70178940158289     
  -24.073191833090380        37.177547396866011        110.70224913534344     
  -24.065165685886321        37.177794622041461        110.70256965841313     
  -24.060018526331788        37.177953236214897        110.70277541285742     
  -24.057118683020256        37.178042621116717        110.70289140223350     
  -24.055828413166356        37.178082397949055        110.70294302730090     
  -17.959505628028793        37.366021694965546        110.94686337754499     
  -16.435505628028793        37.413004031490019        111.00784023636194     
  -14.911505628028793        37.459986368014491        111.06881709517890     
  -13.387505628028793        37.506968704538963        111.12979395399586     
