  -60.386904249229346        46.535007422671391        125.94425182840205     
  -58.862904249229345        46.529295927912372        125.92879400484418     
  -57.338904249229344        46.523584433153353        125.91333618128631     
  -55.814904249229343        46.517872938394333        125.89787835772844     
  -49.708661657129824        46.494988573196125        125.83594317361415     
  -49.700151473215861        46.494956679580099        125.83585685542427     
  -49.687927110806179        46.494910952792928        125.83573309857279     
  -49.671337036430657        46.494849058642558        125.83556558570660     
  -49.649741491893231        46.494768771740333        125.83534829394158     
  -49.622514220796340        46.494668001868241        125.83507556622128     
  -49.589044158834952        46.494544822279138        125.83474218790047     
  -49.548737083263710        46.494397499643163        125.83434346776431     
  -49.501017217046218        46.494224525341636        125.83387532264589     
  -49.445328783313997        46.494024647806974        125.83333436476327     
  -49.381137505893328        46.493796898240177        125.83271797089461     
  -49.307932051802190        46.493538484440933        125.83201858124970     
  -49.225225411775874        46.493246430826311        125.83122813628411     
  -49.132556215048702        46.492919225764915        125.83034253170429     
  -49.029489974801791        46.492555557273342        125.82935819053820     
  -48.915620260881120        46.492154355670635        125.82827216785618     
  -48.790569796597552        46.491714843116384        125.82708226685800     
  -48.653991476470857        46.491236587402426        125.82578715523945     
  -48.505569302176433        46.490719560599480        125.82438647780660     
  -48.345019234862171        46.490164215848232        125.82288099341959     
  -48.172089960980479        46.489571572286408        125.82127269841922     
  -47.986563569812525        46.488943313082565        125.81956493557171     
  -47.788256141046645        46.488281900171536        125.81776247923479     
  -47.577018240523550        46.487590688851355        125.81587152637351     
  -47.352735324102866        46.486874090055196        125.81389969082662     
  -47.115328049176902        46.486137799038573        125.81185601048101     
  -46.864752492596764        46.485389065941717        125.80975084837924     
  -46.601000274857263        46.484637007240131        125.80759561766588     
  -46.324098592151266        46.483893041119934        125.80540246801003     
  -46.034110158085518        46.483171519803449        125.80318401713507     
  -45.731133055297562        46.482490486982528        125.80095278086371     
  -45.415300500094204        46.481872635141094        125.79872029554757     
  -45.086780523895150        46.481346785150514        125.79649652448271     
  -44.745775569139191        46.480949540130723        125.79428892381692     
  -44.392521977930976        46.480726386689931        125.79210154601537     
  -44.027289364732262        46.480732037752624        125.78993474387305     
  -43.650379873822175        46.481029703782603        125.78778478517532     
  -43.262127319814475        46.481689490226820        125.78564407757736     
  -42.862896219598461        46.482786066343856        125.78350188143818     
  -42.453080731179817        46.484395704452815        125.78134474373665     
  -42.033103506003002        46.486593472538168        125.77915765580933     
  -41.603414476627947        46.489450389845594        125.77692458356380     
  -41.164489574651938        46.493031100950176        125.77462942488043     
  -40.716829398250091        46.497391827809103        125.77225645237338     
  -40.260957835423419        46.502579376498481        125.76979078058770     
  -39.797420661718952        46.508631871325399        125.76722033674615     
  -39.326784078135013        46.515579964199382        125.76453869258403     
  -38.849633198727666        46.523445559328948        125.76174128042605     
  -38.366570481926757        46.532241728874432        125.75882477272457     
  -37.878214124304876        46.541972858732819        125.75578691828869     
  -37.385196404756229        46.552634935090587        125.75262654210694     
  -36.888162004837120        46.564215847487546        125.74934334130158     
  -36.387766283416262        46.576695871257314        125.74593791373461     
  -35.884673541756946        46.590048148249117        125.74241153330836     
  -35.379555247042930        46.604239347324551        125.73876618149859     
  -34.873088257896292        46.619230310688501        125.73500433568307     
  -34.365953017121690        46.634976841025455        125.73112896383111     
  -33.858831751297238        46.651430473245547        125.72714335275882     
  -33.352406651037690        46.668539233523020        125.72305110181699     
  -32.847358048416083        46.686248142211461        125.71885612426370     
  -32.344362597575653        46.704499631529586        125.71456267723369     
  -31.844091454630078        46.723233990111673        125.71017544819559     
  -31.347208488028148        46.742389825754863        125.70569966987851     
  -30.854368484378806        46.761904502282334        125.70114115579051     
  -30.366215404010074        46.781714572672591        125.69650632455796     
  -29.883380635484304        46.801756206269957        125.69180221603209     
  -29.406481312325855        46.821965608234649        125.68703650247416     
  -28.936118637702666        46.842279429711176        125.68221749908027     
  -28.472876278985293        46.862635168428746        125.67735418007820     
  -28.017318781138716        46.882971527325729        125.67245612167129     
  -27.569990057040926        46.903228772529197        125.66753348863318     
  -27.131411906089440        46.923349042989180        125.66259694390610     
  -26.702082618860583        46.943276662142594        125.65765762094438     
  -26.282475615763925        46.962958395444531        125.65272700063930     
  -25.873038183663120        46.982343743269034        125.64781687532138     
  -25.474190250972704        47.001385166840933        125.64293916711148     
  -25.086323266849842        47.020038318294858        125.63810586955367     
  -24.709799130014897        47.038262189455018        125.63332889287538     
  -24.344949214388745        47.056019244097072        125.62861998472606     
  -23.992073471948878        47.073275500836495        125.62399063353654     
  -23.651439610599251        47.090000563198885        125.61945194077400     
  -23.323282378801643        47.106167646604227        125.61501458704504     
  -23.007802918070013        47.121753535741085        125.61068870646614     
  -22.705168216554235        47.136738531152574        125.60648381742428     
  -22.415510660359104        47.151106380645125        125.60240878755675     
  -22.138927664000725        47.164844166051111        125.59847174449655     
  -21.875481404432730        47.177942187506190        125.59468003427673     
  -21.625198654522229        47.190393841129818        125.59104020581134     
  -21.388070702386965        47.202195470817841        125.58755796007452     
  -21.164053370491615        47.213346219825439        125.58423812280537     
  -20.953067133926471        47.223847883274871        125.58108463888475     
  -20.754997333653598        47.233704754024700        125.57810057277663     
  -20.569694480405797        47.242923461611866        125.57528809569659     
  -20.396974655842239        47.251512823050547        125.57264849040989     
  -20.236620007410785        47.259483703007191        125.57018216204651     
  -20.088379335567790        47.266848883759273        125.56788865332531     
  -19.951968770654080        47.273622944629402        125.56576666175603     
  -19.827072537019845        47.279822150591187        125.56381405751056     
  -19.713343804578990        47.285464351511912        125.56202790639499     
  -19.610405624430431        47.290568890601222        125.56040449572927     
  -19.517851945855544        47.295156520954507        125.55893936281176     
  -19.435248711908237        47.299249328856995        125.55762732595548     
  -19.362135030598790        47.302870662279467        125.55646251810667     
  -19.298024418493533        47.306045074079321        125.55543845269892     
  -19.242406113392132        47.308802910890172        125.55456040753729     
  -19.194746452076355        47.311172327542337        125.55382445960521     
  -19.154490309969201        47.313178138817882        125.55321466126522     
  -19.121062598715117        47.314846820490757        125.55271652761088     
  -19.093869817393873        47.316206337789730        125.55231681081531     
  -19.072301653284310        47.317285974808016        125.55200328372511     
  -19.055732627864412        47.318116166328160        125.55176453634988     
  -19.043523783613306        47.318728333528604        125.55158978864644     
  -19.035024407070576        47.319154724984486        125.55146872272118     
  -19.029573783509935        47.319428264283587        125.55139133726578     
  -19.026502978498215        47.319582405461610        125.55134782670439     
  -19.025136641536950        47.319650997326448        125.55132848716164     
  -12.928794826923728        47.625695161842792        125.46503903846794     
  -11.404794826923727        47.702201913089070        125.44346788583113     
  -9.8807948269237276        47.778708664335348        125.42189673319432     
  -8.3567948269237267        47.855215415581625        125.40032558055751     
