     -14.9047101844509022       54.0407665321031274      132.3287195132719205
     -14.9060546978018049       54.0551484420359429      132.3228626110491462
     -14.9087156638549043       54.0728253964421768      132.3156743375533608
     -14.9134411064393841       54.0941404506926631      132.3070225442590697
     -14.9208973353414756       54.1183096442622613      132.2972344794611104
     -14.9317504279055520       54.1446459933634046      132.2865981146678962
     -14.9466578057891155       54.1724641353093048      132.2754011441570015
     -14.9662623417435334       54.2010217520388764      132.2639550264969444
     -14.9911874393259161       54.2294748509590008      132.2526134038584189
     -15.0220321551503933       54.2568331772720853      132.2417904861029569
     -15.0593656243692386       54.2819048368148813      132.2319838416070752
     -15.1037198228004428       54.3032158750417935      132.2238073916932990
     -15.1555789104229017       54.3188789857268830      132.2180451143952951
     -15.2153612904899838       54.3263545520670590      132.2157485685112022
     -15.2838109300881193       54.3282100529748035      132.2158743691777261
     -15.3618724276890148       54.3303109901168924      132.2160253792035007
     -15.4500662922876764       54.3326849611531983      132.2161976285803746
     -15.5488847922272875       54.3353451439225950      132.2163928696551238
     -15.6587915435158500       54.3383038331567079      132.2166130402816009
     -15.7802202430957710       54.3415723698959994      132.2168603171199095
     -15.9135734789585861       54.3451610845284634      132.2171372108483354
     -16.0592216197052053       54.3490792253533357      132.2174466316546386
     -16.2175017868006037       54.3533348857690868      132.2177919536040633
     -16.3887169123957435       54.3579349395217051      132.2181770976782786
     -16.5731348850291269       54.3628849800196861      132.2186066207293891
     -16.7709877863266534       54.3681892526810131      132.2190857805306337
     -16.9824712249316505       54.3738505261958167      132.2196204423528343
     -17.2077437578358250       54.3798700605431620      132.2202172078923752
     -17.4469264076226267       54.3862475857048366      132.2208835540376981
     -17.7001022846591844       54.3929812569174587      132.2216278973286592
     -17.9673163356663821       54.4000675567118748      132.2224595280666506
     -18.2485751820078619       54.4075012533406905      132.2233886881987814
     -18.5438470498653558       54.4152753865859395      132.2244267046948210
     -18.8530618158312535       54.4233811934760325      132.2255859605666615
     -19.1761111610909438       54.4318080383561735      132.2268798582101681
     -19.5128488243975298       54.4405434213216353      132.2283229527032518
     -19.8630909790820489       54.4495729020025223      132.2299308567819196
     -20.2266167185610364       54.4588800494627492      132.2317201843750638
     -20.6031686445077469       54.4684464468914129      132.2337085999184865
     -20.9924535878220730       54.4782514837104159      132.2359143219053692
     -21.3941434184431891       54.4882724336326234      132.2383562887405333
     -21.8078759757707807       54.4984844383325182      132.2410540607593248
     -22.2332561077175299       54.5088604827222056      132.2440276648379722
     -22.6698568093651716       54.5193714399447984      132.2472975686549432
     -23.1172204762676401       54.5299860144406807      132.2508843657279840
     -23.5748602421609270       54.5406708516105780      132.2548088203025429
     -24.0422613937183769       54.5513905106295169      132.2590915177926547
     -24.5188827548219734       54.5621076562885250      132.2637528807155718
     -25.0041582051804454       54.5727831783255013      132.2688128203329256
     -25.4974983012310723       54.5833764513374859      132.2742906135804617
     -25.9982919767371001       54.5938455226254220      132.2802045039833843
     -26.5059082960387613       54.6041474483287885      132.2865715667899735
     -27.0196982699532349       54.6142385863867901      132.2934073827853751
     -27.5389967140327698       54.6240750179093340      132.3007259474050556
     -28.0631241525240540       54.6336129409031130      132.3085394500874088
     -28.5913887595248113       54.6428090421191399      132.3168579530502029
     -29.1230883232827225       54.6516209570580429      132.3256892528712854
     -29.6575122348942450       54.6600076725842356      132.3350385907436646
     -30.1939434846368506       54.6679300096399459      132.3449085638910958
     -30.7316606675242845       54.6753510375728382      132.3552988989254402
     -31.2699399866996330       54.6822364690830369      132.3662062265647705
     -31.8080573170075205       54.6885550830735596      132.3776240135008209
     -32.3452909809484055       54.6942790151479201      132.3895426806233502
     -32.8809245405841750       54.6993837147759052      132.4019498814508893
     -33.4142488355704472       54.7038477619501933      132.4148307833760612
     -33.9445638917958590       54.7076525069417556      132.4281679787305279
     -34.4711807493844660       54.7107817926848412      132.4419416326023793
     -34.9934232093793511       54.7132217849660023      132.4561299162010641
     -35.5106295175383835       54.7149607344620534      132.4707092922407412
     -36.0221539879937680       54.7159887101951554      132.4856547467298071
     -36.5273685846102225       54.7162973566014301      132.5009401008526027
     -37.0256644822169747       54.7158796120040876      132.5165382720527134
     -37.5164536511757021       54.7147294135601001      132.5324215831857657
     -37.9991696971340929       54.7127876689538724      132.5485841891014616
     -38.4732658347397987       54.7096108665579166      132.5651789019593707
     -38.9382236867546894       54.7046336207714745      132.5824090830082866
     -39.3935549644381453       54.6973617411520578      132.6004490847189743
     -39.8387953702318072       54.6873760074373791      132.6194425442213287
     -40.2735013941294824       54.6743348459805247      132.6395011938868436
     -40.6972478661118373       54.6579762676998087      132.6607040291137594
     -41.1096259415876801       54.6381190288348932      132.6830968456406765
     -41.5102422963557913       54.6146629230509220      132.7066921903760033
     -41.8987203565225812       54.5875879715726740      132.7314698329047928
     -42.2747039422872888       54.5569521997906151      132.7573779771277600
     -42.6378628540736671       54.5228876598785988      132.7843352619412371
     -42.9878991271343196       54.4855946143342678      132.8122336093094304
     -43.3245529264755334       54.4453340282296239      132.8409417429125767
     -43.6476083234255015       54.4024185577107033      132.8703092899426110
     -43.9568946336018129       54.3572025768113889      132.9001710784916099
     -44.2522850370394778       54.3100724411751941      132.9303513980132720
     -44.5336954211341407       54.2614371907618604      132.9606679547994759
     -44.8010834546283192       54.2117197219541609      132.9909355559544224
     -45.0544478004353124       54.1613485002775263      133.0209695983899678
     -45.2938274087157282       54.1107498279078385      133.0505892652819284
     -45.5193008466428921       54.0603407651899133      133.0796205315815257
     -45.7309856486087156       54.0105226365081137      133.1078986720587238
     -45.9290376605223116       53.9616752151048829      133.1352703860110864
     -46.1136503535239157       53.9141517016910328      133.1615957294995951
     -46.2850540996264570       53.8682744589321558      133.1867497003795506
     -46.4435153978502768       53.8243315199154111      133.2106234919148449
     -46.5893360401112773       53.7825738928626720      133.2331254756994099
     -46.7228522136024225       53.7432136098975235      133.2541818248737115
     -46.8444335332947972       53.7064225110268723      133.2737368288427149
     -46.9544820008320301       53.6723317319321609      133.2917529263129381
     -47.0534308878568268       53.6410318508557609      133.3082104790080109
     -47.1417435431436047       53.6125736405969491      133.3231073104885240
     -47.2199121240347992       53.5869693649567438      133.3364580390816911
     -47.2884562536762232       53.5624374396503882      133.3489990269864620
     -47.3479216065206501       53.5369866233127425      133.3615504468433244
     -47.3988784248072790       53.5110329912171920      133.3739660493664871
     -47.4419199697473033       53.4849585448095226      133.3861147710940998
     -47.4776609113311636       53.4591097814773661      133.3978811796046386
     -47.5067356609210734       53.4338044460583674      133.4091626271998052
     -47.5297966511633732       53.4093380296569791      133.4198665062092459
     -47.5475125679303190       53.3859907917851473      133.4299072975304057
     -47.5605665391502797       53.3640363505604469      133.4392029966664381
     -47.5696542855086975       53.3437535710638784      133.4476702278257392
     -47.5754822381031772       53.3254451202015716      133.4552167025150027
     -47.5787656282164306       53.3094700949341203      133.4617280666543024
     -47.5802265544341907       53.2963059052752470      133.4670430763016498
     -47.5805920323814462       53.2856326930812827      133.4713190142959434
     -47.5802265544341836       53.2749492322952207      133.4755692813347707
     -47.5787656282164306       53.2617440777031987      133.4807816808903453
     -47.5754822381031772       53.2456769954122535      133.4870624580640595
     -47.5696542855086975       53.2272051809393574      133.4941997350862550
     -47.5605665391502299       53.2066677537615504      133.5020291177265790
     -47.5475125679298642       53.1843477221193552      133.5104090759249686
     -47.5297966511602468       53.1605046985353482      133.5192080095513063
     -47.5067356609043401       53.1353935468004579      133.5282969377529128
     -47.4776609112571180       53.1092763665593850      133.5375448540806929
     -47.4419199694666105       53.0824311830354461      133.5468154018015241
     -47.3988784238699026       53.0551590711323016      133.5559641777623199
     -47.3479216037060411       53.0277907577383587      133.5648362467261734
     -47.2884562459579385       53.0006934773220308      133.5732635553162595
     -47.2199121044696213       52.9742696286636701      133.5810655940205720
     -47.1417434965138611       52.9465106099557801      133.5890190436186060
     -47.0534307820684319       52.9156175544640419      133.5978169614642752
     -46.9544817712356206       52.8815892971518480      133.6074402970675408
     -46.8444330546400423       52.8444641710268499      133.6178556510031115
     -46.7228512517616394       52.8043214152461928      133.6290148615343014
     -46.5893341716551106       52.7612820526006630      133.6408548141506856
     -46.4435118800810329       52.7155091756757699      133.6532974933028015
     -46.2850476664137176       52.6672075903801371      133.6662502937433601
     -46.1136389029381633       52.6166227755193177      133.6796066032222541
     -45.9290177885415360       52.5640391260579847      133.6932466548962566
     -45.7309519688308228       52.5097774503209962      133.7070386133506759
     -45.5192450187374504       52.4541917603613470      133.7208399881255900
     -45.2937367780370721       52.3976653503865180      133.7344993068549854
     -45.0543035274093029       52.3406061920945334      133.7478580132324737
     -44.8008579845212864       52.2834417602030896      133.7607527144052426
     -44.5333491113169870       52.2266132835749914      133.7730175422673824
     -44.2517617173180824       52.1705694681493810      133.7844864584613731
     -43.9561158210144924       52.1157599246612691      133.7949957439002446
     -43.6464657377041050       52.0626283978585391      133.8043864923543254
     -43.3228988409622318       52.0116060009761014      133.8125071174389404
     -42.9855339146037920       51.9631046267804777      133.8192156958354531
     -42.6345191156488212       51.9175107703365057      133.8243820138905278
     -42.2700324722341492       51.8751798990829656      133.8278896581446133
     -41.8922865719704092       51.8364304698304679      133.8296383453861438
     -41.5015330934073745       51.8015372046055091      133.8295464803959192
     -41.0980674246586588       51.7707236937995248      133.8275539348318262
     -40.6822323265758712       51.7441543936619226      133.8236250583187257
     -40.2544194058285640       51.7219263207730080      133.8177516983074042
     -39.8150679455210934       51.7040610271183780      133.8099560783591073
     -39.3646615300242857       51.6904974278411657      133.8002932632068394
     -38.9037233105522375       51.6810859679186692      133.7888530960467790
     -38.4328107146416400       51.6755844292892945      133.7757615492821799
     -37.9525092873827958       51.6736555824115200      133.7611814094355509
     -37.4634235902141342       51.6748683192115763      133.7453115436858866
     -36.9661758431668233       51.6788924416061874      133.7283115820317789
     -36.4614115768525835       51.6857639160243991      133.7101995109471488
     -35.9497943389921701       51.6955506129552873      133.6909804525677998
     -35.4320031659877870       51.7082980266603016      133.6706674620759259
     -34.9087307038694163       51.7240293295653046      133.6492813186611954
     -34.3806812309926073       51.7427456545614604      133.6268502733083494
     -33.8485686275869497       51.7644265870501812      133.6034096804935132
     -33.3131143302395358       51.7890308998618352      133.5790016026614353
     -32.7750452960431815       51.8164974903566247      133.5536743076400512
     -32.2350920009177031       51.8467464390296229      133.5274814937299084
     -31.6939864683712500       51.8796804343024291      133.5004819291180524
     -31.1524603480969269       51.9151863631906849      133.4727390541211776
     -30.6112431340489692       51.9531368876040816      133.4443201790369926
     -30.0710611199455755       51.9933920050454930      133.4152957860443962
     -29.5326363256948135       52.0358003259204338      133.3857388205699692
     -28.9966847065567883       52.0802004207999261      133.3557242775898999
     -28.4639143253148710       52.1264221892301123      133.3253287117769901
     -27.9350235594265257       52.1742882880197811      133.2946298068879400
     -27.4106993502927061       52.2236155227328638      133.2637058023601924
     -26.8916154907538427       52.2742162887195718      133.2326350414139142
     -26.3784309556442622       52.3258999928394957      133.2014955059470367
     -25.8717882776909178       52.3784744548948495      133.1703643753384085
     -25.3723119676104041       52.4317472832921041      133.1393176320807754
     -24.8806069902449920       52.4855271032590593      133.1084294394717347
     -24.3972572790247071       52.5396248812253148      133.0777719414515161
     -23.9228243132481211       52.5938550476586144      133.0474147553737509
     -23.4578457365650088       52.6480366897565659      133.0174248700514283
     -23.0028340423479776       52.7019945246326813      132.9878662352371919
     -22.5582752670716857       52.7555598901443403      132.9587996361855744
     -22.1246277171585568       52.8085715475634458      132.9302822699104070
     -21.7023208439198108       52.8608765505687828      132.9023677411983044
     -21.2917542252595133       52.9123308274097752      132.8751056738142609
     -20.8932965880385346       52.9627998327223253      132.8485418380910232
     -20.5072849107237900       53.0121588971949294      132.8227178515660682
     -20.1340235733865249       53.0602936199631472      132.7976713071339248
     -19.7737835882950321       53.1071000018589103      132.7734355545936751
     -19.4268018965832390       53.1524845451370780      132.7500396821716890
     -19.0932807268694589       53.1963644101026745      132.7275088997279795
     -18.7733870509827838       53.2386672834658086      132.7058644359375705
     -18.4672521043951825       53.2793312734210289      132.6851237111232820
     -18.1749709962465644       53.3183047020789971      132.6653004348912077
     -17.8966024152135077       53.3555457843125609      132.6464045744170051
     -17.6321684114806985       53.3910223516793678      132.6284425609872812
     -17.3816542767122399       53.4247115035886111      132.6114174144141202
     -17.1450085261188079       53.4565991768306858      132.5953287386155068
     -16.9221429799524152       53.4866797600638293      132.5801728860670039
     -16.7129329476658377       53.5149557059913690      132.5659431664352610
     -16.5172174972323340       53.5414370960068311      132.5526299499614993
     -16.3347998242109043       53.5661411719291394      132.5402206727508201
     -16.1654477171967521       53.5890919370199441      132.5286999839459838
     -16.0088941202450812       53.6103198126467717      132.5180499908683203
     -15.8648377987052651       53.6298612526682845      132.5082503529922349
     -15.7329441023056198       53.6477583751755844      132.4992783683315736
     -15.6128458231442462       53.6640586162007125      132.4911090619909260
     -15.5041441463167278       53.6788144122681103      132.4837152946881247
     -15.4064096899647112       53.6920828856151644      132.4770678298121709
     -15.3191836322688015       53.7039255471204271      132.4711354014401365
     -15.2419789225654370       53.7144080254216192      132.4658848110389329
     -15.1742825012083120       53.7236134404100127      132.4612755088325855
     -15.1159539251494781       53.7374762154864030      132.4548980697819047
     -15.0666035663147788       53.7586280875778186      132.4456771873536809
     -15.0254707276067911       53.7845864093695027      132.4346069412691520
     -14.9918181331287350       53.8135248175165515      132.4224165168675427
     -14.9649172728260744       53.8440338574964343      132.4096672557083423
     -14.9440411371395161       53.8749892794275311      132.3968059107723150
     -14.9284604668497742       53.9054712110350138      132.3841972252151038
     -14.9174417535064769       53.9347083848500901      132.3721463478435680
     -14.9102460142912197       53.9620331686692936      132.3609168890226613
     -14.9061275922240242       53.9868364814810491      132.3507490651345506
     -14.9043320413499405       54.0085088719338628      132.3418835240003375
     -14.9040915296752381       54.0263448400867503      132.3346001916932835
     -14.9047101844509022       54.0407665321031274      132.3287195132719205
