     -22.0599100628168614       41.7170123600037286      118.4456608288140131
     -22.0607454155918283       41.7302859311052075      118.4409640102280150
     -22.0626840032444811       41.7466126352541735      118.4351616640755509
     -22.0663931441607559       41.7663175920933938      118.4281209238153707
     -22.0724960741924541       41.7886859972813625      118.4200764217013813
     -22.0816132472293205       41.8130923801158545      118.4112316163208334
     -22.0943572369615318       41.8389125867625467      118.4017900389443412
     -22.1113289527702648       41.8654696981481536      118.3919745775762209
     -22.1331143681416869       41.8919927357479622      118.3820422638925436
     -22.1602812834828846       41.9175754937497089      118.3722990310054684
     -22.1933757438340713       41.9411254249263550      118.3631179944657390
     -22.2329176146992573       41.9612894341396583      118.3549658929866979
     -22.2793944122192507       41.9763327608970158      118.3484460917722885
     -22.3332513948262559       41.9839185675212292      118.3443766330062772
     -22.3950928983438793       41.9864216883001475      118.3418988764131967
     -22.4656172359644160       41.9892590427114811      118.3390705134001024
     -22.5452936975524061       41.9924607105002892      118.3358652026371374
     -22.6345663012000031       41.9960428588030155      118.3322614812920932
     -22.7338530555812355       42.0000201835850646      118.3282383202809029
     -22.8435448110510961       42.0044057934501183      118.3237751517439165
     -22.9640041817193570       42.0092110905913074      118.3188519037134228
     -23.0955645415522071       42.0144456498200825      118.3134490434023292
     -23.2385290987734123       42.0201171029328790      118.3075476479817922
     -23.3931700493312320       42.0262310215255042      118.3011294815054981
     -23.5597278100246967       42.0327907916741523      118.2941770571205211
     -23.7384103365242893       42.0397974950769111      118.2866737228122389
     -23.9293925272866943       42.0472497936324530      118.2786037587023031
     -24.1328157164968893       42.0551438234762927      118.2699524987016417
     -24.3487872631484628       42.0634731196149687      118.2607065311018033
     -24.5773802232348686       42.0722285111661876      118.2508538048856650
     -24.8186331250752161       42.0813980230457574      118.2403837472121211
     -25.0725498403616136       42.0909667985525502      118.2292874333196551
     -25.3390995603278952       42.1009170774456578      118.2175578902804887
     -25.6182168486887321       42.1112281244762272      118.2051902300283359
     -25.9098017899860373       42.1218761646158413      118.1921817623894668
     -26.2137202621513232       42.1328344068033900      118.1785323098732619
     -26.5298043017525984       42.1440730697269643      118.1642444731788686
     -26.8578525364354981       42.1555593424042954      118.1493236509757168
     -27.1976307634915138       42.1672574850704933      118.1337783823653780
     -27.5488726121234713       42.1791289203245512      118.1176205831355190
     -27.9112802653781316       42.1911322587699686      118.1008655126102980
     -28.2845253525571003       42.2032235147910413      118.0835321803641733
     -28.6682498647153032       42.2153562025670936      118.0656433186836978
     -29.0620671930252286       42.2274815159307764      118.0472254860822687
     -29.4655632796533027       42.2395485868841689      118.0283092828420024
     -29.8782977798750338       42.2515046311465241      118.0089291400449980
     -30.2998053924953901       42.2632953044537771      117.9891235774784093
     -30.7295970954034665       42.2748649137670114      117.9689348794999972
     -31.1671615818027767       42.2861568419251412      117.9484091743982361
     -31.6119666827776093       42.2971138736190611      117.9275960919981685
     -32.0634609280791523       42.3076786446654864      117.9065486342701519
     -32.5210750951409864       42.3177940472172338      117.8853228021597346
     -32.9842238564612842       42.3274036996441581      117.8639772949333206
     -33.4523074237179827       42.3364523993412618      117.8425730696988154
     -33.9247132655062984       42.3448865985934972      117.8211728909772376
     -34.4008178147571329       42.3526548779885346      117.7998408194102922
     -34.8799882404917696       42.3597084255111227      117.7786416842710366
     -35.3615841890111184       42.3660015044684428      117.7576405164237201
     -35.8449595871344258       42.3714918988116267      117.7369019346532184
     -36.3294643924902303       42.3761413587038120      117.7164895742772188
     -36.8144464044561985       42.3799159878920904      117.6964654212866179
     -37.2992530404358931       42.3827866461746439      117.6768892913168543
     -37.7832335417234049       42.3847291701889262      117.6578181462044768
     -38.2657411197135033       42.3857244832938704      117.6393057443860499
     -38.7461347691755051       42.3857585101698646      117.6214020583662005
     -39.2237809469040641       42.3848221822275590      117.6041530815972465
     -39.6980552497499133       42.3829112758995308      117.5876003039306283
     -40.1683440039142567       42.3800263669473125      117.5717806422142644
     -40.6340458392388086       42.3761726051998053      117.5567260077240235
     -41.0945731925747708       42.3713596198748945      117.5424633748892234
     -41.5493537944625118       42.3656012306494958      117.5290144573790343
     -41.9978321133732138       42.3589153003918213      117.5163959361773749
     -42.4394708043947873       42.3513233548308250      117.5046192217423595
     -42.8737517507117047       42.3428013790377733      117.4937085689439442
     -43.3001756211085649       42.3329772655170657      117.4838097581543934
     -43.7182669469387548       42.3213709070037112      117.4751039557782946
     -44.1275755232061613       42.3075702301177046      117.4677437477280222
     -44.5276738081484922       42.2912343392509555      117.4618528820679870
     -44.9181557520059513       42.2720948187608627      117.4575253837814586
     -45.2986359995935359       42.2499565418032574      117.4548260382221940
     -45.6687492696367627       42.2246973700371271      117.4537905293605036
     -46.0281503261734599       42.1962670360098642      117.4544261040989142
     -46.3765149643119088       42.1646851687419684      117.4567129314215066
     -46.7135421875428136       42.1300378965656463      117.4606050136568456
     -47.0389573725326215       42.0924736023650681      117.4660326054563342
     -47.3525157378222588       42.0521972202841638      117.4729044264368838
     -47.6540055981560542       42.0094634296221088      117.4811101710273675
     -47.9432515444827203       41.9645691700821146      117.4905240083382978
     -48.2201153104547515       41.9178453964883886      117.5010076879275971
     -48.4844952128460989       41.8696489140875059      117.5124136158218562
     -48.7363256762094395       41.8203546440592575      117.5245882837412807
     -48.9755768269571234       41.7703480677870687      117.5373751743578623
     -49.2022541141635443       41.7200179688670403      117.5506172768213133
     -49.4163979414687873       41.6697497460649231      117.5641597755909373
     -49.6180832799541847       41.6199192046739697      117.5778524574750179
     -49.8074192457896530       41.5708868513809549      117.5915517301147446
     -49.9845486340872256       41.5229927723839154      117.6051223266845227
     -50.1496474048859255       41.4765521873464706      117.6184388418173796
     -50.3029241137839449       41.4318516918133852      117.6313870543578588
     -50.4446192785604239       41.3891461553807929      117.6438649009483584
     -50.5750046801220279       41.3486563089311261      117.6557831891267085
     -50.6943825950454112       41.3105670138605419      117.6670660617615027
     -50.8030849572602179       41.2750261842089898      117.6776511975777737
     -50.9014724498548006       41.2421443607505296      117.6874898458069225
     -50.9899335261712068       41.2119948856167397      117.6965466793536308
     -51.0688833593768479       41.1846146063957121      117.7047994206292429
     -51.1387627229579635       41.1600050711969487      117.7122383088636042
     -51.2000368041145890       41.1365364263470212      117.7194237649342057
     -51.2531939525589522       41.1123881119095742      117.7269815187413400
     -51.2987443674313113       41.0879283014774188      117.7347720004443374
     -51.3372187256324963       41.0634938443194670      117.7426670485489950
     -51.3691667550358986       41.0393889973744876      117.7505502803194730
     -51.3951557562345158       41.0158915951541019      117.7583148634531796
     -51.4157690767303635       40.9932589883794876      117.7658613736735305
     -51.4316045416237770       40.9717344572604389      117.7730954944726136
     -51.4432728449917605       40.9515550495133382      117.7799252304373425
     -51.4513959062612969       40.9329624162215779      117.7862570893267105
     -51.4566051959836699       40.9162197079394403      117.7919901711727420
     -51.4595400355025916       40.9016412648684664      117.7970058285327468
     -51.4608458750816382       40.8896489028245895      117.8011481092405290
     -51.4611725551181607       40.8799395713387241      117.8045125786595406
     -51.4608458750816382       40.8702332223178999      117.8078856427057133
     -51.4595400355025916       40.8582527841304568      117.8120622846212200
     -51.4566051959836699       40.8437011514925956      117.8171552021249084
     -51.4513959062612969       40.8270060717872028      117.8230255361617651
     -51.4432728449917391       40.8084878111661808      117.8295717162149145
     -51.4316045416235497       40.7884154561093908      117.8367099479879698
     -51.4157690767287647       40.7670366264023158      117.8443639393638023
     -51.3951557562259680       40.7445944007852248      117.8524590746461627
     -51.3691667549981190       40.7213381885663779      117.8609186996623635
     -51.3372187254892793       40.6975316090002863      117.8696614542644028
     -51.2987443669530236       40.6734589508841466      117.8785991055057991
     -51.2531939511227819       40.6494311617819122      117.8876345509039254
     -51.2000368001762212       40.6257920720726347      117.8966597458825873
     -51.1387627129743549       40.6029171702488867      117.9055561983774538
     -51.0688833355822638       40.5789896339679856      117.9149604049811728
     -50.9899334721871753       40.5523828104222375      117.9254420017557266
     -50.9014723326875966       40.5231039669295470      117.9370076907010088
     -50.8030847129854379       40.4911958416274231      117.9496521325651202
     -50.6943821041643261       40.4567379163328766      117.9633576233524934
     -50.5750037265037520       40.4198472089686831      117.9780939495515355
     -50.4446174830857927       40.3806785144444973      117.9938183913924803
     -50.3029208300958501       40.3394240690992802      118.0104759534050203
     -50.1496415598716823       40.2963126114679326      118.0279998653482352
     -49.9845384897241587       40.2516077826398160      118.0463122757277716
     -49.8074020516476779       40.2056058591622971      118.0653251660033334
     -49.6180547768456819       40.1586328139845179      118.0849414780923894
     -49.4163516663341937       40.1110406875690018      118.1050563616512932
     -49.2021804440835950       40.0632033418437530      118.1255586640156139
     -48.9754616858317036       40.0155116524726608      118.1463326843982742
     -48.7361488104607758       39.9683681454505830      118.1672600142484839
     -48.4842279212010112       39.9221811238948803      118.1882213464802334
     -48.2197174850990962       39.8773584094318849      118.2090983109047500
     -47.9426678423294419       39.8343009575395186      118.2297757350972063
     -47.6531605038853385       39.7933962793695812      118.2501436987185457
     -47.3513071905671481       39.7550117721810210      118.2700991746707757
     -47.0372486426292795       39.7194884283364829      118.2895480650037427
     -46.7111546866388707       39.6871347986248182      118.3084070890813138
     -46.3732263998813750       39.6582206082053617      118.3266050091238526
     -46.0236981843874062       39.6329703621161542      118.3440845878053693
     -45.6628398580936832       39.6115567625447795      118.3608044579937371
     -45.2909582231387660       39.5940938494775239      118.3767403621961165
     -44.9083975113196843       39.5806306802173538      118.3918874427970991
     -44.5155384362782200       39.5711452323553274      118.4062615250377206
     -44.1127960922281659       39.5655393105400677      118.4199005730750827
     -43.7006171292971430       39.5636346394826433      118.4328659525680223
     -43.2794765994781585       39.5651700735227223      118.4452427050868835
     -42.8498743438806642       39.5698005908265955      118.4571404096275273
     -42.4123298199826593       39.5770986225990242      118.4686921405663327
     -41.9673808669563115       39.5867318757249436      118.4799956535408967
     -41.5155860263445291       39.5987052390351764      118.4910318579948267
     -41.0575212429431531       39.6130561531761103      118.5017670813329858
     -40.5937779607823401       39.6298049212640606      118.5121692606484629
     -40.1249615250843448       39.6489548248470314      118.5222083864949809
     -39.6516895260526141       39.6704921833971795      118.5318562674702889
     -39.1745900808621741       39.6943868025282427      118.5410869302431820
     -38.6943001142288523       39.7205923976371480      118.5498764211297384
     -38.2114635994958931       39.7490473758909673      118.5582031700412386
     -37.7267298362019403       39.7796756004902150      118.5660478216386906
     -37.2407516954467255       39.8123874617397036      118.5733935404998363
     -36.7541839279699190       39.8470809320926449      118.5802258727513987
     -36.2676814786657147       39.8836428537397225      118.5865329683978047
     -35.7818982265742704       39.9219501361218860      118.5923054929839537
     -35.2974856552848095       39.9618709398158671      118.5975368223717226
     -34.8150912032187136       40.0032658004357629      118.6022230672463706
     -34.3353565518221728       40.0459888358826817      118.6063632076119063
     -33.8589159644724589       40.0898889471680349      118.6099591052797848
     -33.3863946246797667       40.1348110558219702      118.6130155624914835
     -32.9184070121521515       40.1805973159000800      118.6155402829182179
     -32.4555553027792953       40.2270883268718791      118.6175438517704350
     -31.9984277971869062       40.2741242975722571      118.6190396250178622
     -31.5475973924929711       40.3215461974166871      118.6200436697597382
     -31.1036200825612674       40.3691968258023124      118.6205745846736050
     -30.6670335055036780       40.4169218401416401      118.6206533496936970
     -30.2383555386251182       40.4645707034849877      118.6203031165117210
     -29.8180829254987643       40.5119975494090383      118.6195489564440493
     -29.4066899899212437       40.5590619992444559      118.6184176877035128
     -29.0046273259251350       40.6056298263244244      118.6169374773160428
     -28.6123206099553649       40.6515736658425695      118.6151377666997604
     -28.2301694225685544       40.6967734806262627      118.6130487156527238
     -27.8585462592766007       40.7411171132091923      118.6107011849916262
     -27.4977955095883004       40.7845005681118451      118.6081262217474261
     -27.1482325603182559       40.8268283104644567      118.6053548763401437
     -26.8101429672367786       40.8680134663471080      118.6024180070163823
     -26.4837816498312542       40.9079778408969972      118.5993458152703113
     -26.1693722348061399       40.9466520151167543      118.5961678538365760
     -25.8671064238376900       40.9839752483045885      118.5929126952775334
     -25.5771434459215286       41.0198953280434608      118.5896076533109778
     -25.2996096330486751       41.0543684640596496      118.5862788127389393
     -25.0345980404099357       41.0873590295092086      118.5829507763484258
     -24.7821681584259963       41.1188392762783153      118.5796464723850221
     -24.5423457362002608       41.1487890827203842      118.5763871675095515
     -24.3151226850661786       41.1771956485676185      118.5731924161778323
     -24.1004570585108446       41.2040531289559055      118.5700799022400389
     -23.8982731430490105       41.2293622991364330      118.5670654201571210
     -23.7084616487009612       41.2531302256002590      118.5641629158949826
     -23.5308799788196090       41.2753699266569498      118.5613845125736958
     -23.3653525822913757       41.2961000116373924      118.5587404673595131
     -23.2116714043480705       41.3153443547906178      118.5562392090280355
     -23.0695964286898949       41.3331317844473531      118.5538873913439915
     -22.9388563089292106       41.3494957875611107      118.5516899559860775
     -22.8191490884092438       41.3644742343511211      118.5496502142201081
     -22.7101430025582118       41.3781091073495020      118.5477699001343694
     -22.6114773649509111       41.3904462496102425      118.5460492376404034
     -22.5227635348824364       41.4015351326955141      118.5444870247046225
     -22.4435859626170711       41.4114286382502073      118.5430807204407557
     -22.3735033093953213       41.4201828513047516      118.5418265344187461
     -22.3120501181277433       41.4278694382560317      118.5407151106753503
     -22.2589431070364938       41.4399572029449388      118.5378451132725104
     -22.2137608340957655       41.4588682626936063      118.5323810877255966
     -22.1758813820186873       41.4823063568176806      118.5251408445921015
     -22.1446865904007701       41.5085799965787956      118.5167309684818804
     -22.1195551461023250       41.5363817755450953      118.5076244099318785
     -22.0998595067301373       41.5646669758417744      118.4982030435465674
     -22.0849646558965169       41.5925790892407790      118.4887836833607508
     -22.0742277777760769       41.6193984367989955      118.4796359640678958
     -22.0669983453043841       41.6445007433137562      118.4709967303437423
     -22.0626182334434162       41.6673155960600425      118.4630844917167565
     -22.0604213701571901       41.6872721281602310      118.4561184151852871
     -22.0597321141440368       41.7037107815381134      118.4503493245932049
     -22.0599100628168614       41.7170123600037286      118.4456608288140131
