     -17.0890779223393743       50.5374658303550603      128.9565752235896241
     -17.0903081748424981       50.5514723739649270      128.9510932503777383
     -17.0927966446327062       50.5686900478720744      128.9443584288054581
     -17.0972658698472699       50.5894544280592413      128.9362423080793860
     -17.1043648762151079       50.6130035291026985      128.9270462669199446
     -17.1147419812723101       50.6386697786855819      128.9170349811144263
     -17.1290371126153289       50.6657871476107644      128.9064729229385478
     -17.1478763927671949       50.6936340970602473      128.8956468662462669
     -17.1718675970628745       50.7213900210600883      128.8848831315785901
     -17.2015956520140492       50.7480918177581373      128.8745647983635649
     -17.2376175126819042       50.7725799548419445      128.8651530400692877
     -17.2804555541268989       50.7934201486132153      128.8572180058916388
     -17.3305879059472687       50.8087755076521361      128.8514890782459759
     -17.3884322695819797       50.8161738330435995      128.8489461289449594
     -17.4546961254718020       50.8181164987422420      128.8486086449256334
     -17.5302647720119076       50.8203165724709081      128.8482292600793357
     -17.6156419444706884       50.8228016791629997      128.8478001495428487
     -17.7113040914008266       50.8255852843487546      128.8473188849000337
     -17.8176999079444656       50.8286798669157918      128.8467832482013478
     -17.9352491093418536       50.8320968374500879      128.8461912716079212
     -18.0643412788991533       50.8358464546460098      128.8455412820266872
     -18.2053347935267027       50.8399377409990905      128.8448319509137150
     -18.3585558297515057       50.8443783988774101      128.8440623490461689
     -18.5242974528725135       50.8491747277302863      128.8432320052487512
     -18.7028187929461929       50.8543315355712977      128.8423409487845106
     -18.8943443079377715       50.8598520565693164      128.8413897624603521
     -19.0990631348433162       50.8657378830016569      128.8403796642898271
     -19.3171285333909246       50.8719888967207510      128.8393125768507730
     -19.5486574238176978       50.8786032035545617      128.8381911895906740
     -19.7937300273387287       50.8855770544068449      128.8370189713008358
     -20.0523896172206690       50.8929047939925283      128.8358002505589468
     -20.3246423633116002       50.9005788120597771      128.8345403069656072
     -20.6104572729261761       50.9085894850992560      128.8332454255270250
     -20.9097662378568110       50.9169251179935571      128.8319229321178909
     -21.2224641775179492       50.9255719123288628      128.8305812746874324
     -21.5484092937613312       50.9345139232214876      128.8292300505501373
     -21.8874234387471844       50.9437329978500841      128.8278799593793735
     -22.2392925772213026       50.9532087841865007      128.8265429024422417
     -22.6037673661043819       50.9629187088635476      128.8252319690662659
     -22.9805638432803079       50.9728379580994186      128.8239613928688243
     -23.3693642118124210       50.9829395169415633      128.8227466141156867
     -23.7698177465902845       50.9931941574065064      128.8216041683807305
     -24.1815417899886640       51.0035704967186234      128.8205517047592821
     -24.6041228596368491       51.0140350302557124      128.8196078896043275
     -25.0371178516235453       51.0245521946468727      128.8187923331988713
     -25.4800553364100537       51.0350844647804962      128.8181255463113644
     -25.9324369231563558       51.0455924447389151      128.8176288091269441
     -26.3937386067909827       51.0560350435263146      128.8173240872756651
     -26.8634122396046457       51.0663696815442094      128.8172338363550296
     -27.3408870983424848       51.0765525554419071      128.8173808328618861
     -27.8255715289656820       51.0865389099761416      128.8177879164028354
     -28.3168546413447970       51.0962833885326049      128.8184778307272325
     -28.8141080663172175       51.1057403814040754      128.8194729687666040
     -29.3166877545156659       51.1148644137251864      128.8207951390353685
     -29.8239358189834896       51.1236105483790766      128.8224653050495760
     -30.3351824119391047       51.1319348002643679      128.8245033046328274
     -30.8497476245769064       51.1397945835538010      128.8269276213611363
     -31.3669434128478350       51.1471491580585891      128.8297551419918818
     -31.8860755274073497       51.1539600694510810      128.8330009070895699
     -32.4064454595321934       51.1601915423114235      128.8366777727131307
     -32.9273523747324504       51.1658108970791190      128.8407961837689868
     -33.4480951109746698       51.1707889075118558      128.8453638890789534
     -33.9679748083858613       51.1751001006176196      128.8503859870534427
     -34.4862975553340831       51.1787226846945345      128.8558649442174726
     -35.0023763623197652       51.1816383107254040      128.8618005328192737
     -35.5155330014560917       51.1838318847785629      128.8681899688096735
     -36.0250997848327472       51.1852913185969030      128.8750279475256093
     -36.5304212663563490       51.1860073261955080      128.8823068386240891
     -37.0308558872639395       51.1859731519698258      128.8900167459584623
     -37.5257775577791790       51.1851843496608865      128.8981457323679081
     -38.0145772018777919       51.1836385063507606      128.9066799501591447
     -38.4966642778736556       51.1813349760447238      128.9156038582202655
     -38.9714683156216282       51.1782745732554574      128.9249004360777917
     -39.4384397843908090       51.1744070515124463      128.9345721054450848
     -39.8970483928983626       51.1693090484536484      128.9447686141065788
     -40.3467910632382285       51.1624392897289653      128.9556858489852971
     -40.7871935339950653       51.1533262330536047      128.9674914853435439
     -41.2178050034941634       51.1415716392645479      128.9803234900111590
     -41.6381953502114257       51.1268530227489748      128.9942891956974620
     -42.0479530233671639       51.1089253343645353      129.0094646854140024
     -42.4466833148634493       51.0876218367319908      129.0258944738646107
     -42.8340077052476218       51.0628541640770521      129.0435916966304717
     -43.2095650229462365       51.0346112350057339      129.0625385739920148
     -43.5730147559785550       51.0029569266924199      129.0826877980875338
     -43.9240420938454079       50.9680260161394401      129.1039643776044272
     -44.2623635666914126       50.9300184520522521      129.1262683150603721
     -44.5877323562398047       50.8891920659266859      129.1494778635025682
     -44.8999434957060544       50.8458538864240310      129.1734532425096234
     -45.1988350984490026       50.8003506614280482      129.1980407362451047
     -45.4842871547476264       50.7530594699529587      129.2230764652442474
     -45.7562205186169564       50.7043787535260293      129.2483899370141103
     -46.0145960877035023       50.6547199401031563      129.2738077537439949
     -46.2594141030486341       50.6044994601733507      129.2991568535285580
     -46.4907135132300553       50.5541312769277837      129.3242674500750695
     -46.7085713702208238       50.5040200082368855      129.3489757182032633
     -46.9131022292121429       50.4545546816224970      129.3731261885821482
     -47.1044575332054620       50.4061031633348904      129.3965738344556939
     -47.2828249683414228       50.3590072889879679      129.4191858246823870
     -47.4484277779475221       50.3135787498183760      129.4408430169920052
     -47.6015240256879082       50.2700957290090571      129.4614411463861927
     -47.7424058001160319       50.2288002752943470      129.4808916795907123
     -47.8713983545930688       50.1898964149543190      129.4991223769371231
     -47.9888591781659883       50.1535489797105072      129.5160775760630827
     -48.0951769944720837       50.1198831151210342      129.5317182100277478
     -48.1907706870936323       50.0889844348187694      129.5460216030420497
     -48.2760881509667072       50.0608997610705657      129.5589810480080928
     -48.3516050705017335       50.0356383903510391      129.5706051865655013
     -48.4178236259500920       50.0114677290294551      129.5815756981763229
     -48.4752711304259662       49.9864515510424710      129.5926520870264937
     -48.5244986002495580       49.9609909427823808      129.6036919266725818
     -48.5660792621904065       49.9354537679253170      129.6145667119640166
     -48.6006070013688287       49.9101732921492385      129.6251622887425583
     -48.6286947538073875       49.8854547517305349      129.6353762143308757
     -48.6509728479684256       49.8615816764083419      129.6451152143165189
     -48.6680872997822220       49.8388227199619536      129.6542924477243446
     -48.6806980658153350       49.8174400128274684      129.6628241925708380
     -48.6894772593503475       49.7977007165000600      129.6706253085311573
     -48.6951073342489380       49.7798950500414890      129.6776022233476056
     -48.6982792415524983       49.7643679800289505      129.6836406856992312
     -48.6996905638397948       49.7515793136121047      129.6885826321378943
     -48.7000436324121964       49.7412147662278841      129.6925670435536233
     -48.6996905638397948       49.7308440142346839      129.6965352774057578
     -48.6982792415524983       49.7180305476965643      129.7014125613425506
     -48.6951073342489522       49.7024477493588748      129.7073057206577005
     -48.6894772593503404       49.6845431977318128      129.7140248076063358
     -48.6806980658152924       49.6646497864774474      129.7214240925983120
     -48.6680872997818241       49.6430458746205261      129.7293790801534215
     -48.6509728479656403       49.6199870387061424      129.7377744239709614
     -48.6286947537924306       49.5957241660799681      129.7464970874361256
     -48.6006070013026843       49.5705150800765892      129.7554319908445279
     -48.5660792619396702       49.5446329668365379      129.7644588904011869
     -48.5244985994121905       49.5183732828612833      129.7734498440357527
     -48.4752711279116113       49.4920601569721583      129.7822668742393830
     -48.4178236190551416       49.4660530394532501      129.7907595381415149
     -48.3516050530236043       49.4407453924580409      129.7987655275230736
     -48.2760881093107415       49.4141896909478504      129.8070148798076673
     -48.1907705925885352       49.3846418610938400      129.8161593274722065
     -48.0951767893625615       49.3521030460965449      129.8261862242632958
     -47.9888587505568083       49.3166125640660553      129.8370692384897609
     -47.8713974953181207       49.2782492714890239      129.8487679642776982
     -47.7424041308843385       49.2371324096436496      129.8612277347970974
     -47.6015208829639320       49.1934218774867063      129.8743796618580006
     -47.4484220305341182       49.1473178881636272      129.8881409368579227
     -47.2828147382780486       49.0990599603610036      129.9024153817828449
     -47.1044397791182021       49.0489252177863690      129.9170942613953343
     -46.9130721384305005       48.9972259812057018      129.9320573567333668
     -46.7085214906006385       48.9443066404255873      129.9471742628907407
     -46.4906325374596250       48.8905398347473152      129.9623059341554097
     -46.2592851969243242       48.8363219918886742      129.9773065045903024
     -46.0143946288220604       48.7820682469560793      129.9920252813008972
     -45.7559110819575068       48.7282068184865764      130.0063088962457698
     -45.4838195444746063       48.6751729342657526      130.0200035829049341
     -45.1981391768137328       48.6234024273362451      130.0329575528010650
     -44.8989224926730870       48.5733251136407347      130.0450233518071457
     -44.5862542438515916       48.5253580455160503      130.0560599484933846
     -44.2602499253701041       48.4798990659624636      130.0659350943900847
     -43.9210539234760731       48.4373207497400315      130.0745274787481378
     -43.5688399256038323       48.3979647047742176      130.0817285685624825
     -43.2038150712063285       48.3621356167601988      130.0874447732908266
     -42.8262239586242970       48.3300946342573710      130.0915997368125829
     -42.4363527246903232       48.3020521818061610      130.0941367893414053
     -42.0345322717273504       48.2781603110978850      130.0950216731864089
     -41.6211395322658646       48.2585047622965604      130.0942450448499983
     -41.1965963675055065       48.2430974629741840      130.0918251505299850
     -40.7613664884116957       48.2318697999183357      130.0878099348522312
     -40.3159511543444182       48.2246672390956874      130.0822788433045787
     -39.8608843684006260       48.2212454701388467      130.0753440006184292
     -39.3967272900270231       48.2212683076429087      130.0671508178243698
     -38.9240600066366369       48.2243089049268860      130.0578773918224442
     -38.4434802185205484       48.2300390099822565      130.0476643102072671
     -37.9556081850455840       48.2384866997593207      130.0365190638047181
     -37.4610818811924986       48.2497116702001492      130.0244362412932730
     -36.9605546213285265       48.2637524838139953      130.0114169437567000
     -36.4546932575343661       48.2806266441938163      129.9974687234021644
     -35.9441762879272488       48.3003308365050827      129.9826053592352366
     -35.4296919085002529       48.3228414329034095      129.9668467115571673
     -34.9119360541484838       48.3481151504096189      129.9502183551125540
     -34.3916104362817450       48.3760899803751201      129.9327513349332435
     -33.8694206099542754       48.4066862543989060      129.9144817208791096
     -33.3460740703024214       48.4398079231497718      129.8954502189785387
     -32.8222783953427779       48.4753439725027775      129.8757016987991619
     -32.2987395005988063       48.5131700016065608      129.8552847928319238
     -31.7761605523611870       48.5531497289435379      129.8342514102382950
     -31.2552408600997076       48.5951362264697906      129.8126561693839278
     -30.7366741217001120       48.6389732398702819      129.7905561581927429
     -30.2211466443843442       48.6844964988235915      129.7680105344882691
     -29.7093355896451605       48.7315351033055180      129.7450802336800564
     -29.2019072598592508       48.7799128900512997      129.7218275714105857
     -28.6995154214574661       48.8294497844788751      129.6983157985899027
     -28.2027996658290938       48.8799631653585891      129.6746087226804889
     -27.7123838181253497       48.9312691922581990      129.6507703013943456
     -27.2288743815473850       48.9831841177488840      129.6268643039525728
     -26.7528590395138650       49.0355255186626380      129.6029538996003510
     -26.2849051930060611       49.0881134998576272      129.5791013459620444
     -25.8255585632555338       49.1407717820999963      129.5553675707714092
     -25.3753418308831158       49.1933287763265241      129.5318119410096358
     -24.9347533454311332       49.2456185247576954      129.5084919232745051
     -24.5042658406705058       49.2974815944509999      129.4854628564152108
     -24.0843251910200529       49.3487658622471699      129.4627776178482179
     -23.6753493031292557       49.3993272618460679      129.4404864389955776
     -23.2777271100616190       49.4490303648535203      129.4186366138109179
     -22.8918176123015762       49.4977489007979017      129.3972723797114668
     -22.5179489880859869       49.5453661382414623      129.3764347589182364
     -22.1564177679670422       49.5917751581372670      129.3561614301363250
     -21.8074880686901871       49.6368790540139244      129.3364867048817644
     -21.4713909120110173       49.6805909827577636      129.3174413903235234
     -21.1483236014479452       49.7228341887342680      129.2990528369249716
     -20.8384491845390407       49.7635419124482752      129.2813449149925589
     -20.5418959979599158       49.8026572175209239      129.2643379828623722
     -20.2587572841347274       49.8401328086880753      129.2480490089043883
     -19.9890909024286891       49.8759307622605661      129.2324916160997645
     -19.7329191304756613       49.9100222078453299      129.2176761236071911
     -19.4902285474460832       49.9423869962758999      129.2036096499221856
     -19.2609700148761327       49.9730133327446069      129.1902961984725096
     -19.0450587642936888       50.0018973774564657      129.1777367150375824
     -18.8423745827589713       50.0290428488047283      129.1659292002693746
     -18.6527620754676597       50.0544606357637889      129.1548688591078076
     -18.4760310254708884       50.0781683994623279      129.1445482069464674
     -18.3119568513355020       50.1001901839180093      129.1349571713904254
     -18.1602811624404978       50.1205560363527383      129.1260831812116407
     -18.0207124071913150       50.1393016596811876      129.1179112938846743
     -17.8929266159261608       50.1564680783634742      129.1104243089258148
     -17.7765682364024933       50.1721013184227331      129.1036028674304248
     -17.6712510586452503       50.1862521063023976      129.0974255505664985
     -17.5765592265604340       50.1989755854806461      129.0918689771882839
     -17.4920483335365802       50.2103310490343802      129.0869079008493259
     -17.4172465991531311       50.2203816854649361      129.0825153057612340
     -17.3516569544365886       50.2292076110941750      129.0786573442424299
     -17.2951140111792476       50.2425868352288632      129.0730844317407389
     -17.2472275103089459       50.2630812246524812      129.0647948925721096
     -17.2072733165013751       50.2882721779207600      129.0547227285105691
     -17.1745466992198459       50.3163800584699032      129.0435542356268854
     -17.1483493352220115       50.3460311144309642      129.0318187984966301
     -17.1279829304526352       50.3761292445083626      129.0199387076882829
     -17.1127459921787555       50.4057773051043867      129.0082596310687961
     -17.1019321713096808       50.4342228128401260      128.9970715753209731
     -17.0948293006732648       50.4608141650942912      128.9866257678007742
     -17.0907184582734395       50.4849567467968683      128.9771516204985460
     -17.0888722133047182       50.5060555597404246      128.9688790083695267
     -17.0885506514889300       50.5234220547299913      128.9620746008007472
     -17.0890779223393743       50.5374658303550603      128.9565752235896241
