  -60.808531123604965        45.880125715951799        142.20836300912714     
  -59.284531123604964        45.855321703731313        142.13148139821212     
  -57.760531123604963        45.830517691510828        142.05459978729709     
  -56.236531123604962        45.805713679290342        141.97771817638207     
  -50.129168007365372        45.706312688889966        141.66961849474200     
  -50.119726844451641        45.706159028312349        141.66914221402433     
  -50.106165222661367        45.705938416656814        141.66845841418927     
  -50.087760377499237        45.705639229391664        141.66753106426242     
  -50.063802634365217        45.705250138072486        141.66632505100930     
  -50.033597332058001        45.704760166655582        141.66480635347810     
  -49.996466706899241        45.704158749341062        141.66294222227259     
  -49.951751732254252        45.703435789309793        141.66070136156483     
  -49.898813908333040        45.702581717669545        141.65805411167872     
  -49.837036997278553        45.701587551893716        141.65497262992128     
  -49.765828698689909        45.700358332312959        141.65116258080471     
  -49.684622260981669        45.699041778846336        141.64708182701480     
  -49.592878024063971        45.697554169562316        141.64247085701379     
  -49.490084888704779        45.695887329458891        141.63730431080842     
  -49.375761708719047        45.694033690286631        141.63155868824026     
  -49.249458602023751        45.691986356514541        141.62521253629069     
  -49.110758176873254        45.689739177526995        141.61824664407152     
  -48.959276669860209        45.687286826409775        141.61064424026389     
  -48.794664992399163        45.684624886998648        141.60239118913483     
  -48.616609677560021        45.681749987198657        141.59347629032894     
  -48.424833730792074        45.678659938656729        141.58389154150137     
  -48.219097389595063        45.675353836122937        141.57363219610141     
  -47.999198778288964        45.671832205712086        141.56269686241558     
  -47.764974459762897        45.668097188686652        141.55108756278983     
  -47.516299881053250        45.664152795719559        141.53880981027399     
  -47.253089718682205        45.660005182370320        141.52587248443311     
  -46.975298120887480        45.655662997269303        141.51228758206636     
  -46.682918839867668        45.651137895272193        141.49807002127079     
  -46.375985257044086        45.646445238956545        141.48323743236529     
  -46.054570326382873        45.641604865437962        141.46780937260147     
  -45.718786399076237        45.636642283531479        141.45180685365233     
  -45.368784938669435        45.631590364791926        141.43525204611936     
  -45.004756205812008        45.626491161607468        141.41816657657927     
  -44.626928875422244        45.621397957054739        141.40056925819022     
  -44.235569487885726        45.616376807039650        141.38247471752263     
  -43.830981694190164        45.611507209160614        141.36389356043759     
  -43.413505378177092        45.606881320508684        141.34483253464217     
  -42.983515650407746        45.602601606080441        141.32529457643255     
  -42.541421661482971        45.598777685175747        141.30528028955692     
  -42.087665352202393        45.595522145006484        141.28478847795290     
  -41.622720088274711        45.592946399351234        141.26381729460286     
  -41.147089230428861        45.591156750774971        141.24236515948539     
  -40.661304626001460        45.590251038593131        141.22043192157398     
  -40.165925062252953        45.590315803837989        141.19801958565188     
  -39.661534685030190        45.591424880598247        141.17513292693400     
  -39.148741418355108        45.593640679399186        141.15178341750649     
  -38.628175312628095        45.597016202808547        141.12799476858862     
  -38.100486851174033        45.601592865070408        141.10379558311661     
  -37.566345191400451        45.607400274216111        141.07921800691986     
  -37.026436363618728        45.614456445882936        141.05429746066648     
  -36.481461426880060        45.622768133949450        141.02907238107184     
  -35.932134589217625        45.632331278776846        141.00358393611748     
  -35.379181304750645        45.643131549710787        140.97787562678755     
  -34.823336339905957        45.655145024547046        140.95199292252408     
  -34.265341825739704        45.668338967589662        140.92598283886852     
  -33.705945291806991        45.682672716001797        140.89989352667936     
  -33.145897692189756        45.698098632088026        140.87377379641330     
  -32.585951422656315        45.714563165486879        140.84767278882990     
  -32.026858323631039        45.732007860667565        140.82163979709262     
  -31.469367720841571        45.750369676411808        140.79572308125532     
  -30.914224441168990        45.769581406830859        140.76996942961043     
  -30.362166824155445        45.789572273311059        140.74442420904546     
  -29.813924753299887        45.810268536381400        140.71913145680088     
  -29.270217709844875        45.831594099187107        140.69413392637171     
  -28.731752875066139        45.853470952851168        140.66947265262709     
  -28.199223257715143        45.875819680845062        140.64518671894558     
  -27.673305858954585        45.898559963661427        140.62131305054328     
  -27.154659877551261        45.921611111045792        140.59788633596366     
  -26.643924964700883        45.944892534420994        140.57493881727024     
  -26.141719527818569        45.968324252886354        140.55250024583904     
  -25.648639093092882        45.991827324902722        140.53059768942975     
  -25.165254716306272        46.015324400402669        140.50925578610662     
  -24.692111465023277        46.038740155664115        140.48849673329931     
  -24.229726970542590        46.062001699175106        140.46834026343811     
  -23.778590052309408        46.085038981436618        140.44880362377052     
  -23.339159420987237        46.107785166081626        140.42990148567131     
  -22.911862456515465        46.130176979625730        140.41164597169421     
  -22.497094064257624        46.152155048602445        140.39404682729466     
  -22.095215620511677        46.173664120343979        140.37711143011478     
  -21.706553999472511        46.194653297307141        140.36084501606840     
  -21.331400699307881        46.215076124905536        140.34525063359081     
  -20.970011050957314        46.234890729286100        140.33032940803426     
  -20.622603532810860        46.254059804674938        140.31608049491936     
  -20.289359174883600        46.272550634427233        140.30250126986419     
  -19.970421062159296        46.290335081042961        140.28958753805600     
  -19.665893943570367        46.307389500512976        140.27733361520887     
  -19.375843940527773        46.323694623074381        140.26573239073846     
  -19.100298361826713        46.339235387651158        140.25477531772660     
  -18.839245625217611        46.354000730710844        140.24445231849199     
  -18.592635270344029        46.367983513541148        140.23475214530748     
  -18.360378081778475        46.381180370598415        140.22566252969290     
  -18.142346322066871        46.393591473185928        140.21717011283550     
  -17.938374064221097        46.405220337969389        140.20926052075384     
  -17.748257622611973        46.416073696789077        140.20191860027580     
  -17.571756091354359        46.426161311072129        140.19512845761238     
  -17.408591984039784        46.435495789125689        140.18887347152187     
  -17.258451973085105        46.444092410586109        140.18313629142304     
  -17.120987724275899        46.451968974016310        140.17789886803254     
  -16.995816826506612        46.459145653576826        140.17314247464353     
  -16.882523814649161        46.465644861314388        140.16884771149142     
  -16.780661281962139        46.471491119119136        140.16499450954177     
  -16.689751078996061        46.476710938893554        140.16156213488526     
  -16.609285595729599        46.481332708999986        140.15852919450882     
  -16.538729104557454        46.485472551490709        140.15613492086865     
  -16.477519273609740        46.488992227636324        140.15383975534610     
  -16.425068562678359        46.492015566785852        140.15189535167792     
  -16.380765879347219        46.494574506661223        140.15026904233937     
  -16.343978200164340        46.496703039581284        140.14892975579983     
  -16.314052271986185        46.498437002151896        140.14784773779104     
  -16.290316368149632        46.499813866130879        140.14699428721491     
  -16.272082094778042        46.500872532124120        140.14634151129533     
  -16.258646242394306        46.501653127793830        140.14586210427294     
  -16.249292677890967        46.502196812213192        140.14552915359616     
  -16.243294271796206        46.502545587907136        140.14531597718062     
  -16.239914855675572        46.502742121991645        140.14519599488207     
  -16.238411204423784        46.502829577673239        140.14514263685993     
  -10.142035038128309        46.857408295474485        139.92880884663708     
  -8.6180350381283084        46.946047505258925        139.87472873620649     
  -7.0940350381283093        47.034686715043364        139.82064862577590     
  -5.5700350381283084        47.123325924827803        139.76656851534531     
