     -26.2637742993531518       30.0546593281501231       93.2890451337474786
     -26.2638125188323386       30.0678240103779828       93.2848002342126534
     -26.2647493593104429       30.0840537951854436       93.2795025573931298
     -26.2672175184121990       30.1036973767013478       93.2729939471123259
     -26.2718675593820450       30.1260728818884367       93.2654471374672625
     -26.2793420839037921       30.1505866513946827       93.2570072114274495
     -26.2902759015924872       30.1766459651096284       93.2478198427204035
     -26.3052954929400968       30.2036053973186469       93.2380487830008349
     -26.3250182217901667       30.2307258515969934       93.2278893101791795
     -26.3500515722401722       30.2571337335005026       93.2175816574104346
     -26.3809926295261512       30.2817702856816275       93.2074276192439584
     -26.4184280899213597       30.3033180677414329       93.1978145074861288
     -26.4629353122551834       30.3200809948967525       93.1892540196678709
     -26.5150855328699713       30.3297660619962457       93.1824526578076160
     -26.5721161320749033       30.4836960582670677       93.1282070812102063
     -26.6407504951430241       30.4923961185594550       93.1205291028950057
     -26.7182882642234709       30.5022185140820454       93.1118390924395811
     -26.8051602898398649       30.5132151124117073       93.1020829166236297
     -26.9017719087356824       30.5254338358725370       93.0912083056602455
     -27.0085018260774135       30.5389183842176095       93.0791649473594305
     -27.1257010721902567       30.5537079479816001       93.0659045939759721
     -27.2536920367066600       30.5698369110057939       93.0513811813465139
     -27.3927675830690518       30.5873345418425089       93.0355509619829775
     -27.5431902461355591       30.6062246742911412       93.0183726534606876
     -27.7051915170856411       30.6265253820627983       92.9998076155742410
     -27.8789712259097513       30.6482486689979652       92.9798201169864740
     -28.0646970012341193       30.6714001221778929       92.9583775244092578
     -28.2625038209544073       30.6959785601512607       92.9354505028365310
     -28.4724936593372639       30.7219756909230597       92.9110132587362614
     -28.6947352324461562       30.7493757892963409       92.8850438393301516
     -28.9292638533640414       30.7781554392102308       92.8575246018475440
     -29.1760813418927469       30.8082832067296302       92.8284424198306510
     -29.4351560372904295       30.8397193487148762       92.7977889265410170
     -29.7064229335470813       30.8724156109939862       92.7655609335525071
     -29.9897839374717989       30.9063151242801233       92.7317610204848535
     -30.2851081296571394       30.9413521837639358       92.6963976243553986
     -30.5922321575705176       30.9774521607694027       92.6594853478085696
     -30.9109608011179127       31.0145316212361379       92.6210456783290823
     -31.2410674940571340       31.0524983006343973       92.5811070406104903
     -31.5822949672371358       31.0912512150691143       92.5397049950791484
     -31.9343560944468194       31.1306810447925244       92.4968829604670759
     -32.2969346144297589       31.1706703060083150       92.4526919953650292
     -32.6696860758313719       31.2110938229631785       92.4071911465101863
     -33.0522388585500977       31.2518193084717737       92.3604477741483976
     -33.4441950987077163       31.2927078114710859       92.3125371311429035
     -33.8451319434321789       31.3336145985876655       92.2635428683604317
     -34.2546025959902138       31.3743897876633113       92.2135564516191550
     -34.6721377002788245       31.4148793305227301       92.1626772899518301
     -35.0972466188057126       31.4549259087545501       92.1110123172590676
     -35.5294187790492231       31.4943699167157014       92.0586755344959045
     -35.9681251231983765       31.5330505861911696       92.0057876859490875
     -36.4128194655243860       31.5708070175569731       91.9524754088872385
     -36.8629400727835517       31.6074794407328845       91.8988708339325200
     -37.3179110534486043       31.6429102963738771       91.8451104773536713
     -37.7771440154617792       31.6769455459947729       91.7913346576903137
     -38.2400394989386001       31.7094357860759217       91.7376862444447028
     -38.7059886736226133       31.7402375368168599       91.6843098635334286
     -39.1743748158663578       31.7692143506948419       91.6313505798025716
     -39.6445750200582481       31.7962380198873085       91.5789529164473919
     -40.1159617155202355       31.8211896317103502       91.5272595379113341
     -40.5879043741267083       31.8439606434478044       91.4764101435861363
     -41.0597710285325732       31.8644538356637419       91.4265402139616015
     -41.5309296117700200       31.8825842554458205       91.3777798784246187
     -42.0007491563849413       31.8982801490538179       91.3302527619429156
     -42.4686014042993065       31.9114838143885393       91.2840748351201938
     -42.9338623766505023       31.9221523524697979       91.2393533846548621
     -43.3959140183880194       31.9302582636601429       91.1961860021227864
     -43.8541457922827789       31.9357899430112511       91.1546597877504183
     -44.3079563130028475       31.9387519853328463       91.1148505472424404
     -44.7567549355465317       31.9391654044161832       91.0768223049653898
     -45.1999633444304294       31.9370676170992809       91.0406267224104653
     -45.6370170879975205       31.9325123916576388       91.0063029947741882
     -46.0673670526658015       31.9255694859018249       90.9738774325839330
     -46.4904812175169155       31.9162513873331122       90.9433894676442804
     -46.9058475498698471       31.9040628154094712       90.9150490126057065
     -47.3129721962607874       31.8883590674892226       90.8891116143994537
     -47.7113806067166237       31.8686081358660829       90.8657854800492544
     -48.1006220750608051       31.8443935906192230       90.8452310900205333
     -48.4802728579454865       31.8154136757710120       90.8275607095824853
     -48.8499389639590547       31.7814790331900738       90.8128398456592407
     -49.2092586325889485       31.7425086136646826       90.8010889892424871
     -49.5579041634248512       31.6985239677053094       90.7922856557336928
     -49.8955828415018559       31.6496427000591893       90.7863682170231527
     -50.2220365922090650       31.5960704471312432       90.7832387837462989
     -50.5370407374293933       31.5380925101446934       90.7827674595802137
     -50.8404023214285772       31.4760649955058867       90.7847967983461359
     -51.1319583876287496       31.4104052780168743       90.7891454192599099
     -51.4115742371853273       31.3415826441490459       90.7956127185374697
     -51.6791434526274003       31.2701086603044551       90.8039832087080612
     -51.9345889328966734       31.1965270539790467       90.8140301847207070
     -52.1778637503228779       31.1214036901905473       90.8255199481333619
     -52.4089517896020567       31.0453166636340754       90.8382159956112076
     -52.6278681765148733       30.9688465260815171       90.8518826325624076
     -52.8346595346451267       30.8925668855730855       90.8662881697694189
     -53.0294041253469999       30.8170357465581084       90.8812083246310465
     -53.2122118424143480       30.7427874759698518       90.8964291006117691
     -53.3832240740139241       30.6703255165797337       90.9117491754145277
     -53.5426134450536821       30.6001159594390693       90.9269818731121831
     -53.6905834494372129       30.5325820511655657       90.9419567620880542
     -53.8273679854937583       30.4680997178073660       90.9565210106373030
     -53.9532307871124814       30.4069940435207258       90.9705402741669076
     -54.0684647604941517       30.3495367310740498       90.9838992157327340
     -54.1733912323442652       30.2959445295903542       90.9965017000748873
     -54.2683591140172581       30.2463785915476464       91.0082706877728498
     -54.3537439854540310       30.2009447027896627       91.0191478515466059
     -54.4299471025528590       30.1596943157848862       91.0290929395385575
     -54.4973943357414257       30.1226263336843338       91.0380829991097755
     -54.5565350388942392       29.9554152656988890       91.0903777090488944
     -54.6078408493630363       29.9314694385377997       91.0957779392103220
     -54.6518044344400238       29.9072894143005499       91.1016105202812980
     -54.6889381714719249       29.8831972740255694       91.1077411553521301
     -54.7197727794609250       29.8594834058285699       91.1140463458010714
     -54.7448558990965708       29.8364125029309903       91.1204113142771490
     -54.7647506264665793       29.8142293354749910       91.1267280108326787
     -54.7800340043452252       29.7931649832685039       91.1328929806463890
     -54.7912954750656596       29.7734444538937559       91.1388047943143107
     -54.7991352990832397       29.7552972162653546       91.1443605441709934
     -54.8041629434307680       29.7389736277004175       91.1494504380984125
     -54.8069954443510170       29.7247738022638224       91.1539483589107533
     -54.8082557484663226       29.7131023402729291       91.1576940179535029
     -54.8085710369116654       29.7036590332522934       91.1607566627715755
     -54.8082557484663226       29.6942241776129983       91.1638452449436159
     -54.8069954443510170       29.6825865017814685       91.1676945939677523
     -54.8041629434307751       29.6684626297704384       91.1724256164238227
     -54.7991352990832397       29.6522739251948195       91.1779294703457026
     -54.7912954750656738       29.6343371912730582       91.1841312576873690
     -54.7800340043453531       29.6149194082474381       91.1909722022153488
     -54.7647506264674462       29.5942666218804966       91.1984002707373094
     -54.7448558991012959       29.5726204021161152       91.2063648638646640
     -54.7197727794817936       29.5502284187260216       91.2148134415056404
     -54.6889381715509870       29.5273521109279997       91.2236891112476371
     -54.6518044347041041       29.5042729798673058       91.2329286794353465
     -54.6078408501559451       29.4812984270949663       91.2424608619565447
     -54.5565350410686492       29.4587678247933518       91.2522044289531493
     -54.4973943441845705       29.2928463859223918       91.3084570230365387
     -54.4299471226762250       29.2575976925098473       91.3230304999846680
     -54.3537440311096702       29.2184068136782109       91.3392962498875107
     -54.2683592131101946       29.1752863818017900       91.3572734659337442
     -54.1733914389410813       29.1283016793142764       91.3769643618945935
     -54.0684651756686065       29.0775725348557685       91.3983537486741682
     -53.9532315936771525       29.0232745287285603       91.4214089407463320
     -53.8273695041351985       28.9656393973910546       91.4460799317966746
     -53.6905862269131404       28.9049545645573076       91.4722998608312707
     -53.5426183891571554       28.8415617384828238       91.4999857844148750
     -53.3832326550855853       28.7758545263458174       91.5290397563511107
     -53.2122263873990775       28.7082750266366844       91.5593501915622028
     -53.0294282378513913       28.6393093566461019       91.5907934168706390
     -52.8346986832670353       28.5694821920617521       91.6232356288037266
     -52.6279305040617515       28.4993502989779302       91.6565351051921482
     -52.4090492079869392       28.4294950845232570       91.6905445939812864
     -52.1780134005198661       28.3605141989493319       91.7251137552595992
     -51.9348151073966022       28.2930122521780731       91.7600915632747274
     -51.6794801014099150       28.2275909578483386       91.7953293272898918
     -51.4120682109608964       28.1648386082988580       91.8306836173230039
     -51.1326736205970960       28.1053189404989681       91.8660188360090899
     -50.8414252317451911       28.0495596724533733       91.9012098666994177
     -50.5384871117222474       27.9980410080408433       91.9361452873542078
     -50.2240576839821742       27.9511839784872826       91.9707299423973694
     -49.8983669487145960       27.9093392246987548       92.0048871653981450
     -49.5616736970946690       27.8727769316456779       92.0385618321788002
     -49.2142624790484504       27.8416775160562757       92.0717221970674160
     -48.8564408366846337       27.8161235465672405       92.1043613576008084
     -48.4885374248639494       27.7960933317210959       92.1364993828900936
     -48.1109010492378175       27.7814554597359589       92.1681835927126798
     -47.7239006323621595       27.7719650939255338       92.1994895844894842
     -47.3279256497418217       27.7672616286246914       92.2305215801947469
     -46.9233866790996359       27.7668676948222277       92.2614118378651256
     -46.5107163313308050       27.7701901141544596       92.2923209084956397
     -46.0903712936701240       27.7765230851301794       92.3234355155334754
     -45.6628310622329323       27.7853147534752338       92.3548892335466576
     -45.2285934823664917       27.7965304049656652       92.3866529175512454
     -44.7881750162565737       27.8101955634169826       92.4186725885320612
     -44.3421097220998348       27.8263213962881082       92.4508916133845275
     -43.8909479001398211       27.8449045004082940       92.4832511318116275
     -43.4352547402035469       27.8659267669298210       92.5156902835383335
     -42.9756089261947309       27.8893554243940507       92.5481465786290300
     -42.5126012307154326       27.9151432213996671       92.5805562955388837
     -42.0468330413482647       27.9432287384325519       92.6128548856052163
     -41.5789148751887083       27.9735368531048358       92.6449774795903807
     -41.1094648118080954       28.0059793098577892       92.6768593516375319
     -40.6391069235185185       28.0404554298148092       92.7084364795323097
     -40.1684695804906866       28.0768529074018645       92.7396460443276140
     -39.6981834781671807       28.1150487669452644       92.7704270237958468
     -39.2288795865487288       28.1549104677391533       92.8007206552054527
     -38.7611874931073430       28.1962971465524568       92.8304709586259946
     -38.2957336539980489       28.2390608655479731       92.8596250714281268
     -37.8331397617022631       28.2830479559240189       92.8881337480722920
     -37.3740209645788184       28.3281003004834204       92.9159515596075067
     -36.9189842429800521       28.3740567099873680       92.9430373526951144
     -36.4686266240788868       28.4207541722186079       92.9693542914403679
     -36.0235335781525450       28.4680291908981928       92.9948702423009337
     -35.5842772658961195       28.5157189478541966       93.0195576735928995
     -35.1514149606845407       28.5636625331051768       93.0433939125547056
     -34.7254873772859796       28.6117019892876172       93.0663609691273592
     -34.3070171168956648       28.6596833576529555       93.0884455720686219
     -33.8965071364325254       28.7074576028443360       93.1096390455371505
     -33.4944392110926188       28.7548814076545369       93.1299370227939534
     -33.1012726149708101       28.8018179945722608       93.1493395291434183
     -32.7174426491077668       28.8481375998644545       93.1678502615688728
     -32.3433594842340142       28.8937181515211101       93.1854768469680153
     -31.9794067715333412       28.9384455267840970       93.2022300266454522
     -31.6259405625168242       28.9822139879882776       93.2181236971834153
     -31.2832882211485241       29.0249264044716249       93.2331745347394616
     -30.9517473572195350       29.0664943078006104       93.2474013498180341
     -30.6315850433153507       29.1068381192635179       93.2608252492070733
     -30.3230369284798194       29.1458870274860686       93.2734689126055088
     -30.0263065342963635       29.1835789225591498       93.2853562737854958
     -29.7415647268456631       29.2198603842283546       93.2965125763385572
     -29.4689491462016733       29.2546863960321666       93.3069637346671072
     -29.2085638065915383       29.2880201254619479       93.3167360682323164
     -28.9604788534864923       29.3198327617236103       93.3258563580786529
     -28.7247303392956290       29.3501031781111372       93.3343514613621323
     -28.5013201127945521       29.3788175945446284       93.3422480239388364
     -28.2902158413442884       29.4059692837040494       93.3495724082248586
     -28.0913511377830680       29.4315582888847871       93.3563507136508264
     -27.9046257364923136       29.4555910465019331       93.3626085269741708
     -27.7299057921911007       29.4780800460591728       93.3683708131908503
     -27.5670242830760159       29.4990435103783391       93.3736618840812724
     -27.4157815074342075       29.5185050856605677       93.3785053992725267
     -27.2759456718697706       29.5364935443327923       93.3829243986325821
     -27.1472535522430363       29.5530424626509891       93.3869412373191778
     -27.0294112480649851       29.5681899293189794       93.3905775950468495
     -26.9220950222690441       29.5819782725696783       93.3938545149760131
     -26.8249522210652280       29.5944537997013661       93.3967924501486806
     -26.7376022710993908       29.6056665491371902       93.3994113160981954
     -26.6596377509005045       29.6156700546694722       93.4017305482368414
     -26.5906255334991783       29.6245211215272271       93.4037691636471550
     -26.5269525044574941       29.7789259339074981       93.3591172845614494
     -26.4743828774503740       29.7887130712035244       93.3596688475212346
     -26.4291513485348055       29.8055738326774247       93.3574421204085212
     -26.3907855587814417       29.8272117059892565       93.3532025930078504
     -26.3587812830081383       29.8519282549054665       93.3475271516060019
     -26.3326086226673084       29.8784046835859698       93.3408737926894077
     -26.3117161262336872       29.9055817204396810       93.3336197963242284
     -26.2955339500765106       29.9325859505551755       93.3260850049519775
     -26.2834765633945402       29.9586790130568659       93.3185477781136967
     -26.2749452730537385       29.9832166477679998       93.3112578027537154
     -26.2693307785576238       30.0056076176716182       93.3044489621041464
     -26.2660160226222956       30.0252599668664466       93.2983562884688951
     -26.2643797839360644       30.0414936655616138       93.2932437208591665
     -26.2637742993531518       30.0546593281501231       93.2890451337474786
