  -60.310095074533436       -125.37008217942042       -91.497313419326176     
  -58.786095074533435       -125.29044583867648       -91.439193402950920     
  -57.262095074533434       -125.21080949793253       -91.381073386575665     
  -55.738095074533433       -125.13117315718858       -91.322953370200409     
  -49.630249831073854       -124.81200882318635       -91.090021568647003     
  -49.620408080941715       -124.81149454433658       -91.089646238805244     
  -49.606271030637409       -124.81075634666287       -91.089107489027370     
  -49.587085235504858       -124.80975551859085       -91.088377066918667     
  -49.562110888283144       -124.80845445517389       -91.087427527719996     
  -49.530623821945667       -124.80681688103513       -91.086232397014172     
  -49.491917471373846       -124.80480808111820       -91.084766339124272     
  -49.445304788511329       -124.80239513619023       -91.083005328970529     
  -49.390120105768588       -124.79954715975479       -91.080926824922258     
  -49.325720942588070       -124.79623553278843       -91.078509939989729     
  -49.251489750233539       -124.79243411250648       -91.075735593906956     
  -49.166835590036378       -124.78811364299780       -91.072582433325096     
  -49.071195740513417       -124.78324632115050       -91.069030162934354     
  -48.964037228967342       -124.77781036381894       -91.065062876445936     
  -48.844858283390629       -124.77178664962895       -91.060666601707226     
  -48.713189700717926       -124.76515888316176       -91.055829413549176     
  -48.568596127710748       -124.75791374812931       -91.050541533870913     
  -48.410677251012537       -124.75004104645595       -91.044795414131585     
  -48.239068893182711       -124.74153382018768       -91.038585794318394     
  -48.053444011807180       -124.73238845340869       -91.031909731209808     
  -47.853513599090654       -124.72260475196526       -91.024766587329822     
  -47.639027479666424       -124.71218599984829       -91.017157970389533     
  -47.409775004713445       -124.70113899269298       -91.009087611188889     
  -47.165585640853287       -124.68947405110309       -91.000561165854194     
  -46.906329452716029       -124.67720501952799       -90.991585925815883     
  -46.631917478520755       -124.66434926033793       -90.982170415923079     
  -46.342301998526167       -124.65092765775026       -90.972323857292253     
  -46.037476696785667       -124.63696465259324       -90.962055466489204     
  -45.717476717319137       -124.62248833697481       -90.951373555787413     
  -45.382378616634789       -124.60753064840259       -90.940284389473945     
  -45.032300215578928       -124.59212771694473       -90.928790736705778     
  -44.667400185399096       -124.57632168248200       -90.916890947164717     
  -44.287877056631451       -124.56016640974870       -90.904580139106358     
  -43.893969157054663       -124.54372592135549       -90.891845549261703     
  -43.485954201027653       -124.52707388407336       -90.878663654082757     
  -43.064148543889878       -124.51029356847627       -90.864999362645506     
  -42.628906278505433       -124.49347694046391       -90.850806403223913     
  -42.180618173495297       -124.47672284606030       -90.836028978863709     
  -41.719710466202002       -124.46013446064448       -90.820604479710354     
  -41.246643533862084       -124.44381633379152       -90.804466818972998     
  -40.761910468259970       -124.42787138320269       -90.787549925283429     
  -40.266035573901085       -124.41239810162079       -90.769791041626462     
  -39.759572802407703       -124.39748811778676       -90.751133642898850     
  -39.243104132903952       -124.38322420011164       -90.731529849625332     
  -38.717237933208544       -124.36967919456232       -90.710941680447590     
  -38.182607339941299       -124.35691797806574       -90.689342455001551     
  -37.639868981008370       -124.34499944462401       -90.666717950413229     
  -37.089701178985848       -124.33397292978552       -90.643063558608333     
  -36.532801784147260       -124.32387834785790       -90.618384113345812     
  -35.969886283893011       -124.31474630092301       -90.592693592336232     
  -35.401685881076332       -124.30659825518002       -90.566014726544424     
  -34.828945535478880       -124.29944681716380       -90.538378522997306     
  -34.252421973954235       -124.29329611146723       -90.509823697714452     
  -33.672881674555754       -124.28814225684135       -90.480396021049842     
  -33.091098829817227       -124.28397393392174       -90.450147581945686     
  -32.507853294241912       -124.28077303501588       -90.419135980782144     
  -31.923928520856187       -124.27851538612659       -90.387423464309393     
  -31.340109434732209       -124.27717250413073       -90.355076738732947     
  -30.757180227016146       -124.27671456541391       -90.322167783380749     
  -30.175922415187568       -124.27710837198789       -90.288771482359479     
  -29.597112805569385       -124.27831698711512       -90.254964649728223     
  -29.021521426783991       -124.28030013023736       -90.220825593330787     
  -28.449909482623280       -124.28301458468960       -90.186433676984990     
  -27.883027329538631       -124.28641461379985       -90.151868883739795     
  -27.321612483884817       -124.29045238121164       -90.117211382925859     
  -26.766387663976264       -124.29507837141594       -90.082541103641674     
  -26.218058871928150       -124.30024180665228       -90.047937317235750     
  -25.677313520159061       -124.30589105654880       -90.013478231260464     
  -25.144818615417670       -124.31197399922263       -89.979240569556524     
  -24.621219121476823       -124.31843778337348       -89.945298744521310     
  -24.107136225764631       -124.32522929826253       -89.911724576779193     
  -23.603165547190784       -124.33229619916452       -89.878587446160040     
  -23.109875546066821       -124.33958727737314       -89.845954006714479     
  -22.627806013695682       -124.34705277290971       -89.813887892626184     
  -22.157466639222886       -124.35464468250916       -89.782449416004781     
  -21.699335656752581       -124.36231705009324       -89.751695273686266     
  -21.253858574779855       -124.37002621549290       -89.721678296582610     
  -20.821446991136309       -124.37773101878658       -89.692447245562548     
  -20.402477496641996       -124.38539296121641       -89.664046653078529     
  -19.997290670458860       -124.39297632430666       -89.636516709038247     
  -19.606190169930855       -124.40044824938242       -89.609893188782607     
  -19.229441917473839       -124.40777878018180       -89.584207420476076     
  -18.867273386781271       -124.41494087261478       -89.559486289441580     
  -18.519872958688509       -124.42191084610822       -89.535752616039048     
  -18.187389348811436       -124.42866927829552       -89.513025896976018     
  -17.869931308520592       -124.43519937319506       -89.491321271243308     
  -17.567567354138109       -124.44148646642128       -89.470649342274896     
  -17.280325571855730       -124.44751798274493       -89.451016352245233     
  -17.008193530469708       -124.45328338298415       -89.432424369925968     
  -16.751118302460405       -124.45877410216761       -89.414871487280038     
  -16.509006593535105       -124.46398347976773       -89.398352022325696     
  -16.281724980273889       -124.46890668001086       -89.382856729863718     
  -16.069100255679928       -124.47354060754937       -89.368373011752212     
  -15.870919882147215       -124.47788382397201       -89.354885118326138     
  -15.686932550788592       -124.48193646639137       -89.342374338662452     
  -15.516848845731094       -124.48570016875682       -89.330819178450525     
  -15.360342011676526       -124.48917798630585       -89.320195524773595     
  -15.217048822721361       -124.49237432334091       -89.310476797643858     
  -15.086570550131933       -124.49529486429024       -89.301634088662979     
  -14.968474026479338       -124.49794650777828       -89.293636287694142     
  -14.862292803255436       -124.50033730319905       -89.286450198932485     
  -14.767528398818202       -124.50247638908465       -89.280040648192710     
  -14.683651633256208       -124.50437393242242       -89.274370583554870     
  -14.610104046517373       -124.50604109760511       -89.269401192971557     
  -14.546299394693541       -124.50750230863804       -89.265100887363047     
  -14.491625224987811       -124.50877421795474       -89.261430267938309     
  -14.445444519879326       -124.50986277940743       -89.258340159180847     
  -14.407097406283887       -124.51077660149322       -89.255781386017446     
  -14.375902928119125       -124.51152660965019       -89.253704678583787     
  -14.351160876128217       -124.51212571624663       -89.252060587108403     
  -14.332153670059370       -124.51258850300350       -89.250799410161548     
  -14.318148288160838       -124.51293092036062       -89.249871139191427     
  -14.308398238825571       -124.51317000798137       -89.249225421957107     
  -14.302145569105068       -124.51332364020017       -89.248811547148946     
  -14.298622904710959       -124.51341029978072       -89.248578452150852     
  -14.297055516034929       -124.51344888286668       -89.248474755549012     
  -8.2006634046434126       -124.66351862913949       -88.845144582819131     
  -6.6766634046434117       -124.70103365263878       -88.744318525044434     
  -5.1526634046434125       -124.73854867613808       -88.643492467269738     
  -3.6286634046434116       -124.77606369963738       -88.542666409495041     
