  -67.232367379822804       -61.625960257722333       -44.312611632348982     
  -65.708367379822803       -61.631454557644204       -44.316562350156644     
  -64.184367379822802       -61.636948857566075       -44.320513067964306     
  -62.660367379822802       -61.642443157487946       -44.324463785771968     
  -56.554777264141819       -61.664454931303922       -44.340291517790540     
  -56.546809188626774       -61.664483657679696       -44.340312173707751     
  -56.535363516623839       -61.664525343478964       -44.340342148196243     
  -56.519830198912672       -61.664582713277888       -44.340383400383111     
  -56.499610199870027       -61.664658768041171       -44.340438088135485     
  -56.474117110393344       -61.664756876875003       -44.340508634037960     
  -56.442778726480434       -61.664880879294820       -44.340597798936052     
  -56.405038589189061       -61.665035196804979       -44.340708762189685     
  -56.360357481798978       -61.665224952517327       -44.340845207742127     
  -56.308214880109347       -61.665456097471605       -44.341011415090307     
  -56.248110351928055       -61.666026682290955       -44.341421700678815     
  -56.179564901945916       -61.666407522049504       -44.341695552188668     
  -56.102122258339200       -61.666847455753071       -44.342011903793889     
  -56.015350097455588       -61.667352850272685       -44.342375343257437     
  -55.918841202461167       -61.667930747402742       -44.342790953166215     
  -55.812214554717521       -61.668588962929626       -44.343264390006730     
  -55.695116354162423       -61.669336194810413       -44.343801975103091     
  -55.567220965617146       -61.670182113489709       -44.344410780926111     
  -55.428231788908363       -61.671137445972604       -44.345098725267853     
  -55.277882050707603       -61.672214048490353       -44.345874675337477     
  -55.115935516288900       -61.673424960273898       -44.346748564269454     
  -54.942187117888587       -61.674784353338957       -44.347731469407869     
  -54.756463499925744       -61.676307421028575       -44.348835697031951     
  -54.558623485219101       -61.678010386271893       -44.350075021798084     
  -54.348558456157335       -61.679910374233160       -44.351464920747020     
  -54.126192652528260       -61.682025182934439       -44.353022856112439     
  -53.891483382686054       -61.684372722030190       -44.354768480199233     
  -53.644421157799073       -61.686970473550076       -44.356724066177804     
  -53.385029753852656       -61.689835039890212       -44.358915275624298     
  -53.113366195476061       -61.692981276966741       -44.361371985422288     
  -52.829520663630966       -61.696420793884528       -44.364129128453449     
  -52.533616352174498       -61.700160642452509       -44.367228293132683     
  -52.225809274072091       -61.704201651545731       -44.370719896190032     
  -51.906287995121112       -61.708535783280283       -44.374665250084192     
  -51.575273243909109       -61.713144433434714       -44.379138192154855     
  -51.233017364458824       -61.717998028866333       -44.384225708274975     
  -50.879803585768215       -61.723055587505762       -44.390026474743415     
  -50.515945133247442       -61.728266162392849       -44.396648577947111     
  -50.141784188370984       -61.733571082333278       -44.404206004647385     
  -49.757690720697894       -61.738905892779705       -44.412813869476501     
  -49.364061252753721       -61.744203752263147       -44.422584457865092     
  -48.961317566048592       -61.749397417505634       -44.433622634322596     
  -48.549905372949162       -61.754421778617044       -44.446022353880032     
  -48.130292971427778       -61.759215751634038       -44.459863633397816     
  -47.702969924484563       -61.763722974113307       -44.475210727253561     
  -47.268445782510263       -61.767893101718698       -44.492113059475514     
  -46.827248777661666       -61.771682424201686       -44.510605977511162     
  -46.379924444220656       -61.775052586891299       -44.530710054311989     
  -45.927034231930243       -61.777969713577178       -44.552430721218613     
  -45.469154033735180       -61.780404794448948       -44.575758930196528     
  -45.006872744588705       -61.782333179981578       -44.600671330396800     
  -44.540790716270756       -61.783734791381754       -44.627131140805858     
  -44.071518273335556       -61.784593590105992       -44.655088674288173     
  -43.599674116965822       -61.784897752478386       -44.684482552150378     
  -43.125883820856949       -61.784639376683920       -44.715240752595747     
  -42.650778180885780       -61.783814272957628       -44.747281871736767     
  -42.174991681794616       -61.782421532862557       -44.780516355270962     
  -41.699160819146115       -61.780463268206368       -44.814847949020191     
  -41.223922541293192       -61.777944340573825       -44.850174998978829     
  -40.749912521991753       -61.774872390689310       -44.886391456531399     
  -40.277763560855426       -61.771258004924391       -44.923387796150486     
  -39.808103841457566       -61.767114685456527       -44.961051805870170     
  -39.341555331237409       -61.762458990433053       -44.999269521258654     
  -38.878732055476092       -61.757310396307346       -45.037925967052701     
  -38.420238515380163       -61.751691399045868       -45.076906079817455     
  -37.966667992273443       -61.745627247198584       -45.116095358122280     
  -37.518601007221228       -61.739146005659634       -45.155380748319516     
  -37.076603668117016       -61.732278138547009       -45.194651161803314     
  -36.641226198109180       -61.725056573480394       -45.233798326088404     
  -36.213001338525437       -61.717516100517571       -45.272717119873121     
  -35.792442970579238       -61.709693485035864       -45.311306400882316     
  -35.380044595635447       -61.701626688495828       -45.349469140765834     
  -34.976278060315849       -61.693355034295550       -45.387113211877931     
  -34.581592155150410       -61.684918348653362       -45.424151385675948     
  -34.196411429916132       -61.676356977519966       -45.460501978926978     
  -33.821134974151505       -61.667711122619970       -45.496088976674926     
  -33.456135299667267       -61.659020526398152       -45.530842324076332     
  -33.101757335932241       -61.650324394608511       -45.564698305395559     
  -32.758317395028826       -61.641660455178823       -45.597599192329767     
  -32.426102325233153       -61.633064943125127       -45.629493487862561     
  -32.105368681600176       -61.624572214132854       -45.660335813074326     
  -31.796341989321196       -61.616214506818231       -45.690086823817886     
  -31.499216140338334       -61.608022156916412       -45.718713391087775     
  -31.214152810713170       -61.600023100368581       -45.746188188970429     
  -30.941280991988723       -61.592242710309094       -45.772489470438984     
  -30.680696639660596       -61.584704012290167       -45.797601074436884     
  -30.432462379743761       -61.577427449684109       -45.821512056867505     
  -30.196607314055921       -61.570430771697687       -45.844216377189362     
  -29.973126932117207       -61.563729164272374       -45.865712739143120     
  -29.761983115218758       -61.557335381232164       -45.886004412944523     
  -29.563104221674163       -61.551259654013492       -45.905098876676377     
  -29.376385272243567       -61.545509775326288       -45.923007568074581     
  -29.201688229394332       -61.540091226692489       -45.939745664429822     
  -29.038842369749904       -61.535007352817992       -45.955331907400108     
  -28.887644744265522       -61.530259429809362       -45.969788362473778     
  -28.747860727959679       -61.525846734244894       -45.983140194729664     
  -28.619224659032401       -61.521766661536468       -45.995415498625803     
  -28.501440563908915       -61.518014839673882       -46.006645142012879     
  -28.394182966011918       -61.514585236849449       -46.016862622881746     
  -28.297097775884239       -61.511470267064787       -46.026103940730863     
  -28.209803259975356       -61.508660892153323       -46.034407479458487     
  -28.131891084958664       -61.506146697439647       -46.041813882055706     
  -28.062927434795782       -61.503915977664647       -46.048365941355051     
  -28.002454089145697       -61.501672689373663       -46.053893872046643     
  -27.949990117363772       -61.499994496350553       -46.058892954787325     
  -27.905032522729609       -61.498577852112810       -46.063193163675983     
  -27.867058057697204       -61.497396668552518       -46.066837215092924     
  -27.835524545388004       -61.496426560259998       -46.069871390965780     
  -27.809872356751825       -61.495644570118650       -46.072345152771661     
  -27.789525933929376       -61.495028905854490       -46.074310758480458     
  -27.773895355557389       -61.494558692666715       -46.075822886635152     
  -27.762377939658268       -61.494213746652122       -46.076938271630048     
  -27.754359879666570       -61.493974373307402       -46.077715354013598     
  -27.749217909066786       -61.493821194936885       -46.078213949329971     
  -27.746320990051526       -61.493735010304391       -46.078494938650906     
  -27.745032021557549       -61.493696689342848       -46.078619983546226     
  -21.648709561999723       -61.312453362123158       -46.670033976482983     
  -20.124709561999722       -61.267144926994412       -46.817879654137805     
  -18.600709561999722       -61.221836491865666       -46.965725331792626     
  -17.076709561999721       -61.176528056736920       -47.113571009447448     
