  -68.100335449553000       -54.298688928807024       -38.665696662111948     
  -66.576335449553000       -54.233616573960120       -38.619359117264480     
  -65.052335449552999       -54.168544219113215       -38.573021572417012     
  -63.528335449552998       -54.103471864266311       -38.526684027569544     
  -57.422546461230205       -53.842764470783081       -38.341036211903145     
  -57.414413204983809       -53.842417193790610       -38.340788918513333     
  -57.402730348311188       -53.841918716499876       -38.340433956504221     
  -57.386875304504073       -53.841242906325256       -38.339952717054182     
  -57.366236794090447       -53.840364385576578       -38.339327128898113     
  -57.340216511026590       -53.839258687454475       -38.338539769414069     
  -57.308230755683354       -53.837902420349664       -38.337573981631088     
  -57.269712029885845       -53.836273439519474       -38.336413996514679     
  -57.224110589331893       -53.834351025211419       -38.335045059902072     
  -57.170895948799512       -53.832116066293047       -38.333453563496541     
  -57.109558335658491       -53.830023647756242       -38.331963571470666     
  -57.039610087328562       -53.827190105666190       -38.329945836764502     
  -56.960586988493596       -53.823995219944614       -38.327670805604150     
  -56.872049544569940       -53.820423821559643       -38.325127692381926     
  -56.773584187157979       -53.816462371340350       -38.322306888077257     
  -56.664804407183247       -53.812099105338298       -38.319200076923778     
  -56.545351813494314       -53.807324165206204       -38.315800351317968     
  -56.414897113702892       -53.802129724664944       -38.312102337716851     
  -56.273141014708514       -53.796510109228478       -38.308102338444328     
  -56.119815040831718       -53.790461903464170       -38.303798494990048     
  -55.954682268794883       -53.783984013732081       -38.299190963146799     
  -55.777537985673483       -53.777077457603731       -38.294281954704871     
  -55.588210254011486       -53.769745348835009       -38.289076002861108     
  -55.386560388995811       -53.761992927419485       -38.283580374505711     
  -55.172483356419242       -53.753827390382988       -38.277805494510105     
  -54.945908092160103       -53.745257542697011       -38.271765445972903     
  -54.706797753400167       -53.736292995317875       -38.265478416204971     
  -54.455149885888211       -53.726943678266245       -38.258967717569455     
  -54.190996528629292       -53.717219089426671       -38.252263076937439     
  -53.914404276311672       -53.707126894191532       -38.245402058772882     
  -53.625474312735783       -53.696670828675565       -38.238431773752055     
  -53.324342392526532       -53.685849008767889       -38.231411912247118     
  -53.011178844125375       -53.674651107844653       -38.224418350711588     
  -52.686188578487688       -53.663054349550066       -38.217546901680940     
  -52.349610832870304       -53.651021497720990       -38.210916599675429     
  -52.001718620090365       -53.638499883827023       -38.204670471362611     
  -51.642817884839097       -53.625421274489582       -38.198973460441309     
  -51.273246256427313       -53.611704904409940       -38.194008968616885     
  -50.893371572986986       -53.597260675048112       -38.189972512012609     
  -50.503590187789264       -53.581993526335161       -38.187064481847692     
  -50.104325147618759       -53.565808604062433       -38.185483109806967     
  -49.696024421235904       -53.548614819624966       -38.185416947752806     
  -49.279159049702479       -53.530329472865155       -38.187039314174143     
  -48.854221443296325       -53.510880688666575       -38.190502743399513     
  -48.421723776541945       -53.490209430071168       -38.195936604094769     
  -47.982196665565105       -53.468269363049394       -38.203447062965445     
  -47.536187787369883       -53.445027046850939       -38.213117795762749     
  -47.084260462661803       -53.420460955954006       -38.225009737161692     
  -46.626992195760195       -53.394560968830561       -38.239161232534450     
  -46.164973178207880       -53.367328157149501       -38.255588602954141     
  -45.698804792346778       -53.338774226527335       -38.274286723883890     
  -45.229098078652669       -53.308921198424329       -38.295230076259628     
  -44.756472220312723       -53.277800693453479       -38.318373817276772     
  -44.281553008124241       -53.245453174218227       -38.343655122210905     
  -43.804971312788247       -53.211927091687123       -38.370994732203570     
  -43.327361526625353       -53.177278804678238       -38.400299308653885     
  -42.849360024566252       -53.141571625170570       -38.431463370022428     
  -42.371603650281159       -53.104874495950419       -38.464371112934799     
  -41.894728144144651       -53.067261061027871       -38.498898266120420     
  -41.419366553414108       -53.028809147988284       -38.534913382963033     
  -40.946147565285202       -52.989600454868601       -38.572278962095005     
  -40.475693911224383       -52.949720486272597       -38.610852770844218     
  -40.008620715378648       -52.909258071974655       -38.650488890045978     
  -39.545533940587489       -52.868305151023634       -38.691038964074941     
  -39.087028773057746       -52.826956161570493       -38.732353165786158     
  -38.633688116898959       -52.785307817846814       -38.774281434014789     
  -38.186081037991499       -52.743458383548841       -38.816674323854841     
  -37.744761316847693       -52.701507401003894       -38.859384159533619     
  -37.310265975252960       -52.659554912279170       -38.902265775793687     
  -36.883113895204893       -52.617701110145305       -38.945177524406404     
  -36.463804452234051       -52.576045609842410       -38.987981945340607     
  -36.052816208585647       -52.534686931043225       -39.030546524501041     
  -35.650605673011896       -52.493721978369805       -39.072744379757594     
  -35.257606082785927       -52.453245254246241       -39.114454682867979     
  -34.874226303633257       -52.413348641500271       -39.155563514525916     
  -34.500849740171667       -52.374120257523131       -39.195963983065887     
  -34.137833356238126       -52.335644418681312       -39.235557029393370     
  -33.785506731791706       -52.298000742378889       -39.274251435906208     
  -33.444171187966660       -52.261263906066873       -39.311964174051980     
  -33.114098992288675       -52.225503645906912       -39.348620790535939     
  -32.795532641172422       -52.190783641410171       -39.384154815804017     
  -32.488684219173415       -52.157161167482094       -39.418507617489176     
  -32.193734823296907       -52.124687034396381       -39.451628352717691     
  -31.910834057290995       -52.093405676073374       -39.483473927193813     
  -31.640099610404906       -52.063355429380309       -39.514009006348630     
  -31.381616923456097       -52.034568576467734       -39.543205768046576     
  -31.135438944952391       -52.007071064970638       -39.571043342061515     
  -30.901585963150612       -51.980882673239428       -39.597507532409480     
  -30.680045517804391       -51.956017374687057       -39.622590650771805     
  -30.470772414664655       -51.932483303489185       -39.646291017686536     
  -30.273688822165933       -51.910282861667724       -39.668612547440496     
  -30.088684449239413       -51.889412975009257       -39.689564417837843     
  -29.915616806473277       -51.869865419987896       -39.709160789389635     
  -29.754311561084251       -51.851627052711478       -39.727420468839469     
  -29.604562982934159       -51.834679972263757       -39.744366547371897     
  -29.466134471332722       -51.819001767104375       -39.760026130865917     
  -29.338759166743380       -51.804565754951263       -39.774430095705867     
  -29.222140646119012       -51.791341210157235       -39.787612866088082     
  -29.115953699152964       -51.779293589041252       -39.799612220033346     
  -29.019845184855395       -51.768384733576497       -39.810469106934399     
  -28.933434967337046       -51.758573037665734       -39.820227460967629     
  -28.856316923907038       -51.749813630764258       -39.828934047894002     
  -28.788060024325535       -51.742058558016460       -39.836638323874993     
  -28.728209776504901       -51.734817214742087       -39.843058334596378     
  -28.676288224030184       -51.728948293818284       -39.848941280313127     
  -28.631797060541672       -51.723945505524419       -39.854002134915390     
  -28.594217740398996       -51.719738787527191       -39.858291019228155     
  -28.563013160093035       -51.716258807407584       -39.861862284498706     
  -28.537629095096793       -51.713436730352456       -39.864774054316854     
  -28.517495683442370       -51.711204004006163       -39.867087769759031     
  -28.502028952117548       -51.709492166462326       -39.868867742807055     
  -28.490632382271926       -51.708232682834300       -39.870180722967703     
  -28.482698509118659       -51.707356815299931       -39.871095481748647     
  -28.477610552318364       -51.706795530953023       -39.871682419267238     
  -28.474744072539256       -51.706479451195115       -39.872013196821250     
  -28.473468649804087       -51.706338845764236       -39.872160398752229     
  -22.377149579162140       -51.034267111376906       -40.575762360921928     
  -20.853149579162139       -50.866257971543867       -40.751653645141360     
  -19.329149579162141       -50.698248831710828       -40.927544929360792     
  -17.805149579162141       -50.530239691877789       -41.103436213580224     
